3 4;42;39;92
0 4;36;122;42
1 3;24;140;55
3 4;42;1;125
3 4;42;13;125
0 3;50;74;99
0 4;36;49;32
0 4;36;122;102
3 4;42;45;92
0 3;50;76;78
3 4;42;39;90
0 3;50;40;25
3 5;42;121;44
2 4;42;129;102
0 3;24;122;73
3 4;42;1;92
1 4;36;142;130
0 3;50;131;78
3 5;42;1;68
0 4;36;131;130
3 4;42;20;89
0 3;50;122;78
0 3;50;59;113
0 4;36;49;130
3 5;42;1;47
0 3;24;74;2
0 3;50;30;73
3 5;42;13;44
3 4;42;17;91
0 4;36;76;42
3 4;42;127;139
3 4;42;127;125
3 4;42;57;92
1 5;36;94;53
3 4;42;13;32
0 3;24;36;113
3 4;42;1;90
3 4;42;57;92
3 5;42;127;47
0 3;50;122;78
3 4;42;57;92
0 4;36;76;123
1 3;24;140;55
3 4;42;81;92
3 5;42;1;47
0 3;24;74;78
0 5;36;76;71
3 4;42;6;92
3 4;42;20;63
3 5;42;6;123
0 4;36;134;123
