indexLine	algoIter	time	best obj	current obj	T	probdelta1	nb uses 1	nb uses 2	nb uses 3	nb uses 4	nb uses 5	nb uses 6	nb uses 7	nb uses 8	nb uses 9	score 1	score 2	score 3	score 4	score 5	score 6	score 7	score 8	score 9	duration 1	duration 2	duration 3	duration 4	duration 5	duration 6	duration 7	duration 8	duration 9	avgDuration 1	avgDuration 2	avgDuration 3	avgDuration 4	avgDuration 5	avgDuration 6	avgDuration 7	avgDuration 8	avgDuration 9	sigmas1 1	sigmas1 2	sigmas1 3	sigmas1 4	sigmas1 5	sigmas1 6	sigmas1 7	sigmas1 8	sigmas1 9	sigmas2 1	sigmas2 2	sigmas2 3	sigmas2 4	sigmas2 5	sigmas2 6	sigmas2 7	sigmas2 8	sigmas2 9	sigmas3 1	sigmas3 2	sigmas3 3	sigmas3 4	sigmas3 5	sigmas3 6	sigmas3 7	sigmas3 8	sigmas3 9	sigmas4 1	sigmas4 2	sigmas4 3	sigmas4 4	sigmas4 5	sigmas4 6	sigmas4 7	sigmas4 8	sigmas4 9	sigmas5 1	sigmas5 2	sigmas5 3	sigmas5 4	sigmas5 5	sigmas5 6	sigmas5 7	sigmas5 8	sigmas5 9	sigmas6 1	sigmas6 2	sigmas6 3	sigmas6 4	sigmas6 5	sigmas6 6	sigmas6 7	sigmas6 8	sigmas6 9	weight 1	weight 2	weight 3	weight 4	weight 5	weight 6	weight 7	weight 8	weight 9	proba 1	proba 2	proba 3	proba 4	proba 5	proba 6	proba 7	proba 8	proba 9	
1	1	66.660776165	15400.779	15400.779	100.0	0.99005	0	0	0	0	0	0	0	0	0	0.0	0.0	0.0	0.0	0.0	0.0	0.0	0.0	0.0	0.0	0.0	0.0	0.0	0.0	0.0	0.0	0.0	0.0	0.0	0.0	0.0	0.0	0.0	0.0	0.0	0.0	0.0	0	0	0	0	0	0	0	0	0	0	0	0	0	0	0	0	0	0	0	0	0	0	0	0	0	0	0	0	0	0	0	0	0	0	0	0	0	0	0	0	0	0	0	0	0	0	0	0	0	0	0	0	0	0	0.0	0.0	0.0	0.0	0.0	0.0	0.0	0.0	0.0	0.0	0.0	0.0	0.0	0.0	0.0	0.0	0.0	0.0	
2	2	247.462022589	14644.559	14644.559	100.0	0.99005	0	0	0	0	0	0	0	0	0	0.0	0.0	0.0	0.0	1.0	0.0	0.0	0.0	0.0	0.0	0.0	0.0	0.0	0.0	0.0	0.0	0.0	0.0	0.0	0.0	0.0	0.0	180.801	0.0	0.0	0.0	0.0	0	0	0	0	0	0	0	0	0	0	0	0	0	0	0	0	0	0	0	0	0	0	0	0	0	0	0	0	0	0	0	0	0	0	0	0	0	0	0	0	0	0	0	0	0	0	0	0	0	0	0	0	0	0	0.0	0.0	0.0	0.0	3.1e-5	0.0	0.0	0.0	0.0	0.0	0.0	0.0	0.0	0.0	0.0	0.0	0.0	0.0	
3	3	266.271996796	14641.059	14641.059	100.0	0.99005	0	0	0	0	1	0	0	0	0	0.0	0.0	0.0	0.0	1.0	0.0	0.0	0.0	0.0	0.0	0.0	0.0	0.0	18.8099	0.0	0.0	0.0	0.0	0.0	0.0	0.0	0.0	18.8099	0.0	0.0	0.0	0.0	0	0	0	0	1	0	0	0	0	0	0	0	0	0	0	0	0	0	0	0	0	0	0	0	0	0	0	0	0	0	0	0	0	0	0	0	0	0	0	0	0	0	0	0	0	0	0	0	0	0	0	0	0	0	0.0	0.0	0.0	0.0	0.002826	0.0	0.0	0.0	0.0	0.0	0.0	0.0	0.0	1.0	0.0	0.0	0.0	0.0	
4	4	280.573287635	14641.059	14641.059	59.7763	0.98341	0	0	0	0	2	0	0	0	0	0.0	0.0	0.0	0.0	0.9	0.0	0.0	0.0	0.0	0.0	0.0	0.0	0.0	33.1112	0.0	0.0	0.0	0.0	0.0	0.0	0.0	0.0	16.5556	0.0	0.0	0.0	0.0	0	0	0	0	1	0	0	0	0	0	0	0	0	0	0	0	0	0	0	0	0	0	1	0	0	0	0	0	0	0	0	0	0	0	0	0	0	0	0	0	0	0	0	0	0	0	0	0	0	0	0	0	0	0	0.0	0.0	0.0	0.0	0.003284	0.0	0.0	0.0	0.0	0.0	0.0	0.0	0.0	1.0	0.0	0.0	0.0	0.0	
5	5	311.66421143	13535.706	13535.706	58.1469	0.982949	0	0	0	0	3	0	0	0	0	0.0	0.0	0.0	0.0	0.91	0.0	0.0	0.0	0.0	0.0	0.0	0.0	0.0	64.2021	0.0	0.0	0.0	0.0	0.0	0.0	0.0	0.0	21.4007	0.0	0.0	0.0	0.0	0	0	0	0	2	0	0	0	0	0	0	0	0	0	0	0	0	0	0	0	0	0	1	0	0	0	0	0	0	0	0	0	0	0	0	0	0	0	0	0	0	0	0	0	0	0	0	0	0	0	0	0	0	0	0.0	0.0	0.0	0.0	0.001987	0.0	0.0	0.0	0.0	0.0	0.0	0.0	0.0	1.0	0.0	0.0	0.0	0.0	
6	6	326.022918545	13535.706	13535.706	54.7562	0.981903	0	0	0	0	4	0	0	0	0	0.0	0.0	0.0	0.0	0.819	0.0	0.0	0.0	0.0	0.0	0.0	0.0	0.0	78.5608	0.0	0.0	0.0	0.0	0.0	0.0	0.0	0.0	19.6402	0.0	0.0	0.0	0.0	0	0	0	0	2	0	0	0	0	0	0	0	0	0	0	0	0	0	0	0	0	0	2	0	0	0	0	0	0	0	0	0	0	0	0	0	0	0	0	0	0	0	0	0	0	0	0	0	0	0	0	0	0	0	0.0	0.0	0.0	0.0	0.002123	0.0	0.0	0.0	0.0	0.0	0.0	0.0	0.0	1.0	0.0	0.0	0.0	0.0	
7	7	360.52357002	13266.75	13266.75	53.2577	0.981399	0	0	0	0	5	0	0	0	0	0.0	0.0	0.0	0.0	0.8371	0.0	0.0	0.0	0.0	0.0	0.0	0.0	0.0	113.061	0.0	0.0	0.0	0.0	0.0	0.0	0.0	0.0	22.6123	0.0	0.0	0.0	0.0	0	0	0	0	3	0	0	0	0	0	0	0	0	0	0	0	0	0	0	0	0	0	2	0	0	0	0	0	0	0	0	0	0	0	0	0	0	0	0	0	0	0	0	0	0	0	0	0	0	0	0	0	0	0	0.0	0.0	0.0	0.0	0.001637	0.0	0.0	0.0	0.0	0.0	0.0	0.0	0.0	1.0	0.0	0.0	0.0	0.0	
8	8	375.21942287	13266.75	13266.75	49.8228	0.980129	0	0	0	0	6	0	0	0	0	0.0	0.0	0.0	0.0	0.75339	0.0	0.0	0.0	0.0	0.0	0.0	0.0	0.0	127.757	0.0	0.0	0.0	0.0	0.0	0.0	0.0	0.0	21.2929	0.0	0.0	0.0	0.0	0	0	0	0	3	0	0	0	0	0	0	0	0	0	0	0	0	0	0	0	0	0	3	0	0	0	0	0	0	0	0	0	0	0	0	0	0	0	0	0	0	0	0	0	0	0	0	0	0	0	0	0	0	0	0.0	0.0	0.0	0.0	0.001662	0.0	0.0	0.0	0.0	0.0	0.0	0.0	0.0	1.0	0.0	0.0	0.0	0.0	
9	9	391.998118206	13173.441	13173.441	48.4277	0.979562	0	0	0	0	7	0	0	0	0	0.0	0.0	0.0	0.0	0.778051	0.0	0.0	0.0	0.0	0.0	0.0	0.0	0.0	144.536	0.0	0.0	0.0	0.0	0.0	0.0	0.0	0.0	20.648	0.0	0.0	0.0	0.0	0	0	0	0	4	0	0	0	0	0	0	0	0	0	0	0	0	0	0	0	0	0	3	0	0	0	0	0	0	0	0	0	0	0	0	0	0	0	0	0	0	0	0	0	0	0	0	0	0	0	0	0	0	0	0.0	0.0	0.0	0.0	0.001825	0.0	0.0	0.0	0.0	0.0	0.0	0.0	0.0	1.0	0.0	0.0	0.0	0.0	
10	10	421.689963851	12486.691	12486.691	46.8827	0.978896	0	0	0	0	8	0	0	0	0	0.0	0.0	0.0	0.0	0.800246	0.0	0.0	0.0	0.0	0.0	0.0	0.0	0.0	174.228	0.0	0.0	0.0	0.0	0.0	0.0	0.0	0.0	21.7785	0.0	0.0	0.0	0.0	0	0	0	0	5	0	0	0	0	0	0	0	0	0	0	0	0	0	0	0	0	0	3	0	0	0	0	0	0	0	0	0	0	0	0	0	0	0	0	0	0	0	0	0	0	0	0	0	0	0	0	0	0	0	0.0	0.0	0.0	0.0	0.001687	0.0	0.0	0.0	0.0	0.0	0.0	0.0	0.0	1.0	0.0	0.0	0.0	0.0	
11	11	436.297154498	12486.691	12486.691	44.2684	0.977664	0	0	0	0	9	0	0	0	0	0.0	0.0	0.0	0.0	0.720221	0.0	0.0	0.0	0.0	0.0	0.0	0.0	0.0	188.835	0.0	0.0	0.0	0.0	0.0	0.0	0.0	0.0	20.9817	0.0	0.0	0.0	0.0	0	0	0	0	5	0	0	0	0	0	0	0	0	0	0	0	0	0	0	0	0	0	4	0	0	0	0	0	0	0	0	0	0	0	0	0	0	0	0	0	0	0	0	0	0	0	0	0	0	0	0	0	0	0	0.0	0.0	0.0	0.0	0.001636	0.0	0.0	0.0	0.0	0.0	0.0	0.0	0.0	1.0	0.0	0.0	0.0	0.0	
12	12	450.759734779	12486.691	12486.691	43.0362	0.977032	0	0	0	0	10	0	0	0	0	0.0	0.0	0.0	0.0	0.648199	0.0	0.0	0.0	0.0	0.0	0.0	0.0	0.0	203.297	0.0	0.0	0.0	0.0	0.0	0.0	0.0	0.0	20.3297	0.0	0.0	0.0	0.0	0	0	0	0	5	0	0	0	0	0	0	0	0	0	0	0	0	0	0	0	0	0	5	0	0	0	0	0	0	0	0	0	0	0	0	0	0	0	0	0	0	0	0	0	0	0	0	0	0	0	0	0	0	0	0.0	0.0	0.0	0.0	0.001568	0.0	0.0	0.0	0.0	0.0	0.0	0.0	0.0	1.0	0.0	0.0	0.0	0.0	
13	13	467.127153677	12486.691	12486.691	41.8501	0.976388	0	0	0	0	11	0	0	0	0	0.0	0.0	0.0	0.0	0.583379	0.0	0.0	0.0	0.0	0.0	0.0	0.0	0.0	219.665	0.0	0.0	0.0	0.0	0.0	0.0	0.0	0.0	19.9695	0.0	0.0	0.0	0.0	0	0	0	0	5	0	0	0	0	0	0	0	0	0	0	0	0	0	0	0	0	0	6	0	0	0	0	0	0	0	0	0	0	0	0	0	0	0	0	0	0	0	0	0	0	0	0	0	0	0	0	0	0	0	0.0	0.0	0.0	0.0	0.001463	0.0	0.0	0.0	0.0	0.0	0.0	0.0	0.0	1.0	0.0	0.0	0.0	0.0	
14	14	482.319529773	12486.691	12486.691	40.5471	0.975639	0	0	0	0	12	0	0	0	0	0.0	0.0	0.0	0.0	0.525041	0.0	0.0	0.0	0.0	0.0	0.0	0.0	0.0	234.857	0.0	0.0	0.0	0.0	0.0	0.0	0.0	0.0	19.5714	0.0	0.0	0.0	0.0	0	0	0	0	5	0	0	0	0	0	0	0	0	0	0	0	0	0	0	0	0	0	7	0	0	0	0	0	0	0	0	0	0	0	0	0	0	0	0	0	0	0	0	0	0	0	0	0	0	0	0	0	0	0	0.0	0.0	0.0	0.0	0.001371	0.0	0.0	0.0	0.0	0.0	0.0	0.0	0.0	1.0	0.0	0.0	0.0	0.0	
15	15	501.050984915	12371.176	12371.176	39.374	0.974922	0	0	0	0	13	0	0	0	0	0.0	0.0	0.0	0.0	0.572537	0.0	0.0	0.0	0.0	0.0	0.0	0.0	0.0	253.589	0.0	0.0	0.0	0.0	0.0	0.0	0.0	0.0	19.5068	0.0	0.0	0.0	0.0	0	0	0	0	6	0	0	0	0	0	0	0	0	0	0	0	0	0	0	0	0	0	7	0	0	0	0	0	0	0	0	0	0	0	0	0	0	0	0	0	0	0	0	0	0	0	0	0	0	0	0	0	0	0	0.0	0.0	0.0	0.0	0.001505	0.0	0.0	0.0	0.0	0.0	0.0	0.0	0.0	1.0	0.0	0.0	0.0	0.0	
16	16	515.487321082	12371.176	12371.176	37.9742	0.97401	0	0	0	0	14	0	0	0	0	0.0	0.0	0.0	0.0	0.515283	0.0	0.0	0.0	0.0	0.0	0.0	0.0	0.0	268.025	0.0	0.0	0.0	0.0	0.0	0.0	0.0	0.0	19.1446	0.0	0.0	0.0	0.0	0	0	0	0	6	0	0	0	0	0	0	0	0	0	0	0	0	0	0	0	0	0	8	0	0	0	0	0	0	0	0	0	0	0	0	0	0	0	0	0	0	0	0	0	0	0	0	0	0	0	0	0	0	0	0.0	0.0	0.0	0.0	0.001406	0.0	0.0	0.0	0.0	0.0	0.0	0.0	0.0	1.0	0.0	0.0	0.0	0.0	
17	17	529.816430366	12371.176	12371.176	36.9295	0.973285	0	0	0	0	15	0	0	0	0	0.0	0.0	0.0	0.0	0.463755	0.0	0.0	0.0	0.0	0.0	0.0	0.0	0.0	282.354	0.0	0.0	0.0	0.0	0.0	0.0	0.0	0.0	18.8236	0.0	0.0	0.0	0.0	0	0	0	0	6	0	0	0	0	0	0	0	0	0	0	0	0	0	0	0	0	0	9	0	0	0	0	0	0	0	0	0	0	0	0	0	0	0	0	0	0	0	0	0	0	0	0	0	0	0	0	0	0	0	0.0	0.0	0.0	0.0	0.001309	0.0	0.0	0.0	0.0	0.0	0.0	0.0	0.0	1.0	0.0	0.0	0.0	0.0	
18	18	544.218423197	12371.176	12371.176	35.9209	0.972545	0	0	0	0	16	0	0	0	0	0.0	0.0	0.0	0.0	0.41738	0.0	0.0	0.0	0.0	0.0	0.0	0.0	0.0	296.756	0.0	0.0	0.0	0.0	0.0	0.0	0.0	0.0	18.5473	0.0	0.0	0.0	0.0	0	0	0	0	6	0	0	0	0	0	0	0	0	0	0	0	0	0	0	0	0	0	10	0	0	0	0	0	0	0	0	0	0	0	0	0	0	0	0	0	0	0	0	0	0	0	0	0	0	0	0	0	0	0	0.0	0.0	0.0	0.0	0.001213	0.0	0.0	0.0	0.0	0.0	0.0	0.0	0.0	1.0	0.0	0.0	0.0	0.0	
19	19	562.365329582	12297.676	12297.676	34.935	0.971781	0	0	0	0	17	0	0	0	0	0.0	0.0	0.0	0.0	0.475642	0.0	0.0	0.0	0.0	0.0	0.0	0.0	0.0	314.903	0.0	0.0	0.0	0.0	0.0	0.0	0.0	0.0	18.5237	0.0	0.0	0.0	0.0	0	0	0	0	7	0	0	0	0	0	0	0	0	0	0	0	0	0	0	0	0	0	10	0	0	0	0	0	0	0	0	0	0	0	0	0	0	0	0	0	0	0	0	0	0	0	0	0	0	0	0	0	0	0	0.0	0.0	0.0	0.0	0.001386	0.0	0.0	0.0	0.0	0.0	0.0	0.0	0.0	1.0	0.0	0.0	0.0	0.0	
20	20	593.953320581	12034.118	12034.118	33.7311	0.970789	0	0	0	0	18	0	0	0	0	0.0	0.0	0.0	0.0	0.528077	0.0	0.0	0.0	0.0	0.0	0.0	0.0	0.0	346.491	0.0	0.0	0.0	0.0	0.0	0.0	0.0	0.0	19.2495	0.0	0.0	0.0	0.0	0	0	0	0	8	0	0	0	0	0	0	0	0	0	0	0	0	0	0	0	0	0	10	0	0	0	0	0	0	0	0	0	0	0	0	0	0	0	0	0	0	0	0	0	0	0	0	0	0	0	0	0	0	0	0.0	0.0	0.0	0.0	0.001425	0.0	0.0	0.0	0.0	0.0	0.0	0.0	0.0	1.0	0.0	0.0	0.0	0.0	
21	21	655.874860953	11896.618	11896.618	31.7337	0.968979	0	0	0	0	19	0	0	0	0	0.0	0.0	0.0	0.0	0.57527	0.0	0.0	0.0	0.0	0.0	0.0	0.0	0.0	408.412	0.0	0.0	0.0	0.0	0.0	0.0	0.0	0.0	21.4954	0.0	0.0	0.0	0.0	0	0	0	0	9	0	0	0	0	0	0	0	0	0	0	0	0	0	0	0	0	0	10	0	0	0	0	0	0	0	0	0	0	0	0	0	0	0	0	0	0	0	0	0	0	0	0	0	0	0	0	0	0	0	0.0	0.0	0.0	0.0	0.001245	0.0	0.0	0.0	0.0	0.0	0.0	0.0	0.0	1.0	0.0	0.0	0.0	0.0	
22	22	670.23934318	11896.618	11896.618	28.1548	0.965105	0	0	0	0	20	0	0	0	0	0.0	0.0	0.0	0.0	0.517743	0.0	0.0	0.0	0.0	0.0	0.0	0.0	0.0	422.777	0.0	0.0	0.0	0.0	0.0	0.0	0.0	0.0	21.1388	0.0	0.0	0.0	0.0	0	0	0	0	9	0	0	0	0	0	0	0	0	0	0	0	0	0	0	0	0	0	11	0	0	0	0	0	0	0	0	0	0	0	0	0	0	0	0	0	0	0	0	0	0	0	0	0	0	0	0	0	0	0	0.0	0.0	0.0	0.0	0.001159	0.0	0.0	0.0	0.0	0.0	0.0	0.0	0.0	1.0	0.0	0.0	0.0	0.0	
23	23	696.180452193	11896.618	11896.618	27.384	0.964141	0	0	0	0	21	0	0	0	0	0.0	0.0	0.0	0.0	0.465968	0.0	0.0	0.0	0.0	0.0	0.0	0.0	0.0	448.718	0.0	0.0	0.0	0.0	0.0	0.0	0.0	0.0	21.3675	0.0	0.0	0.0	0.0	0	0	0	0	9	0	0	0	0	0	0	0	0	0	0	0	0	0	0	0	0	0	12	0	0	0	0	0	0	0	0	0	0	0	0	0	0	0	0	0	0	0	0	0	0	0	0	0	0	0	0	0	0	0	0.0	0.0	0.0	0.0	0.001021	0.0	0.0	0.0	0.0	0.0	0.0	0.0	0.0	1.0	0.0	0.0	0.0	0.0	
24	24	728.986012633	11660.941	11660.941	26.0451	0.962333	0	0	0	0	22	0	0	0	0	0.0	0.0	0.0	0.0	0.519372	0.0	0.0	0.0	0.0	0.0	0.0	0.0	0.0	481.523	0.0	0.0	0.0	0.0	0.0	0.0	0.0	0.0	21.8874	0.0	0.0	0.0	0.0	0	0	0	0	10	0	0	0	0	0	0	0	0	0	0	0	0	0	0	0	0	0	12	0	0	0	0	0	0	0	0	0	0	0	0	0	0	0	0	0	0	0	0	0	0	0	0	0	0	0	0	0	0	0	0.0	0.0	0.0	0.0	0.001084	0.0	0.0	0.0	0.0	0.0	0.0	0.0	0.0	1.0	0.0	0.0	0.0	0.0	
25	25	745.63261409	11642.941	11642.941	24.4452	0.959918	0	0	0	0	23	0	0	0	0	0.0	0.0	0.0	0.0	0.567434	0.0	0.0	0.0	0.0	0.0	0.0	0.0	0.0	498.17	0.0	0.0	0.0	0.0	0.0	0.0	0.0	0.0	21.6596	0.0	0.0	0.0	0.0	0	0	0	0	11	0	0	0	0	0	0	0	0	0	0	0	0	0	0	0	0	0	12	0	0	0	0	0	0	0	0	0	0	0	0	0	0	0	0	0	0	0	0	0	0	0	0	0	0	0	0	0	0	0	0.0	0.0	0.0	0.0	0.00121	0.0	0.0	0.0	0.0	0.0	0.0	0.0	0.0	1.0	0.0	0.0	0.0	0.0	
26	26	760.042991002	11642.941	11642.941	23.6713	0.958635	0	0	0	0	24	0	0	0	0	0.0	0.0	0.0	0.0	0.510691	0.0	0.0	0.0	0.0	0.0	0.0	0.0	0.0	512.58	0.0	0.0	0.0	0.0	0.0	0.0	0.0	0.0	21.3575	0.0	0.0	0.0	0.0	0	0	0	0	11	0	0	0	0	0	0	0	0	0	0	0	0	0	0	0	0	0	13	0	0	0	0	0	0	0	0	0	0	0	0	0	0	0	0	0	0	0	0	0	0	0	0	0	0	0	0	0	0	0	0.0	0.0	0.0	0.0	0.00112	0.0	0.0	0.0	0.0	0.0	0.0	0.0	0.0	1.0	0.0	0.0	0.0	0.0	
27	27	789.554173544	11630.412	11630.412	23.0212	0.957492	0	0	0	0	25	0	0	0	0	0.0	0.0	0.0	0.0	0.559622	0.0	0.0	0.0	0.0	0.0	0.0	0.0	0.0	542.092	0.0	0.0	0.0	0.0	0.0	0.0	0.0	0.0	21.6837	0.0	0.0	0.0	0.0	0	0	0	0	12	0	0	0	0	0	0	0	0	0	0	0	0	0	0	0	0	0	13	0	0	0	0	0	0	0	0	0	0	0	0	0	0	0	0	0	0	0	0	0	0	0	0	0	0	0	0	0	0	0	0.0	0.0	0.0	0.0	0.00119	0.0	0.0	0.0	0.0	0.0	0.0	0.0	0.0	1.0	0.0	0.0	0.0	0.0	
28	28	803.937100329	11630.412	11630.412	21.7451	0.955054	0	0	0	0	26	0	0	0	0	0.0	0.0	0.0	0.0	0.50366	0.0	0.0	0.0	0.0	0.0	0.0	0.0	0.0	556.474	0.0	0.0	0.0	0.0	0.0	0.0	0.0	0.0	21.4029	0.0	0.0	0.0	0.0	0	0	0	0	12	0	0	0	0	0	0	0	0	0	0	0	0	0	0	0	0	0	14	0	0	0	0	0	0	0	0	0	0	0	0	0	0	0	0	0	0	0	0	0	0	0	0	0	0	0	0	0	0	0	0.0	0.0	0.0	0.0	0.0011	0.0	0.0	0.0	0.0	0.0	0.0	0.0	0.0	1.0	0.0	0.0	0.0	0.0	
29	29	827.82895438	11521.926	11521.926	21.149	0.953817	0	0	0	0	27	0	0	0	0	0.0	0.0	0.0	0.0	0.553294	0.0	0.0	0.0	0.0	0.0	0.0	0.0	0.0	580.366	0.0	0.0	0.0	0.0	0.0	0.0	0.0	0.0	21.495	0.0	0.0	0.0	0.0	0	0	0	0	13	0	0	0	0	0	0	0	0	0	0	0	0	0	0	0	0	0	14	0	0	0	0	0	0	0	0	0	0	0	0	0	0	0	0	0	0	0	0	0	0	0	0	0	0	0	0	0	0	0	0.0	0.0	0.0	0.0	0.001198	0.0	0.0	0.0	0.0	0.0	0.0	0.0	0.0	1.0	0.0	0.0	0.0	0.0	
30	30	844.701713257	11516.426	11516.426	20.1947	0.951688	0	0	0	0	28	0	0	0	0	0.0	0.0	0.0	0.0	0.597964	0.0	0.0	0.0	0.0	0.0	0.0	0.0	0.0	597.239	0.0	0.0	0.0	0.0	0.0	0.0	0.0	0.0	21.33	0.0	0.0	0.0	0.0	0	0	0	0	14	0	0	0	0	0	0	0	0	0	0	0	0	0	0	0	0	0	14	0	0	0	0	0	0	0	0	0	0	0	0	0	0	0	0	0	0	0	0	0	0	0	0	0	0	0	0	0	0	0	0.0	0.0	0.0	0.0	0.001314	0.0	0.0	0.0	0.0	0.0	0.0	0.0	0.0	1.0	0.0	0.0	0.0	0.0	
31	31	865.10684735	11485.985	11485.985	19.5469	0.950128	0	0	0	0	29	0	0	0	0	0.0	0.0	0.0	0.0	0.638168	0.0	0.0	0.0	0.0	0.0	0.0	0.0	0.0	617.644	0.0	0.0	0.0	0.0	0.0	0.0	0.0	0.0	21.2981	0.0	0.0	0.0	0.0	0	0	0	0	15	0	0	0	0	0	0	0	0	0	0	0	0	0	0	0	0	0	14	0	0	0	0	0	0	0	0	0	0	0	0	0	0	0	0	0	0	0	0	0	0	0	0	0	0	0	0	0	0	0	0.0	0.0	0.0	0.0	0.001407	0.0	0.0	0.0	0.0	0.0	0.0	0.0	0.0	1.0	0.0	0.0	0.0	0.0	
32	32	880.052093844	11485.985	11485.985	18.7911	0.948175	0	0	0	0	30	0	0	0	0	0.0	0.0	0.0	0.0	0.574351	0.0	0.0	0.0	0.0	0.0	0.0	0.0	0.0	632.589	0.0	0.0	0.0	0.0	0.0	0.0	0.0	0.0	21.0863	0.0	0.0	0.0	0.0	0	0	0	0	15	0	0	0	0	0	0	0	0	0	0	0	0	0	0	0	0	0	15	0	0	0	0	0	0	0	0	0	0	0	0	0	0	0	0	0	0	0	0	0	0	0	0	0	0	0	0	0	0	0	0.0	0.0	0.0	0.0	0.001292	0.0	0.0	0.0	0.0	0.0	0.0	0.0	0.0	1.0	0.0	0.0	0.0	0.0	
33	33	899.10603903	11223.147	11223.147	18.2562	0.946697	0	0	0	0	31	0	0	0	0	0.0	0.0	0.0	0.0	0.616916	0.0	0.0	0.0	0.0	0.0	0.0	0.0	0.0	651.643	0.0	0.0	0.0	0.0	0.0	0.0	0.0	0.0	21.0208	0.0	0.0	0.0	0.0	0	0	0	0	16	0	0	0	0	0	0	0	0	0	0	0	0	0	0	0	0	0	15	0	0	0	0	0	0	0	0	0	0	0	0	0	0	0	0	0	0	0	0	0	0	0	0	0	0	0	0	0	0	0	0.0	0.0	0.0	0.0	0.001396	0.0	0.0	0.0	0.0	0.0	0.0	0.0	0.0	1.0	0.0	0.0	0.0	0.0	
34	34	945.826789929	11202.868	11202.868	17.5962	0.944754	0	0	0	0	32	0	0	0	0	0.0	0.0	0.0	0.0	0.655224	0.0	0.0	0.0	0.0	0.0	0.0	0.0	0.0	698.364	0.0	0.0	0.0	0.0	0.0	0.0	0.0	0.0	21.8239	0.0	0.0	0.0	0.0	0	0	0	0	17	0	0	0	0	0	0	0	0	0	0	0	0	0	0	0	0	0	15	0	0	0	0	0	0	0	0	0	0	0	0	0	0	0	0	0	0	0	0	0	0	0	0	0	0	0	0	0	0	0	0.0	0.0	0.0	0.0	0.001376	0.0	0.0	0.0	0.0	0.0	0.0	0.0	0.0	1.0	0.0	0.0	0.0	0.0	
35	35	960.364709869	11202.868	11202.868	16.0771	0.939695	0	0	0	0	33	0	0	0	0	0.0	0.0	0.0	0.0	0.589702	0.0	0.0	0.0	0.0	0.0	0.0	0.0	0.0	712.902	0.0	0.0	0.0	0.0	0.0	0.0	0.0	0.0	21.6031	0.0	0.0	0.0	0.0	0	0	0	0	17	0	0	0	0	0	0	0	0	0	0	0	0	0	0	0	0	0	16	0	0	0	0	0	0	0	0	0	0	0	0	0	0	0	0	0	0	0	0	0	0	0	0	0	0	0	0	0	0	0	0.0	0.0	0.0	0.0	0.001264	0.0	0.0	0.0	0.0	0.0	0.0	0.0	0.0	1.0	0.0	0.0	0.0	0.0	
36	36	1010.180177301	11140.074	11140.074	15.6317	0.938031	0	0	0	0	34	0	0	0	0	0.0	0.0	0.0	0.0	0.630732	0.0	0.0	0.0	0.0	0.0	0.0	0.0	0.0	762.717	0.0	0.0	0.0	0.0	0.0	0.0	0.0	0.0	22.4329	0.0	0.0	0.0	0.0	0	0	0	0	18	0	0	0	0	0	0	0	0	0	0	0	0	0	0	0	0	0	16	0	0	0	0	0	0	0	0	0	0	0	0	0	0	0	0	0	0	0	0	0	0	0	0	0	0	0	0	0	0	0	0.0	0.0	0.0	0.0	0.001253	0.0	0.0	0.0	0.0	0.0	0.0	0.0	0.0	1.0	0.0	0.0	0.0	0.0	
37	37	1061.398863553	11104.103	11104.103	14.1971	0.931986	0	0	0	0	35	0	0	0	0	0.0	0.0	0.0	0.0	0.667659	0.0	0.0	0.0	0.0	0.0	0.0	0.0	0.0	813.936	0.0	0.0	0.0	0.0	0.0	0.0	0.0	0.0	23.2553	0.0	0.0	0.0	0.0	0	0	0	0	19	0	0	0	0	0	0	0	0	0	0	0	0	0	0	0	0	0	16	0	0	0	0	0	0	0	0	0	0	0	0	0	0	0	0	0	0	0	0	0	0	0	0	0	0	0	0	0	0	0	0.0	0.0	0.0	0.0	0.001235	0.0	0.0	0.0	0.0	0.0	0.0	0.0	0.0	1.0	0.0	0.0	0.0	0.0	
38	38	1090.359000768	11081.603	11081.603	12.8592	0.925181	0	0	0	0	36	0	0	0	0	0.0	0.0	0.0	0.0	0.700893	0.0	0.0	0.0	0.0	0.0	0.0	0.0	0.0	842.896	0.0	0.0	0.0	0.0	0.0	0.0	0.0	0.0	23.4138	0.0	0.0	0.0	0.0	0	0	0	0	20	0	0	0	0	0	0	0	0	0	0	0	0	0	0	0	0	0	16	0	0	0	0	0	0	0	0	0	0	0	0	0	0	0	0	0	0	0	0	0	0	0	0	0	0	0	0	0	0	0	0.0	0.0	0.0	0.0	0.001279	0.0	0.0	0.0	0.0	0.0	0.0	0.0	0.0	1.0	0.0	0.0	0.0	0.0	
39	39	1117.243431177	11075.103	11075.103	12.1593	0.921049	0	0	0	0	37	0	0	0	0	0.0	0.0	0.0	0.0	0.730803	0.0	0.0	0.0	0.0	0.0	0.0	0.0	0.0	869.781	0.0	0.0	0.0	0.0	0.0	0.0	0.0	0.0	23.5076	0.0	0.0	0.0	0.0	0	0	0	0	21	0	0	0	0	0	0	0	0	0	0	0	0	0	0	0	0	0	16	0	0	0	0	0	0	0	0	0	0	0	0	0	0	0	0	0	0	0	0	0	0	0	0	0	0	0	0	0	0	0	0.0	0.0	0.0	0.0	0.001322	0.0	0.0	0.0	0.0	0.0	0.0	0.0	0.0	1.0	0.0	0.0	0.0	0.0	
40	40	1212.561302661	10939.353	10939.353	11.5437	0.917019	0	0	0	0	38	0	0	0	0	0.0	0.0	0.0	0.0	0.757723	0.0	0.0	0.0	0.0	0.0	0.0	0.0	0.0	965.098	0.0	0.0	0.0	0.0	0.0	0.0	0.0	0.0	25.3973	0.0	0.0	0.0	0.0	0	0	0	0	22	0	0	0	0	0	0	0	0	0	0	0	0	0	0	0	0	0	16	0	0	0	0	0	0	0	0	0	0	0	0	0	0	0	0	0	0	0	0	0	0	0	0	0	0	0	0	0	0	0	0.0	0.0	0.0	0.0	0.001175	0.0	0.0	0.0	0.0	0.0	0.0	0.0	0.0	1.0	0.0	0.0	0.0	0.0	
41	41	1227.167964884	10939.353	10939.353	9.60171	0.901092	0	0	0	0	39	0	0	0	0	0.0	0.0	0.0	0.0	0.681951	0.0	0.0	0.0	0.0	0.0	0.0	0.0	0.0	979.705	0.0	0.0	0.0	0.0	0.0	0.0	0.0	0.0	25.1206	0.0	0.0	0.0	0.0	0	0	0	0	22	0	0	0	0	0	0	0	0	0	0	0	0	0	0	0	0	0	17	0	0	0	0	0	0	0	0	0	0	0	0	0	0	0	0	0	0	0	0	0	0	0	0	0	0	0	0	0	0	0	0.0	0.0	0.0	0.0	0.001081	0.0	0.0	0.0	0.0	0.0	0.0	0.0	0.0	1.0	0.0	0.0	0.0	0.0	
42	42	1254.509091502	10939.353	10939.353	9.33448	0.898409	0	0	0	0	40	0	0	0	0	0.0	0.0	0.0	0.0	0.613756	0.0	0.0	0.0	0.0	0.0	0.0	0.0	0.0	1007.05	0.0	0.0	0.0	0.0	0.0	0.0	0.0	0.0	25.1762	0.0	0.0	0.0	0.0	0	0	0	0	22	0	0	0	0	0	0	0	0	0	0	0	0	0	0	0	0	0	18	0	0	0	0	0	0	0	0	0	0	0	0	0	0	0	0	0	0	0	0	0	0	0	0	0	0	0	0	0	0	0	0.0	0.0	0.0	0.0	0.000968	0.0	0.0	0.0	0.0	0.0	0.0	0.0	0.0	1.0	0.0	0.0	0.0	0.0	
43	43	1288.6060132	10916.338	10916.338	8.85409	0.893202	0	0	0	0	41	0	0	0	0	0.0	0.0	0.0	0.0	0.65238	0.0	0.0	0.0	0.0	0.0	0.0	0.0	0.0	1041.14	0.0	0.0	0.0	0.0	0.0	0.0	0.0	0.0	25.3937	0.0	0.0	0.0	0.0	0	0	0	0	23	0	0	0	0	0	0	0	0	0	0	0	0	0	0	0	0	0	18	0	0	0	0	0	0	0	0	0	0	0	0	0	0	0	0	0	0	0	0	0	0	0	0	0	0	0	0	0	0	0	0.0	0.0	0.0	0.0	0.001012	0.0	0.0	0.0	0.0	0.0	0.0	0.0	0.0	1.0	0.0	0.0	0.0	0.0	
44	44	1307.96953834	10910.338	10910.338	8.28949	0.886358	0	0	0	0	42	0	0	0	0	0.0	0.0	0.0	0.0	0.687142	0.0	0.0	0.0	0.0	0.0	0.0	0.0	0.0	1060.51	0.0	0.0	0.0	0.0	0.0	0.0	0.0	0.0	25.2502	0.0	0.0	0.0	0.0	0	0	0	0	24	0	0	0	0	0	0	0	0	0	0	0	0	0	0	0	0	0	18	0	0	0	0	0	0	0	0	0	0	0	0	0	0	0	0	0	0	0	0	0	0	0	0	0	0	0	0	0	0	0	0.0	0.0	0.0	0.0	0.001078	0.0	0.0	0.0	0.0	0.0	0.0	0.0	0.0	1.0	0.0	0.0	0.0	0.0	
45	45	1333.238388111	10910.338	10910.338	7.98503	0.88229	0	0	0	0	43	0	0	0	0	0.0	0.0	0.0	0.0	0.618428	0.0	0.0	0.0	0.0	0.0	0.0	0.0	0.0	1085.78	0.0	0.0	0.0	0.0	0.0	0.0	0.0	0.0	25.2506	0.0	0.0	0.0	0.0	0	0	0	0	24	0	0	0	0	0	0	0	0	0	0	0	0	0	0	0	0	0	19	0	0	0	0	0	0	0	0	0	0	0	0	0	0	0	0	0	0	0	0	0	0	0	0	0	0	0	0	0	0	0	0.0	0.0	0.0	0.0	0.00097	0.0	0.0	0.0	0.0	0.0	0.0	0.0	0.0	1.0	0.0	0.0	0.0	0.0	
46	46	1347.546730319	10910.338	10910.338	7.60448	0.876778	0	0	0	0	44	0	0	0	0	0.0	0.0	0.0	0.0	0.556585	0.0	0.0	0.0	0.0	0.0	0.0	0.0	0.0	1100.08	0.0	0.0	0.0	0.0	0.0	0.0	0.0	0.0	25.0019	0.0	0.0	0.0	0.0	0	0	0	0	24	0	0	0	0	0	0	0	0	0	0	0	0	0	0	0	0	0	20	0	0	0	0	0	0	0	0	0	0	0	0	0	0	0	0	0	0	0	0	0	0	0	0	0	0	0	0	0	0	0	0.0	0.0	0.0	0.0	0.00089	0.0	0.0	0.0	0.0	0.0	0.0	0.0	0.0	1.0	0.0	0.0	0.0	0.0	
47	47	1390.039328008	10806.294	10806.294	7.39709	0.873551	0	0	0	0	45	0	0	0	0	0.0	0.0	0.0	0.0	0.600927	0.0	0.0	0.0	0.0	0.0	0.0	0.0	0.0	1142.58	0.0	0.0	0.0	0.0	0.0	0.0	0.0	0.0	25.3906	0.0	0.0	0.0	0.0	0	0	0	0	25	0	0	0	0	0	0	0	0	0	0	0	0	0	0	0	0	0	20	0	0	0	0	0	0	0	0	0	0	0	0	0	0	0	0	0	0	0	0	0	0	0	0	0	0	0	0	0	0	0	0.0	0.0	0.0	0.0	0.000932	0.0	0.0	0.0	0.0	0.0	0.0	0.0	0.0	1.0	0.0	0.0	0.0	0.0	
48	48	1407.326646844	10806.294	10806.294	6.81395	0.863503	0	0	0	0	46	0	0	0	0	0.0	0.0	0.0	0.0	0.540834	0.0	0.0	0.0	0.0	0.0	0.0	0.0	0.0	1159.86	0.0	0.0	0.0	0.0	0.0	0.0	0.0	0.0	25.2144	0.0	0.0	0.0	0.0	0	0	0	0	25	0	0	0	0	0	0	0	0	0	0	0	0	0	0	0	0	0	21	0	0	0	0	0	0	0	0	0	0	0	0	0	0	0	0	0	0	0	0	0	0	0	0	0	0	0	0	0	0	0	0.0	0.0	0.0	0.0	0.000851	0.0	0.0	0.0	0.0	0.0	0.0	0.0	0.0	1.0	0.0	0.0	0.0	0.0	
49	49	1430.501740451	10806.294	10806.294	6.59008	0.859209	0	0	0	0	47	0	0	0	0	0.0	0.0	0.0	0.0	0.486751	0.0	0.0	0.0	0.0	0.0	0.0	0.0	0.0	1183.04	0.0	0.0	0.0	0.0	0.0	0.0	0.0	0.0	25.171	0.0	0.0	0.0	0.0	0	0	0	0	25	0	0	0	0	0	0	0	0	0	0	0	0	0	0	0	0	0	22	0	0	0	0	0	0	0	0	0	0	0	0	0	0	0	0	0	0	0	0	0	0	0	0	0	0	0	0	0	0	0	0.0	0.0	0.0	0.0	0.000768	0.0	0.0	0.0	0.0	0.0	0.0	0.0	0.0	1.0	0.0	0.0	0.0	0.0	
50	50	1446.779622732	10787.294	10787.294	6.30145	0.853258	0	0	0	0	48	0	0	0	0	0.0	0.0	0.0	0.0	0.538076	0.0	0.0	0.0	0.0	0.0	0.0	0.0	0.0	1199.32	0.0	0.0	0.0	0.0	0.0	0.0	0.0	0.0	24.9858	0.0	0.0	0.0	0.0	0	0	0	0	26	0	0	0	0	0	0	0	0	0	0	0	0	0	0	0	0	0	22	0	0	0	0	0	0	0	0	0	0	0	0	0	0	0	0	0	0	0	0	0	0	0	0	0	0	0	0	0	0	0	0.0	0.0	0.0	0.0	0.000862	0.0	0.0	0.0	0.0	0.0	0.0	0.0	0.0	1.0	0.0	0.0	0.0	0.0	
51	51	1461.018388546	10787.294	10787.294	6.10632	0.848942	0	0	0	0	49	0	0	0	0	0.0	0.0	0.0	0.0	0.484268	0.0	0.0	0.0	0.0	0.0	0.0	0.0	0.0	1213.56	0.0	0.0	0.0	0.0	0.0	0.0	0.0	0.0	24.7664	0.0	0.0	0.0	0.0	0	0	0	0	26	0	0	0	0	0	0	0	0	0	0	0	0	0	0	0	0	0	23	0	0	0	0	0	0	0	0	0	0	0	0	0	0	0	0	0	0	0	0	0	0	0	0	0	0	0	0	0	0	0	0.0	0.0	0.0	0.0	0.00079	0.0	0.0	0.0	0.0	0.0	0.0	0.0	0.0	1.0	0.0	0.0	0.0	0.0	
52	52	1478.349166619	10787.294	10787.294	5.94058	0.845072	0	0	0	0	50	0	0	0	0	0.0	0.0	0.0	0.0	0.435841	0.0	0.0	0.0	0.0	0.0	0.0	0.0	0.0	1230.89	0.0	0.0	0.0	0.0	0.0	0.0	0.0	0.0	24.6177	0.0	0.0	0.0	0.0	0	0	0	0	26	0	0	0	0	0	0	0	0	0	0	0	0	0	0	0	0	0	24	0	0	0	0	0	0	0	0	0	0	0	0	0	0	0	0	0	0	0	0	0	0	0	0	0	0	0	0	0	0	0	0.0	0.0	0.0	0.0	0.000719	0.0	0.0	0.0	0.0	0.0	0.0	0.0	0.0	1.0	0.0	0.0	0.0	0.0	
53	53	1492.656241763	10787.294	10787.294	5.74492	0.840241	0	0	0	0	51	0	0	0	0	0.0	0.0	0.0	0.0	0.392257	0.0	0.0	0.0	0.0	0.0	0.0	0.0	0.0	1245.19	0.0	0.0	0.0	0.0	0.0	0.0	0.0	0.0	24.4155	0.0	0.0	0.0	0.0	0	0	0	0	26	0	0	0	0	0	0	0	0	0	0	0	0	0	0	0	0	0	25	0	0	0	0	0	0	0	0	0	0	0	0	0	0	0	0	0	0	0	0	0	0	0	0	0	0	0	0	0	0	0	0.0	0.0	0.0	0.0	0.000658	0.0	0.0	0.0	0.0	0.0	0.0	0.0	0.0	1.0	0.0	0.0	0.0	0.0	
54	54	1508.829192834	10787.294	10787.294	5.58826	0.836151	0	0	0	0	52	0	0	0	0	0.0	0.0	0.0	0.0	0.353031	0.0	0.0	0.0	0.0	0.0	0.0	0.0	0.0	1261.37	0.0	0.0	0.0	0.0	0.0	0.0	0.0	0.0	24.257	0.0	0.0	0.0	0.0	0	0	0	0	26	0	0	0	0	0	0	0	0	0	0	0	0	0	0	0	0	0	26	0	0	0	0	0	0	0	0	0	0	0	0	0	0	0	0	0	0	0	0	0	0	0	0	0	0	0	0	0	0	0	0.0	0.0	0.0	0.0	0.0006	0.0	0.0	0.0	0.0	0.0	0.0	0.0	0.0	1.0	0.0	0.0	0.0	0.0	
55	55	1689.647009552	10780.294	10780.294	5.41631	0.831414	0	0	0	0	53	0	0	0	0	0.0	0.0	0.0	0.0	0.417728	0.0	0.0	0.0	0.0	0.0	0.0	0.0	0.0	1442.18	0.0	0.0	0.0	0.0	0.0	0.0	0.0	0.0	27.211	0.0	0.0	0.0	0.0	0	0	0	0	27	0	0	0	0	0	0	0	0	0	0	0	0	0	0	0	0	0	26	0	0	0	0	0	0	0	0	0	0	0	0	0	0	0	0	0	0	0	0	0	0	0	0	0	0	0	0	0	0	0	0.0	0.0	0.0	0.0	0.000564	0.0	0.0	0.0	0.0	0.0	0.0	0.0	0.0	1.0	0.0	0.0	0.0	0.0	
56	56	1719.040442134	10744.809	10744.809	3.81901	0.769628	0	0	0	0	54	0	0	0	0	0.0	0.0	0.0	0.0	0.475955	0.0	0.0	0.0	0.0	0.0	0.0	0.0	0.0	1471.58	0.0	0.0	0.0	0.0	0.0	0.0	0.0	0.0	27.2514	0.0	0.0	0.0	0.0	0	0	0	0	28	0	0	0	0	0	0	0	0	0	0	0	0	0	0	0	0	0	26	0	0	0	0	0	0	0	0	0	0	0	0	0	0	0	0	0	0	0	0	0	0	0	0	0	0	0	0	0	0	0	0.0	0.0	0.0	0.0	0.000641	0.0	0.0	0.0	0.0	0.0	0.0	0.0	0.0	1.0	0.0	0.0	0.0	0.0	
57	57	1744.425963113	10744.809	10744.809	3.60813	0.757939	0	0	0	0	55	0	0	0	0	0.0	0.0	0.0	0.0	0.42836	0.0	0.0	0.0	0.0	0.0	0.0	0.0	0.0	1496.96	0.0	0.0	0.0	0.0	0.0	0.0	0.0	0.0	27.2175	0.0	0.0	0.0	0.0	0	0	0	0	28	0	0	0	0	0	0	0	0	0	0	0	0	0	0	0	0	0	27	0	0	0	0	0	0	0	0	0	0	0	0	0	0	0	0	0	0	0	0	0	0	0	0	0	0	0	0	0	0	0	0.0	0.0	0.0	0.0	0.000578	0.0	0.0	0.0	0.0	0.0	0.0	0.0	0.0	1.0	0.0	0.0	0.0	0.0	
58	58	1758.93905384	10744.809	10744.809	3.4354	0.747451	0	0	0	0	56	0	0	0	0	0.0	0.0	0.0	0.0	0.385524	0.0	0.0	0.0	0.0	0.0	0.0	0.0	0.0	1511.48	0.0	0.0	0.0	0.0	0.0	0.0	0.0	0.0	26.9906	0.0	0.0	0.0	0.0	0	0	0	0	28	0	0	0	0	0	0	0	0	0	0	0	0	0	0	0	0	0	28	0	0	0	0	0	0	0	0	0	0	0	0	0	0	0	0	0	0	0	0	0	0	0	0	0	0	0	0	0	0	0	0.0	0.0	0.0	0.0	0.000529	0.0	0.0	0.0	0.0	0.0	0.0	0.0	0.0	1.0	0.0	0.0	0.0	0.0	
59	59	1774.657820635	10742.809	10742.809	3.34039	0.741288	0	0	0	0	57	0	0	0	0	0.0	0.0	0.0	0.0	0.446971	0.0	0.0	0.0	0.0	0.0	0.0	0.0	0.0	1527.19	0.0	0.0	0.0	0.0	0.0	0.0	0.0	0.0	26.7929	0.0	0.0	0.0	0.0	0	0	0	0	29	0	0	0	0	0	0	0	0	0	0	0	0	0	0	0	0	0	28	0	0	0	0	0	0	0	0	0	0	0	0	0	0	0	0	0	0	0	0	0	0	0	0	0	0	0	0	0	0	0	0.0	0.0	0.0	0.0	0.000623	0.0	0.0	0.0	0.0	0.0	0.0	0.0	0.0	1.0	0.0	0.0	0.0	0.0	
60	60	1789.669412354	10742.809	10742.809	3.24045	0.734475	0	0	0	0	58	0	0	0	0	0.0	0.0	0.0	0.0	0.402274	0.0	0.0	0.0	0.0	0.0	0.0	0.0	0.0	1542.21	0.0	0.0	0.0	0.0	0.0	0.0	0.0	0.0	26.5898	0.0	0.0	0.0	0.0	0	0	0	0	29	0	0	0	0	0	0	0	0	0	0	0	0	0	0	0	0	0	29	0	0	0	0	0	0	0	0	0	0	0	0	0	0	0	0	0	0	0	0	0	0	0	0	0	0	0	0	0	0	0	0.0	0.0	0.0	0.0	0.000569	0.0	0.0	0.0	0.0	0.0	0.0	0.0	0.0	1.0	0.0	0.0	0.0	0.0	
61	61	1805.818470291	10741.309	10741.309	3.14779	0.727834	0	0	0	0	59	0	0	0	0	0.0	0.0	0.0	0.0	0.462047	0.0	0.0	0.0	0.0	0.0	0.0	0.0	0.0	1558.36	0.0	0.0	0.0	0.0	0.0	0.0	0.0	0.0	26.4128	0.0	0.0	0.0	0.0	0	0	0	0	30	0	0	0	0	0	0	0	0	0	0	0	0	0	0	0	0	0	29	0	0	0	0	0	0	0	0	0	0	0	0	0	0	0	0	0	0	0	0	0	0	0	0	0	0	0	0	0	0	0	0.0	0.0	0.0	0.0	0.000662	0.0	0.0	0.0	0.0	0.0	0.0	0.0	0.0	1.0	0.0	0.0	0.0	0.0	
62	62	1820.378609844	10741.309	10741.309	3.05108	0.720541	0	0	0	0	60	0	0	0	0	0.0	0.0	0.0	0.0	0.415842	0.0	0.0	0.0	0.0	0.0	0.0	0.0	0.0	1572.92	0.0	0.0	0.0	0.0	0.0	0.0	0.0	0.0	26.2153	0.0	0.0	0.0	0.0	0	0	0	0	30	0	0	0	0	0	0	0	0	0	0	0	0	0	0	0	0	0	30	0	0	0	0	0	0	0	0	0	0	0	0	0	0	0	0	0	0	0	0	0	0	0	0	0	0	0	0	0	0	0	0.0	0.0	0.0	0.0	0.000605	0.0	0.0	0.0	0.0	0.0	0.0	0.0	0.0	1.0	0.0	0.0	0.0	0.0	
63	63	1844.960108079	10741.309	10741.309	2.96643	0.713833	0	0	0	0	61	0	0	0	0	0.0	0.0	0.0	0.0	0.374258	0.0	0.0	0.0	0.0	0.0	0.0	0.0	0.0	1597.5	0.0	0.0	0.0	0.0	0.0	0.0	0.0	0.0	26.1885	0.0	0.0	0.0	0.0	0	0	0	0	30	0	0	0	0	0	0	0	0	0	0	0	0	0	0	0	0	0	31	0	0	0	0	0	0	0	0	0	0	0	0	0	0	0	0	0	0	0	0	0	0	0	0	0	0	0	0	0	0	0	0.0	0.0	0.0	0.0	0.000546	0.0	0.0	0.0	0.0	0.0	0.0	0.0	0.0	1.0	0.0	0.0	0.0	0.0	
64	64	1875.90156875	10741.309	10741.309	2.82881	0.702222	0	0	0	0	62	0	0	0	0	0.0	0.0	0.0	0.0	0.336832	0.0	0.0	0.0	0.0	0.0	0.0	0.0	0.0	1628.44	0.0	0.0	0.0	0.0	0.0	0.0	0.0	0.0	26.2651	0.0	0.0	0.0	0.0	0	0	0	0	30	0	0	0	0	0	0	0	0	0	0	0	0	0	0	0	0	0	32	0	0	0	0	0	0	0	0	0	0	0	0	0	0	0	0	0	0	0	0	0	0	0	0	0	0	0	0	0	0	0	0.0	0.0	0.0	0.0	0.000488	0.0	0.0	0.0	0.0	0.0	0.0	0.0	0.0	1.0	0.0	0.0	0.0	0.0	
65	65	1892.851644865	10741.309	10741.309	2.66462	0.687091	0	0	0	0	63	0	0	0	0	0.0	0.0	0.0	0.0	0.303149	0.0	0.0	0.0	0.0	0.0	0.0	0.0	0.0	1645.39	0.0	0.0	0.0	0.0	0.0	0.0	0.0	0.0	26.1173	0.0	0.0	0.0	0.0	0	0	0	0	30	0	0	0	0	0	0	0	0	0	0	0	0	0	0	0	0	0	33	0	0	0	0	0	0	0	0	0	0	0	0	0	0	0	0	0	0	0	0	0	0	0	0	0	0	0	0	0	0	0	0.0	0.0	0.0	0.0	0.000444	0.0	0.0	0.0	0.0	0.0	0.0	0.0	0.0	1.0	0.0	0.0	0.0	0.0	
66	66	1908.534845755	10741.309	10741.309	2.57875	0.678559	0	0	0	0	64	0	0	0	0	0.0	0.0	0.0	0.0	0.272834	0.0	0.0	0.0	0.0	0.0	0.0	0.0	0.0	1661.07	0.0	0.0	0.0	0.0	0.0	0.0	0.0	0.0	25.9542	0.0	0.0	0.0	0.0	0	0	0	0	30	0	0	0	0	0	0	0	0	0	0	0	0	0	0	0	0	0	34	0	0	0	0	0	0	0	0	0	0	0	0	0	0	0	0	0	0	0	0	0	0	0	0	0	0	0	0	0	0	0	0.0	0.0	0.0	0.0	0.000405	0.0	0.0	0.0	0.0	0.0	0.0	0.0	0.0	1.0	0.0	0.0	0.0	0.0	
67	67	1945.353577966	10741.309	10741.309	2.50177	0.67051	0	0	0	0	65	0	0	0	0	0.0	0.0	0.0	0.0	0.245551	0.0	0.0	0.0	0.0	0.0	0.0	0.0	0.0	1697.89	0.0	0.0	0.0	0.0	0.0	0.0	0.0	0.0	26.1214	0.0	0.0	0.0	0.0	0	0	0	0	30	0	0	0	0	0	0	0	0	0	0	0	0	0	0	0	0	0	35	0	0	0	0	0	0	0	0	0	0	0	0	0	0	0	0	0	0	0	0	0	0	0	0	0	0	0	0	0	0	0	0.0	0.0	0.0	0.0	0.00036	0.0	0.0	0.0	0.0	0.0	0.0	0.0	0.0	1.0	0.0	0.0	0.0	0.0	
68	68	1981.686396754	10557.471	10557.471	2.32995	0.651034	0	0	0	0	66	0	0	0	0	0.0	0.0	0.0	0.0	0.320996	0.0	0.0	0.0	0.0	0.0	0.0	0.0	0.0	1734.22	0.0	0.0	0.0	0.0	0.0	0.0	0.0	0.0	26.2761	0.0	0.0	0.0	0.0	0	0	0	0	31	0	0	0	0	0	0	0	0	0	0	0	0	0	0	0	0	0	35	0	0	0	0	0	0	0	0	0	0	0	0	0	0	0	0	0	0	0	0	0	0	0	0	0	0	0	0	0	0	0	0.0	0.0	0.0	0.0	0.000465	0.0	0.0	0.0	0.0	0.0	0.0	0.0	0.0	1.0	0.0	0.0	0.0	0.0	
69	69	2003.487635144	10557.471	10557.471	2.17197	0.631024	0	0	0	0	67	0	0	0	0	0.0	0.0	0.0	0.0	0.288896	0.0	0.0	0.0	0.0	0.0	0.0	0.0	0.0	1756.02	0.0	0.0	0.0	0.0	0.0	0.0	0.0	0.0	26.2093	0.0	0.0	0.0	0.0	0	0	0	0	31	0	0	0	0	0	0	0	0	0	0	0	0	0	0	0	0	0	36	0	0	0	0	0	0	0	0	0	0	0	0	0	0	0	0	0	0	0	0	0	0	0	0	0	0	0	0	0	0	0	0.0	0.0	0.0	0.0	0.000421	0.0	0.0	0.0	0.0	0.0	0.0	0.0	0.0	1.0	0.0	0.0	0.0	0.0	
70	70	2025.770525229	10557.471	10557.471	2.08237	0.618646	0	0	0	0	68	0	0	0	0	0.0	0.0	0.0	0.0	0.260006	0.0	0.0	0.0	0.0	0.0	0.0	0.0	0.0	1778.31	0.0	0.0	0.0	0.0	0.0	0.0	0.0	0.0	26.1516	0.0	0.0	0.0	0.0	0	0	0	0	31	0	0	0	0	0	0	0	0	0	0	0	0	0	0	0	0	0	37	0	0	0	0	0	0	0	0	0	0	0	0	0	0	0	0	0	0	0	0	0	0	0	0	0	0	0	0	0	0	0	0.0	0.0	0.0	0.0	0.00038	0.0	0.0	0.0	0.0	0.0	0.0	0.0	0.0	1.0	0.0	0.0	0.0	0.0	
71	71	2046.333681381	10480.103	10480.103	1.9946	0.605711	0	0	0	0	69	0	0	0	0	0.0	0.0	0.0	0.0	0.334006	0.0	0.0	0.0	0.0	0.0	0.0	0.0	0.0	1798.87	0.0	0.0	0.0	0.0	0.0	0.0	0.0	0.0	26.0706	0.0	0.0	0.0	0.0	0	0	0	0	32	0	0	0	0	0	0	0	0	0	0	0	0	0	0	0	0	0	37	0	0	0	0	0	0	0	0	0	0	0	0	0	0	0	0	0	0	0	0	0	0	0	0	0	0	0	0	0	0	0	0.0	0.0	0.0	0.0	0.000491	0.0	0.0	0.0	0.0	0.0	0.0	0.0	0.0	1.0	0.0	0.0	0.0	0.0	
72	72	2060.793195883	10480.103	10480.103	1.9169	0.593525	0	0	0	0	70	0	0	0	0	0.0	0.0	0.0	0.0	0.300605	0.0	0.0	0.0	0.0	0.0	0.0	0.0	0.0	1813.33	0.0	0.0	0.0	0.0	0.0	0.0	0.0	0.0	25.9047	0.0	0.0	0.0	0.0	0	0	0	0	32	0	0	0	0	0	0	0	0	0	0	0	0	0	0	0	0	0	38	0	0	0	0	0	0	0	0	0	0	0	0	0	0	0	0	0	0	0	0	0	0	0	0	0	0	0	0	0	0	0	0.0	0.0	0.0	0.0	0.000448	0.0	0.0	0.0	0.0	0.0	0.0	0.0	0.0	1.0	0.0	0.0	0.0	0.0	
73	73	2104.415514504	10480.103	10480.103	1.86408	0.584816	0	0	0	0	71	0	0	0	0	0.0	0.0	0.0	0.0	0.270545	0.0	0.0	0.0	0.0	0.0	0.0	0.0	0.0	1856.95	0.0	0.0	0.0	0.0	0.0	0.0	0.0	0.0	26.1543	0.0	0.0	0.0	0.0	0	0	0	0	32	0	0	0	0	0	0	0	0	0	0	0	0	0	0	0	0	0	39	0	0	0	0	0	0	0	0	0	0	0	0	0	0	0	0	0	0	0	0	0	0	0	0	0	0	0	0	0	0	0	0.0	0.0	0.0	0.0	0.000396	0.0	0.0	0.0	0.0	0.0	0.0	0.0	0.0	1.0	0.0	0.0	0.0	0.0	
74	74	2118.940562059	10480.103	10480.103	1.71338	0.557863	0	0	0	0	72	0	0	0	0	0.0	0.0	0.0	0.0	0.24349	0.0	0.0	0.0	0.0	0.0	0.0	0.0	0.0	1871.48	0.0	0.0	0.0	0.0	0.0	0.0	0.0	0.0	25.9927	0.0	0.0	0.0	0.0	0	0	0	0	32	0	0	0	0	0	0	0	0	0	0	0	0	0	0	0	0	0	40	0	0	0	0	0	0	0	0	0	0	0	0	0	0	0	0	0	0	0	0	0	0	0	0	0	0	0	0	0	0	0	0.0	0.0	0.0	0.0	0.00036	0.0	0.0	0.0	0.0	0.0	0.0	0.0	0.0	1.0	0.0	0.0	0.0	0.0	
75	75	2133.256301646	10480.103	10480.103	1.66595	0.548671	0	0	0	0	73	0	0	0	0	0.0	0.0	0.0	0.0	0.219141	0.0	0.0	0.0	0.0	0.0	0.0	0.0	0.0	1885.79	0.0	0.0	0.0	0.0	0.0	0.0	0.0	0.0	25.8328	0.0	0.0	0.0	0.0	0	0	0	0	32	0	0	0	0	0	0	0	0	0	0	0	0	0	0	0	0	0	41	0	0	0	0	0	0	0	0	0	0	0	0	0	0	0	0	0	0	0	0	0	0	0	0	0	0	0	0	0	0	0	0.0	0.0	0.0	0.0	0.000328	0.0	0.0	0.0	0.0	0.0	0.0	0.0	0.0	1.0	0.0	0.0	0.0	0.0	
76	76	2179.286030605	10475.103	10475.103	1.6205	0.53951	0	0	0	0	74	0	0	0	0	0.0	0.0	0.0	0.0	0.297227	0.0	0.0	0.0	0.0	0.0	0.0	0.0	0.0	1931.82	0.0	0.0	0.0	0.0	0.0	0.0	0.0	0.0	26.1057	0.0	0.0	0.0	0.0	0	0	0	0	33	0	0	0	0	0	0	0	0	0	0	0	0	0	0	0	0	0	41	0	0	0	0	0	0	0	0	0	0	0	0	0	0	0	0	0	0	0	0	0	0	0	0	0	0	0	0	0	0	0	0.0	0.0	0.0	0.0	0.000436	0.0	0.0	0.0	0.0	0.0	0.0	0.0	0.0	1.0	0.0	0.0	0.0	0.0	
77	77	2207.666773128	10472.603	10472.603	1.48258	0.509411	0	0	0	0	75	0	0	0	0	0.0	0.0	0.0	0.0	0.367504	0.0	0.0	0.0	0.0	0.0	0.0	0.0	0.0	1960.2	0.0	0.0	0.0	0.0	0.0	0.0	0.0	0.0	26.136	0.0	0.0	0.0	0.0	0	0	0	0	34	0	0	0	0	0	0	0	0	0	0	0	0	0	0	0	0	0	41	0	0	0	0	0	0	0	0	0	0	0	0	0	0	0	0	0	0	0	0	0	0	0	0	0	0	0	0	0	0	0	0.0	0.0	0.0	0.0	0.000538	0.0	0.0	0.0	0.0	0.0	0.0	0.0	0.0	1.0	0.0	0.0	0.0	0.0	
78	78	2230.245352802	10472.603	10472.603	1.40346	0.490404	0	0	0	0	76	0	0	0	0	0.0	0.0	0.0	0.0	0.330754	0.0	0.0	0.0	0.0	0.0	0.0	0.0	0.0	1982.78	0.0	0.0	0.0	0.0	0.0	0.0	0.0	0.0	26.0892	0.0	0.0	0.0	0.0	0	0	0	0	34	0	0	0	0	0	0	0	0	0	0	0	0	0	0	0	0	0	42	0	0	0	0	0	0	0	0	0	0	0	0	0	0	0	0	0	0	0	0	0	0	0	0	0	0	0	0	0	0	0	0.0	0.0	0.0	0.0	0.000486	0.0	0.0	0.0	0.0	0.0	0.0	0.0	0.0	1.0	0.0	0.0	0.0	0.0	
79	79	2257.763867972	10472.603	10472.603	1.34354	0.475065	0	0	0	0	77	0	0	0	0	0.0	0.0	0.0	0.0	0.297679	0.0	0.0	0.0	0.0	0.0	0.0	0.0	0.0	2010.3	0.0	0.0	0.0	0.0	0.0	0.0	0.0	0.0	26.1078	0.0	0.0	0.0	0.0	0	0	0	0	34	0	0	0	0	0	0	0	0	0	0	0	0	0	0	0	0	0	43	0	0	0	0	0	0	0	0	0	0	0	0	0	0	0	0	0	0	0	0	0	0	0	0	0	0	0	0	0	0	0	0.0	0.0	0.0	0.0	0.000437	0.0	0.0	0.0	0.0	0.0	0.0	0.0	0.0	1.0	0.0	0.0	0.0	0.0	
80	80	2277.524264951	10472.603	10472.603	1.27396	0.45614	0	0	0	0	78	0	0	0	0	0.0	0.0	0.0	0.0	0.267911	0.0	0.0	0.0	0.0	0.0	0.0	0.0	0.0	2030.06	0.0	0.0	0.0	0.0	0.0	0.0	0.0	0.0	26.0264	0.0	0.0	0.0	0.0	0	0	0	0	34	0	0	0	0	0	0	0	0	0	0	0	0	0	0	0	0	0	44	0	0	0	0	0	0	0	0	0	0	0	0	0	0	0	0	0	0	0	0	0	0	0	0	0	0	0	0	0	0	0	0.0	0.0	0.0	0.0	0.000396	0.0	0.0	0.0	0.0	0.0	0.0	0.0	0.0	1.0	0.0	0.0	0.0	0.0	
81	81	2295.640681506	10448.235	10448.235	1.22623	0.442413	0	0	0	0	79	0	0	0	0	0.0	0.0	0.0	0.0	0.34112	0.0	0.0	0.0	0.0	0.0	0.0	0.0	0.0	2048.18	0.0	0.0	0.0	0.0	0.0	0.0	0.0	0.0	25.9263	0.0	0.0	0.0	0.0	0	0	0	0	35	0	0	0	0	0	0	0	0	0	0	0	0	0	0	0	0	0	44	0	0	0	0	0	0	0	0	0	0	0	0	0	0	0	0	0	0	0	0	0	0	0	0	0	0	0	0	0	0	0	0.0	0.0	0.0	0.0	0.000507	0.0	0.0	0.0	0.0	0.0	0.0	0.0	0.0	1.0	0.0	0.0	0.0	0.0	
82	82	2309.984750802	10448.235	10448.235	1.18404	0.429744	0	0	0	0	80	0	0	0	0	0.0	0.0	0.0	0.0	0.307008	0.0	0.0	0.0	0.0	0.0	0.0	0.0	0.0	2062.52	0.0	0.0	0.0	0.0	0.0	0.0	0.0	0.0	25.7815	0.0	0.0	0.0	0.0	0	0	0	0	35	0	0	0	0	0	0	0	0	0	0	0	0	0	0	0	0	0	45	0	0	0	0	0	0	0	0	0	0	0	0	0	0	0	0	0	0	0	0	0	0	0	0	0	0	0	0	0	0	0	0.0	0.0	0.0	0.0	0.000462	0.0	0.0	0.0	0.0	0.0	0.0	0.0	0.0	1.0	0.0	0.0	0.0	0.0	
83	83	2327.457612283	10448.235	10448.235	1.15167	0.419662	0	0	0	0	81	0	0	0	0	0.0	0.0	0.0	0.0	0.276307	0.0	0.0	0.0	0.0	0.0	0.0	0.0	0.0	2079.99	0.0	0.0	0.0	0.0	0.0	0.0	0.0	0.0	25.6789	0.0	0.0	0.0	0.0	0	0	0	0	35	0	0	0	0	0	0	0	0	0	0	0	0	0	0	0	0	0	46	0	0	0	0	0	0	0	0	0	0	0	0	0	0	0	0	0	0	0	0	0	0	0	0	0	0	0	0	0	0	0	0.0	0.0	0.0	0.0	0.000419	0.0	0.0	0.0	0.0	0.0	0.0	0.0	0.0	1.0	0.0	0.0	0.0	0.0	
84	84	2353.39569854	10448.235	10448.235	1.11343	0.407333	0	0	0	0	82	0	0	0	0	0.0	0.0	0.0	0.0	0.248676	0.0	0.0	0.0	0.0	0.0	0.0	0.0	0.0	2105.93	0.0	0.0	0.0	0.0	0.0	0.0	0.0	0.0	25.6821	0.0	0.0	0.0	0.0	0	0	0	0	35	0	0	0	0	0	0	0	0	0	0	0	0	0	0	0	0	0	47	0	0	0	0	0	0	0	0	0	0	0	0	0	0	0	0	0	0	0	0	0	0	0	0	0	0	0	0	0	0	0	0.0	0.0	0.0	0.0	0.000377	0.0	0.0	0.0	0.0	0.0	0.0	0.0	0.0	1.0	0.0	0.0	0.0	0.0	
85	85	2385.21358626	10448.235	10448.235	1.059	0.388956	0	0	0	0	83	0	0	0	0	0.0	0.0	0.0	0.0	0.223809	0.0	0.0	0.0	0.0	0.0	0.0	0.0	0.0	2137.75	0.0	0.0	0.0	0.0	0.0	0.0	0.0	0.0	25.756	0.0	0.0	0.0	0.0	0	0	0	0	35	0	0	0	0	0	0	0	0	0	0	0	0	0	0	0	0	0	48	0	0	0	0	0	0	0	0	0	0	0	0	0	0	0	0	0	0	0	0	0	0	0	0	0	0	0	0	0	0	0	0.0	0.0	0.0	0.0	0.000337	0.0	0.0	0.0	0.0	0.0	0.0	0.0	0.0	1.0	0.0	0.0	0.0	0.0	
86	86	2399.650060936	10448.235	10448.235	0.995844	0.366347	0	0	0	0	84	0	0	0	0	0.0	0.0	0.0	0.0	0.201428	0.0	0.0	0.0	0.0	0.0	0.0	0.0	0.0	2152.19	0.0	0.0	0.0	0.0	0.0	0.0	0.0	0.0	25.6213	0.0	0.0	0.0	0.0	0	0	0	0	35	0	0	0	0	0	0	0	0	0	0	0	0	0	0	0	0	0	49	0	0	0	0	0	0	0	0	0	0	0	0	0	0	0	0	0	0	0	0	0	0	0	0	0	0	0	0	0	0	0	0.0	0.0	0.0	0.0	0.000307	0.0	0.0	0.0	0.0	0.0	0.0	0.0	0.0	1.0	0.0	0.0	0.0	0.0	
87	87	2413.96674523	10448.235	10448.235	0.968446	0.356086	0	0	0	0	85	0	0	0	0	0.0	0.0	0.0	0.0	0.181285	0.0	0.0	0.0	0.0	0.0	0.0	0.0	0.0	2166.5	0.0	0.0	0.0	0.0	0.0	0.0	0.0	0.0	25.4883	0.0	0.0	0.0	0.0	0	0	0	0	35	0	0	0	0	0	0	0	0	0	0	0	0	0	0	0	0	0	50	0	0	0	0	0	0	0	0	0	0	0	0	0	0	0	0	0	0	0	0	0	0	0	0	0	0	0	0	0	0	0	0.0	0.0	0.0	0.0	0.000279	0.0	0.0	0.0	0.0	0.0	0.0	0.0	0.0	1.0	0.0	0.0	0.0	0.0	
88	88	2442.455594261	10445.735	10445.735	0.94202	0.34592	0	0	0	0	86	0	0	0	0	0.0	0.0	0.0	0.0	0.263156	0.0	0.0	0.0	0.0	0.0	0.0	0.0	0.0	2194.99	0.0	0.0	0.0	0.0	0.0	0.0	0.0	0.0	25.5232	0.0	0.0	0.0	0.0	0	0	0	0	36	0	0	0	0	0	0	0	0	0	0	0	0	0	0	0	0	0	50	0	0	0	0	0	0	0	0	0	0	0	0	0	0	0	0	0	0	0	0	0	0	0	0	0	0	0	0	0	0	0	0.0	0.0	0.0	0.0	0.000404	0.0	0.0	0.0	0.0	0.0	0.0	0.0	0.0	1.0	0.0	0.0	0.0	0.0	
89	89	2469.272313803	10440.735	10440.735	0.89156	0.325749	0	0	0	0	87	0	0	0	0	0.0	0.0	0.0	0.0	0.336841	0.0	0.0	0.0	0.0	0.0	0.0	0.0	0.0	2221.81	0.0	0.0	0.0	0.0	0.0	0.0	0.0	0.0	25.538	0.0	0.0	0.0	0.0	0	0	0	0	37	0	0	0	0	0	0	0	0	0	0	0	0	0	0	0	0	0	50	0	0	0	0	0	0	0	0	0	0	0	0	0	0	0	0	0	0	0	0	0	0	0	0	0	0	0	0	0	0	0	0.0	0.0	0.0	0.0	0.000516	0.0	0.0	0.0	0.0	0.0	0.0	0.0	0.0	1.0	0.0	0.0	0.0	0.0	
90	90	2484.99223598	10440.735	10440.735	0.846534	0.306883	0	0	0	0	88	0	0	0	0	0.0	0.0	0.0	0.0	0.303157	0.0	0.0	0.0	0.0	0.0	0.0	0.0	0.0	2237.53	0.0	0.0	0.0	0.0	0.0	0.0	0.0	0.0	25.4265	0.0	0.0	0.0	0.0	0	0	0	0	37	0	0	0	0	0	0	0	0	0	0	0	0	0	0	0	0	0	51	0	0	0	0	0	0	0	0	0	0	0	0	0	0	0	0	0	0	0	0	0	0	0	0	0	0	0	0	0	0	0	0.0	0.0	0.0	0.0	0.000469	0.0	0.0	0.0	0.0	0.0	0.0	0.0	0.0	1.0	0.0	0.0	0.0	0.0	
91	91	2504.573265024	10438.603	10438.603	0.821205	0.295903	0	0	0	0	89	0	0	0	0	0.0	0.0	0.0	0.0	0.372841	0.0	0.0	0.0	0.0	0.0	0.0	0.0	0.0	2257.11	0.0	0.0	0.0	0.0	0.0	0.0	0.0	0.0	25.3608	0.0	0.0	0.0	0.0	0	0	0	0	38	0	0	0	0	0	0	0	0	0	0	0	0	0	0	0	0	0	51	0	0	0	0	0	0	0	0	0	0	0	0	0	0	0	0	0	0	0	0	0	0	0	0	0	0	0	0	0	0	0	0.0	0.0	0.0	0.0	0.00058	0.0	0.0	0.0	0.0	0.0	0.0	0.0	0.0	1.0	0.0	0.0	0.0	0.0	
92	92	2531.651599898	10438.603	10438.603	0.790711	0.282328	0	0	0	0	90	0	0	0	0	0.0	0.0	0.0	0.0	0.335557	0.0	0.0	0.0	0.0	0.0	0.0	0.0	0.0	2284.19	0.0	0.0	0.0	0.0	0.0	0.0	0.0	0.0	25.3799	0.0	0.0	0.0	0.0	0	0	0	0	38	0	0	0	0	0	0	0	0	0	0	0	0	0	0	0	0	0	52	0	0	0	0	0	0	0	0	0	0	0	0	0	0	0	0	0	0	0	0	0	0	0	0	0	0	0	0	0	0	0	0.0	0.0	0.0	0.0	0.000521	0.0	0.0	0.0	0.0	0.0	0.0	0.0	0.0	1.0	0.0	0.0	0.0	0.0	
93	93	2576.732714653	10432.603	10432.603	0.750399	0.263784	0	0	0	0	91	0	0	0	0	0.0	0.0	0.0	0.0	0.402001	0.0	0.0	0.0	0.0	0.0	0.0	0.0	0.0	2329.27	0.0	0.0	0.0	0.0	0.0	0.0	0.0	0.0	25.5964	0.0	0.0	0.0	0.0	0	0	0	0	39	0	0	0	0	0	0	0	0	0	0	0	0	0	0	0	0	0	52	0	0	0	0	0	0	0	0	0	0	0	0	0	0	0	0	0	0	0	0	0	0	0	0	0	0	0	0	0	0	0	0.0	0.0	0.0	0.0	0.000614	0.0	0.0	0.0	0.0	0.0	0.0	0.0	0.0	1.0	0.0	0.0	0.0	0.0	
94	94	2600.884458147	10432.603	10432.603	0.687793	0.233651	0	0	0	0	92	0	0	0	0	0.0	0.0	0.0	0.0	0.361801	0.0	0.0	0.0	0.0	0.0	0.0	0.0	0.0	2353.42	0.0	0.0	0.0	0.0	0.0	0.0	0.0	0.0	25.5807	0.0	0.0	0.0	0.0	0	0	0	0	39	0	0	0	0	0	0	0	0	0	0	0	0	0	0	0	0	0	53	0	0	0	0	0	0	0	0	0	0	0	0	0	0	0	0	0	0	0	0	0	0	0	0	0	0	0	0	0	0	0	0.0	0.0	0.0	0.0	0.000553	0.0	0.0	0.0	0.0	0.0	0.0	0.0	0.0	1.0	0.0	0.0	0.0	0.0	
95	95	2620.470245407	10432.603	10432.603	0.656429	0.217971	0	0	0	0	93	0	0	0	0	0.0	0.0	0.0	0.0	0.325621	0.0	0.0	0.0	0.0	0.0	0.0	0.0	0.0	2373.01	0.0	0.0	0.0	0.0	0.0	0.0	0.0	0.0	25.5162	0.0	0.0	0.0	0.0	0	0	0	0	39	0	0	0	0	0	0	0	0	0	0	0	0	0	0	0	0	0	54	0	0	0	0	0	0	0	0	0	0	0	0	0	0	0	0	0	0	0	0	0	0	0	0	0	0	0	0	0	0	0	0.0	0.0	0.0	0.0	0.0005	0.0	0.0	0.0	0.0	0.0	0.0	0.0	0.0	1.0	0.0	0.0	0.0	0.0	
96	96	2639.796522876	10432.088	10432.088	0.632049	0.205531	0	0	0	0	94	0	0	0	0	0.0	0.0	0.0	0.0	0.393059	0.0	0.0	0.0	0.0	0.0	0.0	0.0	0.0	2392.33	0.0	0.0	0.0	0.0	0.0	0.0	0.0	0.0	25.4503	0.0	0.0	0.0	0.0	0	0	0	0	40	0	0	0	0	0	0	0	0	0	0	0	0	0	0	0	0	0	54	0	0	0	0	0	0	0	0	0	0	0	0	0	0	0	0	0	0	0	0	0	0	0	0	0	0	0	0	0	0	0	0.0	0.0	0.0	0.0	0.000607	0.0	0.0	0.0	0.0	0.0	0.0	0.0	0.0	1.0	0.0	0.0	0.0	0.0	
97	97	2662.259269203	10406.088	10406.088	0.608879	0.193522	0	0	0	0	95	0	0	0	0	0.0	0.0	0.0	0.0	0.453753	0.0	0.0	0.0	0.0	0.0	0.0	0.0	0.0	2414.79	0.0	0.0	0.0	0.0	0.0	0.0	0.0	0.0	25.4189	0.0	0.0	0.0	0.0	0	0	0	0	41	0	0	0	0	0	0	0	0	0	0	0	0	0	0	0	0	0	54	0	0	0	0	0	0	0	0	0	0	0	0	0	0	0	0	0	0	0	0	0	0	0	0	0	0	0	0	0	0	0	0.0	0.0	0.0	0.0	0.000702	0.0	0.0	0.0	0.0	0.0	0.0	0.0	0.0	1.0	0.0	0.0	0.0	0.0	
98	98	2681.903636536	10406.088	10406.088	0.583014	0.179923	0	0	0	0	96	0	0	0	0	0.0	0.0	0.0	0.0	0.408378	0.0	0.0	0.0	0.0	0.0	0.0	0.0	0.0	2434.44	0.0	0.0	0.0	0.0	0.0	0.0	0.0	0.0	25.3587	0.0	0.0	0.0	0.0	0	0	0	0	41	0	0	0	0	0	0	0	0	0	0	0	0	0	0	0	0	0	55	0	0	0	0	0	0	0	0	0	0	0	0	0	0	0	0	0	0	0	0	0	0	0	0	0	0	0	0	0	0	0	0.0	0.0	0.0	0.0	0.000635	0.0	0.0	0.0	0.0	0.0	0.0	0.0	0.0	1.0	0.0	0.0	0.0	0.0	
99	99	2705.492610579	10406.088	10406.088	0.561296	0.16837	0	0	0	0	97	0	0	0	0	0.0	0.0	0.0	0.0	0.36754	0.0	0.0	0.0	0.0	0.0	0.0	0.0	0.0	2458.03	0.0	0.0	0.0	0.0	0.0	0.0	0.0	0.0	25.3405	0.0	0.0	0.0	0.0	0	0	0	0	41	0	0	0	0	0	0	0	0	0	0	0	0	0	0	0	0	0	56	0	0	0	0	0	0	0	0	0	0	0	0	0	0	0	0	0	0	0	0	0	0	0	0	0	0	0	0	0	0	0	0.0	0.0	0.0	0.0	0.000572	0.0	0.0	0.0	0.0	0.0	0.0	0.0	0.0	1.0	0.0	0.0	0.0	0.0	
100	100	2719.806200536	10406.088	10406.088	0.536284	0.154945	0	0	0	0	98	0	0	0	0	0.0	0.0	0.0	0.0	0.330786	0.0	0.0	0.0	0.0	0.0	0.0	0.0	0.0	2472.34	0.0	0.0	0.0	0.0	0.0	0.0	0.0	0.0	25.228	0.0	0.0	0.0	0.0	0	0	0	0	41	0	0	0	0	0	0	0	0	0	0	0	0	0	0	0	0	0	57	0	0	0	0	0	0	0	0	0	0	0	0	0	0	0	0	0	0	0	0	0	0	0	0	0	0	0	0	0	0	0	0.0	0.0	0.0	0.0	0.00052	0.0	0.0	0.0	0.0	0.0	0.0	0.0	0.0	1.0	0.0	0.0	0.0	0.0	
101	101	2757.070090127	10377.956	10377.956	0.521653	0.14705	0	0	0	0	99	0	0	0	0	0.0	0.0	0.0	0.0	0.397707	0.0	0.0	0.0	0.0	0.0	0.0	0.0	0.0	2509.61	0.0	0.0	0.0	0.0	0.0	0.0	0.0	0.0	25.3496	0.0	0.0	0.0	0.0	0	0	0	0	42	0	0	0	0	0	0	0	0	0	0	0	0	0	0	0	0	0	57	0	0	0	0	0	0	0	0	0	0	0	0	0	0	0	0	0	0	0	0	0	0	0	0	0	0	0	0	0	0	0	0.0	0.0	0.0	0.0	0.000619	0.0	0.0	0.0	0.0	0.0	0.0	0.0	0.0	1.0	0.0	0.0	0.0	0.0	
102	102	2785.883415168	10377.956	10377.956	0.485409	0.127439	0	0	0	0	100	0	0	0	0	0.0	0.0	0.0	0.0	0.357937	0.0	0.0	0.0	0.0	0.0	0.0	0.0	0.0	2538.42	0.0	0.0	0.0	0.0	0.0	0.0	0.0	0.0	25.3842	0.0	0.0	0.0	0.0	0	0	0	0	42	0	0	0	0	0	0	0	0	0	0	0	0	0	0	0	0	0	58	0	0	0	0	0	0	0	0	0	0	0	0	0	0	0	0	0	0	0	0	0	0	0	0	0	0	0	0	0	0	0	0.0	0.0	0.0	0.0	0.000555	0.0	0.0	0.0	0.0	0.0	0.0	0.0	0.0	1.0	0.0	0.0	0.0	0.0	
103	103	2819.710701359	10355.779	10355.779	0.45912	0.113259	0	0	0	0	101	0	0	0	0	0.0	0.0	0.0	0.0	0.422143	0.0	0.0	0.0	0.0	0.0	0.0	0.0	0.0	2572.25	0.0	0.0	0.0	0.0	0.0	0.0	0.0	0.0	25.4678	0.0	0.0	0.0	0.0	0	0	0	0	43	0	0	0	0	0	0	0	0	0	0	0	0	0	0	0	0	0	58	0	0	0	0	0	0	0	0	0	0	0	0	0	0	0	0	0	0	0	0	0	0	0	0	0	0	0	0	0	0	0	0.0	0.0	0.0	0.0	0.000651	0.0	0.0	0.0	0.0	0.0	0.0	0.0	0.0	1.0	0.0	0.0	0.0	0.0	
104	104	2852.013408941	10349.779	10349.779	0.430067	0.097762	0	0	0	0	102	0	0	0	0	0.0	0.0	0.0	0.0	0.479929	0.0	0.0	0.0	0.0	0.0	0.0	0.0	0.0	2604.55	0.0	0.0	0.0	0.0	0.0	0.0	0.0	0.0	25.5348	0.0	0.0	0.0	0.0	0	0	0	0	44	0	0	0	0	0	0	0	0	0	0	0	0	0	0	0	0	0	58	0	0	0	0	0	0	0	0	0	0	0	0	0	0	0	0	0	0	0	0	0	0	0	0	0	0	0	0	0	0	0	0.0	0.0	0.0	0.0	0.000736	0.0	0.0	0.0	0.0	0.0	0.0	0.0	0.0	1.0	0.0	0.0	0.0	0.0	
105	105	2884.054857059	10342.779	10342.779	0.404042	0.084164	0	0	0	0	103	0	0	0	0	0.0	0.0	0.0	0.0	0.531936	0.0	0.0	0.0	0.0	0.0	0.0	0.0	0.0	2636.59	0.0	0.0	0.0	0.0	0.0	0.0	0.0	0.0	25.598	0.0	0.0	0.0	0.0	0	0	0	0	45	0	0	0	0	0	0	0	0	0	0	0	0	0	0	0	0	0	58	0	0	0	0	0	0	0	0	0	0	0	0	0	0	0	0	0	0	0	0	0	0	0	0	0	0	0	0	0	0	0	0.0	0.0	0.0	0.0	0.000812	0.0	0.0	0.0	0.0	0.0	0.0	0.0	0.0	1.0	0.0	0.0	0.0	0.0	
106	106	2974.702681146	10305.721	10305.721	0.379783	0.071856	0	0	0	0	104	0	0	0	0	0.0	0.0	0.0	0.0	0.578742	0.0	0.0	0.0	0.0	0.0	0.0	0.0	0.0	2727.24	0.0	0.0	0.0	0.0	0.0	0.0	0.0	0.0	26.2234	0.0	0.0	0.0	0.0	0	0	0	0	46	0	0	0	0	0	0	0	0	0	0	0	0	0	0	0	0	0	58	0	0	0	0	0	0	0	0	0	0	0	0	0	0	0	0	0	0	0	0	0	0	0	0	0	0	0	0	0	0	0	0.0	0.0	0.0	0.0	0.000842	0.0	0.0	0.0	0.0	0.0	0.0	0.0	0.0	1.0	0.0	0.0	0.0	0.0	
107	107	2989.03161128	10305.721	10305.721	0.318756	0.043404	0	0	0	0	105	0	0	0	0	0.0	0.0	0.0	0.0	0.520868	0.0	0.0	0.0	0.0	0.0	0.0	0.0	0.0	2741.57	0.0	0.0	0.0	0.0	0.0	0.0	0.0	0.0	26.1102	0.0	0.0	0.0	0.0	0	0	0	0	46	0	0	0	0	0	0	0	0	0	0	0	0	0	0	0	0	0	59	0	0	0	0	0	0	0	0	0	0	0	0	0	0	0	0	0	0	0	0	0	0	0	0	0	0	0	0	0	0	0	0.0	0.0	0.0	0.0	0.000764	0.0	0.0	0.0	0.0	0.0	0.0	0.0	0.0	1.0	0.0	0.0	0.0	0.0	
108	108	3011.441563023	10305.721	10305.721	0.310051	0.039745	0	0	0	0	106	0	0	0	0	0.0	0.0	0.0	0.0	0.468781	0.0	0.0	0.0	0.0	0.0	0.0	0.0	0.0	2763.98	0.0	0.0	0.0	0.0	0.0	0.0	0.0	0.0	26.0753	0.0	0.0	0.0	0.0	0	0	0	0	46	0	0	0	0	0	0	0	0	0	0	0	0	0	0	0	0	0	60	0	0	0	0	0	0	0	0	0	0	0	0	0	0	0	0	0	0	0	0	0	0	0	0	0	0	0	0	0	0	0	0.0	0.0	0.0	0.0	0.000689	0.0	0.0	0.0	0.0	0.0	0.0	0.0	0.0	1.0	0.0	0.0	0.0	0.0	
109	109	3026.737009022	10298.721	10298.721	0.29691	0.034458	0	0	0	0	107	0	0	0	0	0.0	0.0	0.0	0.0	0.521903	0.0	0.0	0.0	0.0	0.0	0.0	0.0	0.0	2779.27	0.0	0.0	0.0	0.0	0.0	0.0	0.0	0.0	25.9745	0.0	0.0	0.0	0.0	0	0	0	0	47	0	0	0	0	0	0	0	0	0	0	0	0	0	0	0	0	0	60	0	0	0	0	0	0	0	0	0	0	0	0	0	0	0	0	0	0	0	0	0	0	0	0	0	0	0	0	0	0	0	0.0	0.0	0.0	0.0	0.000774	0.0	0.0	0.0	0.0	0.0	0.0	0.0	0.0	1.0	0.0	0.0	0.0	0.0	
110	110	3041.023259666	10298.721	10298.721	0.288262	0.031146	0	0	0	0	108	0	0	0	0	0.0	0.0	0.0	0.0	0.469713	0.0	0.0	0.0	0.0	0.0	0.0	0.0	0.0	2793.56	0.0	0.0	0.0	0.0	0.0	0.0	0.0	0.0	25.8663	0.0	0.0	0.0	0.0	0	0	0	0	47	0	0	0	0	0	0	0	0	0	0	0	0	0	0	0	0	0	61	0	0	0	0	0	0	0	0	0	0	0	0	0	0	0	0	0	0	0	0	0	0	0	0	0	0	0	0	0	0	0	0.0	0.0	0.0	0.0	0.000702	0.0	0.0	0.0	0.0	0.0	0.0	0.0	0.0	1.0	0.0	0.0	0.0	0.0	
111	111	3059.597241151	10298.721	10298.721	0.280413	0.028264	0	0	0	0	109	0	0	0	0	0.0	0.0	0.0	0.0	0.422741	0.0	0.0	0.0	0.0	0.0	0.0	0.0	0.0	2812.13	0.0	0.0	0.0	0.0	0.0	0.0	0.0	0.0	25.7994	0.0	0.0	0.0	0.0	0	0	0	0	47	0	0	0	0	0	0	0	0	0	0	0	0	0	0	0	0	0	62	0	0	0	0	0	0	0	0	0	0	0	0	0	0	0	0	0	0	0	0	0	0	0	0	0	0	0	0	0	0	0	0.0	0.0	0.0	0.0	0.000635	0.0	0.0	0.0	0.0	0.0	0.0	0.0	0.0	1.0	0.0	0.0	0.0	0.0	
112	112	3074.04946162	10298.721	10298.721	0.270526	0.02481	0	0	0	0	110	0	0	0	0	0.0	0.0	0.0	0.0	0.380467	0.0	0.0	0.0	0.0	0.0	0.0	0.0	0.0	2826.58	0.0	0.0	0.0	0.0	0.0	0.0	0.0	0.0	25.6962	0.0	0.0	0.0	0.0	0	0	0	0	47	0	0	0	0	0	0	0	0	0	0	0	0	0	0	0	0	0	63	0	0	0	0	0	0	0	0	0	0	0	0	0	0	0	0	0	0	0	0	0	0	0	0	0	0	0	0	0	0	0	0.0	0.0	0.0	0.0	0.000576	0.0	0.0	0.0	0.0	0.0	0.0	0.0	0.0	1.0	0.0	0.0	0.0	0.0	
113	113	3254.856237881	10287.632	10287.632	0.263076	0.022344	0	0	0	0	111	0	0	0	0	0.0	0.0	0.0	0.0	0.442421	0.0	0.0	0.0	0.0	0.0	0.0	0.0	0.0	3007.39	0.0	0.0	0.0	0.0	0.0	0.0	0.0	0.0	27.0936	0.0	0.0	0.0	0.0	0	0	0	0	48	0	0	0	0	0	0	0	0	0	0	0	0	0	0	0	0	0	63	0	0	0	0	0	0	0	0	0	0	0	0	0	0	0	0	0	0	0	0	0	0	0	0	0	0	0	0	0	0	0	0.0	0.0	0.0	0.0	0.000603	0.0	0.0	0.0	0.0	0.0	0.0	0.0	0.0	1.0	0.0	0.0	0.0	0.0	
114	114	3269.82857359	10287.632	10287.632	0.185497	0.004558	0	0	0	0	112	0	0	0	0	0.0	0.0	0.0	0.0	0.398179	0.0	0.0	0.0	0.0	0.0	0.0	0.0	0.0	3022.36	0.0	0.0	0.0	0.0	0.0	0.0	0.0	0.0	26.9854	0.0	0.0	0.0	0.0	0	0	0	0	48	0	0	0	0	0	0	0	0	0	0	0	0	0	0	0	0	0	64	0	0	0	0	0	0	0	0	0	0	0	0	0	0	0	0	0	0	0	0	0	0	0	0	0	0	0	0	0	0	0	0.0	0.0	0.0	0.0	0.000547	0.0	0.0	0.0	0.0	0.0	0.0	0.0	0.0	1.0	0.0	0.0	0.0	0.0	
115	115	3293.635529324	10287.632	10287.632	0.180207	0.003891	0	0	0	0	113	0	0	0	0	0.0	0.0	0.0	0.0	0.358361	0.0	0.0	0.0	0.0	0.0	0.0	0.0	0.0	3046.17	0.0	0.0	0.0	0.0	0.0	0.0	0.0	0.0	26.9573	0.0	0.0	0.0	0.0	0	0	0	0	48	0	0	0	0	0	0	0	0	0	0	0	0	0	0	0	0	0	65	0	0	0	0	0	0	0	0	0	0	0	0	0	0	0	0	0	0	0	0	0	0	0	0	0	0	0	0	0	0	0	0.0	0.0	0.0	0.0	0.000493	0.0	0.0	0.0	0.0	0.0	0.0	0.0	0.0	1.0	0.0	0.0	0.0	0.0	
116	116	3474.426021718	10281.765	10281.765	0.172104	0.002996	0	0	0	0	114	0	0	0	0	0.0	0.0	0.0	0.0	0.422525	0.0	0.0	0.0	0.0	0.0	0.0	0.0	0.0	3226.96	0.0	0.0	0.0	0.0	0.0	0.0	0.0	0.0	28.3067	0.0	0.0	0.0	0.0	0	0	0	0	49	0	0	0	0	0	0	0	0	0	0	0	0	0	0	0	0	0	65	0	0	0	0	0	0	0	0	0	0	0	0	0	0	0	0	0	0	0	0	0	0	0	0	0	0	0	0	0	0	0	0.0	0.0	0.0	0.0	0.000527	0.0	0.0	0.0	0.0	0.0	0.0	0.0	0.0	1.0	0.0	0.0	0.0	0.0	
117	117	3546.295147272	10272.765	10272.765	0.121356	0.000264	0	0	0	0	115	0	0	0	0	0.0	0.0	0.0	0.0	0.480272	0.0	0.0	0.0	0.0	0.0	0.0	0.0	0.0	3298.83	0.0	0.0	0.0	0.0	0.0	0.0	0.0	0.0	28.6855	0.0	0.0	0.0	0.0	0	0	0	0	50	0	0	0	0	0	0	0	0	0	0	0	0	0	0	0	0	0	65	0	0	0	0	0	0	0	0	0	0	0	0	0	0	0	0	0	0	0	0	0	0	0	0	0	0	0	0	0	0	0	0.0	0.0	0.0	0.0	0.000584	0.0	0.0	0.0	0.0	0.0	0.0	0.0	0.0	1.0	0.0	0.0	0.0	0.0	
118	118	3570.604234841	10272.765	10272.765	0.10562	7.7e-5	0	0	0	0	116	0	0	0	0	0.0	0.0	0.0	0.0	0.432245	0.0	0.0	0.0	0.0	0.0	0.0	0.0	0.0	3323.14	0.0	0.0	0.0	0.0	0.0	0.0	0.0	0.0	28.6478	0.0	0.0	0.0	0.0	0	0	0	0	50	0	0	0	0	0	0	0	0	0	0	0	0	0	0	0	0	0	66	0	0	0	0	0	0	0	0	0	0	0	0	0	0	0	0	0	0	0	0	0	0	0	0	0	0	0	0	0	0	0	0.0	0.0	0.0	0.0	0.000527	0.0	0.0	0.0	0.0	0.0	0.0	0.0	0.0	1.0	0.0	0.0	0.0	0.0	
119	119	3609.931387018	10248.029	10248.029	0.100773	4.9e-5	0	0	0	0	117	0	0	0	0	0.0	0.0	0.0	0.0	0.48902	0.0	0.0	0.0	0.0	0.0	0.0	0.0	0.0	3362.47	0.0	0.0	0.0	0.0	0.0	0.0	0.0	0.0	28.739	0.0	0.0	0.0	0.0	0	0	0	0	51	0	0	0	0	0	0	0	0	0	0	0	0	0	0	0	0	0	66	0	0	0	0	0	0	0	0	0	0	0	0	0	0	0	0	0	0	0	0	0	0	0	0	0	0	0	0	0	0	0	0.0	0.0	0.0	0.0	0.000592	0.0	0.0	0.0	0.0	0.0	0.0	0.0	0.0	1.0	0.0	0.0	0.0	0.0	
120	120	3624.373790723	10248.029	10248.029	0.093398	2.2e-5	0	0	0	0	118	0	0	0	0	0.0	0.0	0.0	0.0	0.440118	0.0	0.0	0.0	0.0	0.0	0.0	0.0	0.0	3376.91	0.0	0.0	0.0	0.0	0.0	0.0	0.0	0.0	28.6179	0.0	0.0	0.0	0.0	0	0	0	0	51	0	0	0	0	0	0	0	0	0	0	0	0	0	0	0	0	0	67	0	0	0	0	0	0	0	0	0	0	0	0	0	0	0	0	0	0	0	0	0	0	0	0	0	0	0	0	0	0	0	0.0	0.0	0.0	0.0	0.000537	0.0	0.0	0.0	0.0	0.0	0.0	0.0	0.0	1.0	0.0	0.0	0.0	0.0	
121	121	3643.289865599	10248.029	10248.029	0.090827	1.7e-5	0	0	0	0	119	0	0	0	0	0.0	0.0	0.0	0.0	0.396107	0.0	0.0	0.0	0.0	0.0	0.0	0.0	0.0	3395.82	0.0	0.0	0.0	0.0	0.0	0.0	0.0	0.0	28.5363	0.0	0.0	0.0	0.0	0	0	0	0	51	0	0	0	0	0	0	0	0	0	0	0	0	0	0	0	0	0	68	0	0	0	0	0	0	0	0	0	0	0	0	0	0	0	0	0	0	0	0	0	0	0	0	0	0	0	0	0	0	0	0.0	0.0	0.0	0.0	0.000486	0.0	0.0	0.0	0.0	0.0	0.0	0.0	0.0	1.0	0.0	0.0	0.0	0.0	
122	122	3661.3550362	10248.029	10248.029	0.087567	1.1e-5	0	0	0	0	120	0	0	0	0	0.0	0.0	0.0	0.0	0.356496	0.0	0.0	0.0	0.0	0.0	0.0	0.0	0.0	3413.89	0.0	0.0	0.0	0.0	0.0	0.0	0.0	0.0	28.4491	0.0	0.0	0.0	0.0	0	0	0	0	51	0	0	0	0	0	0	0	0	0	0	0	0	0	0	0	0	0	69	0	0	0	0	0	0	0	0	0	0	0	0	0	0	0	0	0	0	0	0	0	0	0	0	0	0	0	0	0	0	0	0.0	0.0	0.0	0.0	0.00044	0.0	0.0	0.0	0.0	0.0	0.0	0.0	0.0	1.0	0.0	0.0	0.0	0.0	
123	123	3741.689224922	10183.853	10183.853	0.084563	7.0e-6	0	0	0	0	121	0	0	0	0	0.0	0.0	0.0	0.0	0.420846	0.0	0.0	0.0	0.0	0.0	0.0	0.0	0.0	3494.22	0.0	0.0	0.0	0.0	0.0	0.0	0.0	0.0	28.8779	0.0	0.0	0.0	0.0	0	0	0	0	52	0	0	0	0	0	0	0	0	0	0	0	0	0	0	0	0	0	69	0	0	0	0	0	0	0	0	0	0	0	0	0	0	0	0	0	0	0	0	0	0	0	0	0	0	0	0	0	0	0	0.0	0.0	0.0	0.0	0.000505	0.0	0.0	0.0	0.0	0.0	0.0	0.0	0.0	1.0	0.0	0.0	0.0	0.0	
124	124	3882.239433821	10146.397	10146.397	0.072403	1.0e-6	0	0	0	0	122	0	0	0	0	0.0	0.0	0.0	0.0	0.478762	0.0	0.0	0.0	0.0	0.0	0.0	0.0	0.0	3634.77	0.0	0.0	0.0	0.0	0.0	0.0	0.0	0.0	29.7932	0.0	0.0	0.0	0.0	0	0	0	0	53	0	0	0	0	0	0	0	0	0	0	0	0	0	0	0	0	0	69	0	0	0	0	0	0	0	0	0	0	0	0	0	0	0	0	0	0	0	0	0	0	0	0	0	0	0	0	0	0	0	0.0	0.0	0.0	0.0	0.000539	0.0	0.0	0.0	0.0	0.0	0.0	0.0	0.0	1.0	0.0	0.0	0.0	0.0	
125	125	3906.754424884	10119.206	10119.206	0.055182	0.0	0	0	0	0	123	0	0	0	0	0.0	0.0	0.0	0.0	0.530886	0.0	0.0	0.0	0.0	0.0	0.0	0.0	0.0	3659.29	0.0	0.0	0.0	0.0	0.0	0.0	0.0	0.0	29.7503	0.0	0.0	0.0	0.0	0	0	0	0	54	0	0	0	0	0	0	0	0	0	0	0	0	0	0	0	0	0	69	0	0	0	0	0	0	0	0	0	0	0	0	0	0	0	0	0	0	0	0	0	0	0	0	0	0	0	0	0	0	0	0.0	0.0	0.0	0.0	0.0006	0.0	0.0	0.0	0.0	0.0	0.0	0.0	0.0	1.0	0.0	0.0	0.0	0.0	
126	126	3930.956744112	10119.206	10119.206	0.052629	0.0	0	0	0	0	124	0	0	0	0	0.0	0.0	0.0	0.0	0.477797	0.0	0.0	0.0	0.0	0.0	0.0	0.0	0.0	3683.49	0.0	0.0	0.0	0.0	0.0	0.0	0.0	0.0	29.7056	0.0	0.0	0.0	0.0	0	0	0	0	54	0	0	0	0	0	0	0	0	0	0	0	0	0	0	0	0	0	70	0	0	0	0	0	0	0	0	0	0	0	0	0	0	0	0	0	0	0	0	0	0	0	0	0	0	0	0	0	0	0	0.0	0.0	0.0	0.0	0.000541	0.0	0.0	0.0	0.0	0.0	0.0	0.0	0.0	1.0	0.0	0.0	0.0	0.0	
127	127	3958.924474098	10114.706	10114.706	0.050224	0.0	0	0	0	0	125	0	0	0	0	0.0	0.0	0.0	0.0	0.530017	0.0	0.0	0.0	0.0	0.0	0.0	0.0	0.0	3711.46	0.0	0.0	0.0	0.0	0.0	0.0	0.0	0.0	29.6917	0.0	0.0	0.0	0.0	0	0	0	0	55	0	0	0	0	0	0	0	0	0	0	0	0	0	0	0	0	0	70	0	0	0	0	0	0	0	0	0	0	0	0	0	0	0	0	0	0	0	0	0	0	0	0	0	0	0	0	0	0	0	0.0	0.0	0.0	0.0	0.000601	0.0	0.0	0.0	0.0	0.0	0.0	0.0	0.0	1.0	0.0	0.0	0.0	0.0	
128	128	3985.245900853	10114.706	10114.706	0.047582	0.0	0	0	0	0	126	0	0	0	0	0.0	0.0	0.0	0.0	0.477016	0.0	0.0	0.0	0.0	0.0	0.0	0.0	0.0	3737.78	0.0	0.0	0.0	0.0	0.0	0.0	0.0	0.0	29.6649	0.0	0.0	0.0	0.0	0	0	0	0	55	0	0	0	0	0	0	0	0	0	0	0	0	0	0	0	0	0	71	0	0	0	0	0	0	0	0	0	0	0	0	0	0	0	0	0	0	0	0	0	0	0	0	0	0	0	0	0	0	0	0.0	0.0	0.0	0.0	0.000542	0.0	0.0	0.0	0.0	0.0	0.0	0.0	0.0	1.0	0.0	0.0	0.0	0.0	
129	129	4001.835761294	10114.706	10114.706	0.045222	0.0	0	0	0	0	127	0	0	0	0	0.0	0.0	0.0	0.0	0.429314	0.0	0.0	0.0	0.0	0.0	0.0	0.0	0.0	3754.37	0.0	0.0	0.0	0.0	0.0	0.0	0.0	0.0	29.562	0.0	0.0	0.0	0.0	0	0	0	0	55	0	0	0	0	0	0	0	0	0	0	0	0	0	0	0	0	0	72	0	0	0	0	0	0	0	0	0	0	0	0	0	0	0	0	0	0	0	0	0	0	0	0	0	0	0	0	0	0	0	0.0	0.0	0.0	0.0	0.000491	0.0	0.0	0.0	0.0	0.0	0.0	0.0	0.0	1.0	0.0	0.0	0.0	0.0	
130	130	4016.051200954	10114.706	10114.706	0.043795	0.0	0	0	0	0	128	0	0	0	0	0.0	0.0	0.0	0.0	0.386383	0.0	0.0	0.0	0.0	0.0	0.0	0.0	0.0	3768.59	0.0	0.0	0.0	0.0	0.0	0.0	0.0	0.0	29.4421	0.0	0.0	0.0	0.0	0	0	0	0	55	0	0	0	0	0	0	0	0	0	0	0	0	0	0	0	0	0	73	0	0	0	0	0	0	0	0	0	0	0	0	0	0	0	0	0	0	0	0	0	0	0	0	0	0	0	0	0	0	0	0.0	0.0	0.0	0.0	0.000446	0.0	0.0	0.0	0.0	0.0	0.0	0.0	0.0	1.0	0.0	0.0	0.0	0.0	
131	131	4030.389317365	10114.706	10114.706	0.042609	0.0	0	0	0	0	129	0	0	0	0	0.0	0.0	0.0	0.0	0.347744	0.0	0.0	0.0	0.0	0.0	0.0	0.0	0.0	3782.92	0.0	0.0	0.0	0.0	0.0	0.0	0.0	0.0	29.325	0.0	0.0	0.0	0.0	0	0	0	0	55	0	0	0	0	0	0	0	0	0	0	0	0	0	0	0	0	0	74	0	0	0	0	0	0	0	0	0	0	0	0	0	0	0	0	0	0	0	0	0	0	0	0	0	0	0	0	0	0	0	0.0	0.0	0.0	0.0	0.000404	0.0	0.0	0.0	0.0	0.0	0.0	0.0	0.0	1.0	0.0	0.0	0.0	0.0	
132	132	4054.651862163	10114.706	10114.706	0.041444	0.0	0	0	0	0	130	0	0	0	0	0.0	0.0	0.0	0.0	0.31297	0.0	0.0	0.0	0.0	0.0	0.0	0.0	0.0	3807.19	0.0	0.0	0.0	0.0	0.0	0.0	0.0	0.0	29.2861	0.0	0.0	0.0	0.0	0	0	0	0	55	0	0	0	0	0	0	0	0	0	0	0	0	0	0	0	0	0	75	0	0	0	0	0	0	0	0	0	0	0	0	0	0	0	0	0	0	0	0	0	0	0	0	0	0	0	0	0	0	0	0.0	0.0	0.0	0.0	0.000365	0.0	0.0	0.0	0.0	0.0	0.0	0.0	0.0	1.0	0.0	0.0	0.0	0.0	
133	133	4071.933183893	10114.706	10114.706	0.039546	0.0	0	0	0	0	131	0	0	0	0	0.0	0.0	0.0	0.0	0.281673	0.0	0.0	0.0	0.0	0.0	0.0	0.0	0.0	3824.47	0.0	0.0	0.0	0.0	0.0	0.0	0.0	0.0	29.1944	0.0	0.0	0.0	0.0	0	0	0	0	55	0	0	0	0	0	0	0	0	0	0	0	0	0	0	0	0	0	76	0	0	0	0	0	0	0	0	0	0	0	0	0	0	0	0	0	0	0	0	0	0	0	0	0	0	0	0	0	0	0	0.0	0.0	0.0	0.0	0.00033	0.0	0.0	0.0	0.0	0.0	0.0	0.0	0.0	1.0	0.0	0.0	0.0	0.0	
134	134	4086.14414186	10114.706	10114.706	0.038247	0.0	0	0	0	0	132	0	0	0	0	0.0	0.0	0.0	0.0	0.253506	0.0	0.0	0.0	0.0	0.0	0.0	0.0	0.0	3838.68	0.0	0.0	0.0	0.0	0.0	0.0	0.0	0.0	29.0809	0.0	0.0	0.0	0.0	0	0	0	0	55	0	0	0	0	0	0	0	0	0	0	0	0	0	0	0	0	0	77	0	0	0	0	0	0	0	0	0	0	0	0	0	0	0	0	0	0	0	0	0	0	0	0	0	0	0	0	0	0	0	0.0	0.0	0.0	0.0	0.0003	0.0	0.0	0.0	0.0	0.0	0.0	0.0	0.0	1.0	0.0	0.0	0.0	0.0	
135	135	4125.186138327	10105.706	10105.706	0.037211	0.0	0	0	0	0	133	0	0	0	0	0.0	0.0	0.0	0.0	0.328155	0.0	0.0	0.0	0.0	0.0	0.0	0.0	0.0	3877.72	0.0	0.0	0.0	0.0	0.0	0.0	0.0	0.0	29.1558	0.0	0.0	0.0	0.0	0	0	0	0	56	0	0	0	0	0	0	0	0	0	0	0	0	0	0	0	0	0	77	0	0	0	0	0	0	0	0	0	0	0	0	0	0	0	0	0	0	0	0	0	0	0	0	0	0	0	0	0	0	0	0.0	0.0	0.0	0.0	0.000386	0.0	0.0	0.0	0.0	0.0	0.0	0.0	0.0	1.0	0.0	0.0	0.0	0.0	
136	136	4139.444251071	10105.706	10105.706	0.034507	0.0	0	0	0	0	134	0	0	0	0	0.0	0.0	0.0	0.0	0.29534	0.0	0.0	0.0	0.0	0.0	0.0	0.0	0.0	3891.98	0.0	0.0	0.0	0.0	0.0	0.0	0.0	0.0	29.0446	0.0	0.0	0.0	0.0	0	0	0	0	56	0	0	0	0	0	0	0	0	0	0	0	0	0	0	0	0	0	78	0	0	0	0	0	0	0	0	0	0	0	0	0	0	0	0	0	0	0	0	0	0	0	0	0	0	0	0	0	0	0	0.0	0.0	0.0	0.0	0.00035	0.0	0.0	0.0	0.0	0.0	0.0	0.0	0.0	1.0	0.0	0.0	0.0	0.0	
137	137	4155.609364409	10105.706	10105.706	0.033569	0.0	0	0	0	0	135	0	0	0	0	0.0	0.0	0.0	0.0	0.265806	0.0	0.0	0.0	0.0	0.0	0.0	0.0	0.0	3908.14	0.0	0.0	0.0	0.0	0.0	0.0	0.0	0.0	28.9492	0.0	0.0	0.0	0.0	0	0	0	0	56	0	0	0	0	0	0	0	0	0	0	0	0	0	0	0	0	0	79	0	0	0	0	0	0	0	0	0	0	0	0	0	0	0	0	0	0	0	0	0	0	0	0	0	0	0	0	0	0	0	0.0	0.0	0.0	0.0	0.000317	0.0	0.0	0.0	0.0	0.0	0.0	0.0	0.0	1.0	0.0	0.0	0.0	0.0	
138	138	4336.376844722	10092.706	10092.706	0.032537	0.0	0	0	0	0	136	0	0	0	0	0.0	0.0	0.0	0.0	0.339225	0.0	0.0	0.0	0.0	0.0	0.0	0.0	0.0	4088.91	0.0	0.0	0.0	0.0	0.0	0.0	0.0	0.0	30.0655	0.0	0.0	0.0	0.0	0	0	0	0	57	0	0	0	0	0	0	0	0	0	0	0	0	0	0	0	0	0	79	0	0	0	0	0	0	0	0	0	0	0	0	0	0	0	0	0	0	0	0	0	0	0	0	0	0	0	0	0	0	0	0.0	0.0	0.0	0.0	0.000375	0.0	0.0	0.0	0.0	0.0	0.0	0.0	0.0	1.0	0.0	0.0	0.0	0.0	
139	139	4350.695610776	10092.706	10092.706	0.022944	0.0	0	0	0	0	137	0	0	0	0	0.0	0.0	0.0	0.0	0.305303	0.0	0.0	0.0	0.0	0.0	0.0	0.0	0.0	4103.23	0.0	0.0	0.0	0.0	0.0	0.0	0.0	0.0	29.9506	0.0	0.0	0.0	0.0	0	0	0	0	57	0	0	0	0	0	0	0	0	0	0	0	0	0	0	0	0	0	80	0	0	0	0	0	0	0	0	0	0	0	0	0	0	0	0	0	0	0	0	0	0	0	0	0	0	0	0	0	0	0	0.0	0.0	0.0	0.0	0.00034	0.0	0.0	0.0	0.0	0.0	0.0	0.0	0.0	1.0	0.0	0.0	0.0	0.0	
140	140	4372.348733384	10092.706	10092.706	0.022318	0.0	0	0	0	0	138	0	0	0	0	0.0	0.0	0.0	0.0	0.274772	0.0	0.0	0.0	0.0	0.0	0.0	0.0	0.0	4124.88	0.0	0.0	0.0	0.0	0.0	0.0	0.0	0.0	29.8905	0.0	0.0	0.0	0.0	0	0	0	0	57	0	0	0	0	0	0	0	0	0	0	0	0	0	0	0	0	0	81	0	0	0	0	0	0	0	0	0	0	0	0	0	0	0	0	0	0	0	0	0	0	0	0	0	0	0	0	0	0	0	0.0	0.0	0.0	0.0	0.000308	0.0	0.0	0.0	0.0	0.0	0.0	0.0	0.0	1.0	0.0	0.0	0.0	0.0	
141	141	4393.599757591	10092.706	10092.706	0.021403	0.0	0	0	0	0	139	0	0	0	0	0.0	0.0	0.0	0.0	0.247295	0.0	0.0	0.0	0.0	0.0	0.0	0.0	0.0	4146.13	0.0	0.0	0.0	0.0	0.0	0.0	0.0	0.0	29.8283	0.0	0.0	0.0	0.0	0	0	0	0	57	0	0	0	0	0	0	0	0	0	0	0	0	0	0	0	0	0	82	0	0	0	0	0	0	0	0	0	0	0	0	0	0	0	0	0	0	0	0	0	0	0	0	0	0	0	0	0	0	0	0.0	0.0	0.0	0.0	0.000278	0.0	0.0	0.0	0.0	0.0	0.0	0.0	0.0	1.0	0.0	0.0	0.0	0.0	
142	142	4425.848853215	10068.676	10068.676	0.020542	0.0	0	0	0	0	140	0	0	0	0	0.0	0.0	0.0	0.0	0.322566	0.0	0.0	0.0	0.0	0.0	0.0	0.0	0.0	4178.38	0.0	0.0	0.0	0.0	0.0	0.0	0.0	0.0	29.8456	0.0	0.0	0.0	0.0	0	0	0	0	58	0	0	0	0	0	0	0	0	0	0	0	0	0	0	0	0	0	82	0	0	0	0	0	0	0	0	0	0	0	0	0	0	0	0	0	0	0	0	0	0	0	0	0	0	0	0	0	0	0	0.0	0.0	0.0	0.0	0.000362	0.0	0.0	0.0	0.0	0.0	0.0	0.0	0.0	1.0	0.0	0.0	0.0	0.0	
143	143	4447.796807811	10068.676	10068.676	0.019301	0.0	0	0	0	0	141	0	0	0	0	0.0	0.0	0.0	0.0	0.290309	0.0	0.0	0.0	0.0	0.0	0.0	0.0	0.0	4200.33	0.0	0.0	0.0	0.0	0.0	0.0	0.0	0.0	29.7896	0.0	0.0	0.0	0.0	0	0	0	0	58	0	0	0	0	0	0	0	0	0	0	0	0	0	0	0	0	0	83	0	0	0	0	0	0	0	0	0	0	0	0	0	0	0	0	0	0	0	0	0	0	0	0	0	0	0	0	0	0	0	0.0	0.0	0.0	0.0	0.000327	0.0	0.0	0.0	0.0	0.0	0.0	0.0	0.0	1.0	0.0	0.0	0.0	0.0	
144	144	4484.810067254	10068.676	10068.676	0.018499	0.0	0	0	0	0	142	0	0	0	0	0.0	0.0	0.0	0.0	0.261278	0.0	0.0	0.0	0.0	0.0	0.0	0.0	0.0	4237.34	0.0	0.0	0.0	0.0	0.0	0.0	0.0	0.0	29.8405	0.0	0.0	0.0	0.0	0	0	0	0	58	0	0	0	0	0	0	0	0	0	0	0	0	0	0	0	0	0	84	0	0	0	0	0	0	0	0	0	0	0	0	0	0	0	0	0	0	0	0	0	0	0	0	0	0	0	0	0	0	0	0.0	0.0	0.0	0.0	0.000293	0.0	0.0	0.0	0.0	0.0	0.0	0.0	0.0	1.0	0.0	0.0	0.0	0.0	
145	145	4503.35623069	10059.676	10059.676	0.017222	0.0	0	0	0	0	143	0	0	0	0	0.0	0.0	0.0	0.0	0.33515	0.0	0.0	0.0	0.0	0.0	0.0	0.0	0.0	4255.89	0.0	0.0	0.0	0.0	0.0	0.0	0.0	0.0	29.7615	0.0	0.0	0.0	0.0	0	0	0	0	59	0	0	0	0	0	0	0	0	0	0	0	0	0	0	0	0	0	84	0	0	0	0	0	0	0	0	0	0	0	0	0	0	0	0	0	0	0	0	0	0	0	0	0	0	0	0	0	0	0	0.0	0.0	0.0	0.0	0.000378	0.0	0.0	0.0	0.0	0.0	0.0	0.0	0.0	1.0	0.0	0.0	0.0	0.0	
146	146	4517.695581394	10059.676	10059.676	0.016616	0.0	0	0	0	0	144	0	0	0	0	0.0	0.0	0.0	0.0	0.301635	0.0	0.0	0.0	0.0	0.0	0.0	0.0	0.0	4270.23	0.0	0.0	0.0	0.0	0.0	0.0	0.0	0.0	29.6544	0.0	0.0	0.0	0.0	0	0	0	0	59	0	0	0	0	0	0	0	0	0	0	0	0	0	0	0	0	0	85	0	0	0	0	0	0	0	0	0	0	0	0	0	0	0	0	0	0	0	0	0	0	0	0	0	0	0	0	0	0	0	0.0	0.0	0.0	0.0	0.000343	0.0	0.0	0.0	0.0	0.0	0.0	0.0	0.0	1.0	0.0	0.0	0.0	0.0	
147	147	4532.775130869	10059.676	10059.676	0.016162	0.0	0	0	0	0	145	0	0	0	0	0.0	0.0	0.0	0.0	0.271472	0.0	0.0	0.0	0.0	0.0	0.0	0.0	0.0	4285.31	0.0	0.0	0.0	0.0	0.0	0.0	0.0	0.0	29.5539	0.0	0.0	0.0	0.0	0	0	0	0	59	0	0	0	0	0	0	0	0	0	0	0	0	0	0	0	0	0	86	0	0	0	0	0	0	0	0	0	0	0	0	0	0	0	0	0	0	0	0	0	0	0	0	0	0	0	0	0	0	0	0.0	0.0	0.0	0.0	0.000311	0.0	0.0	0.0	0.0	0.0	0.0	0.0	0.0	1.0	0.0	0.0	0.0	0.0	
148	148	4552.490408533	10056.676	10056.676	0.015698	0.0	0	0	0	0	146	0	0	0	0	0.0	0.0	0.0	0.0	0.344325	0.0	0.0	0.0	0.0	0.0	0.0	0.0	0.0	4305.02	0.0	0.0	0.0	0.0	0.0	0.0	0.0	0.0	29.4865	0.0	0.0	0.0	0.0	0	0	0	0	60	0	0	0	0	0	0	0	0	0	0	0	0	0	0	0	0	0	86	0	0	0	0	0	0	0	0	0	0	0	0	0	0	0	0	0	0	0	0	0	0	0	0	0	0	0	0	0	0	0	0.0	0.0	0.0	0.0	0.000396	0.0	0.0	0.0	0.0	0.0	0.0	0.0	0.0	1.0	0.0	0.0	0.0	0.0	
149	149	4570.272882077	10056.676	10056.676	0.015111	0.0	0	0	0	0	147	0	0	0	0	0.0	0.0	0.0	0.0	0.309892	0.0	0.0	0.0	0.0	0.0	0.0	0.0	0.0	4322.81	0.0	0.0	0.0	0.0	0.0	0.0	0.0	0.0	29.4069	0.0	0.0	0.0	0.0	0	0	0	0	60	0	0	0	0	0	0	0	0	0	0	0	0	0	0	0	0	0	87	0	0	0	0	0	0	0	0	0	0	0	0	0	0	0	0	0	0	0	0	0	0	0	0	0	0	0	0	0	0	0	0.0	0.0	0.0	0.0	0.000358	0.0	0.0	0.0	0.0	0.0	0.0	0.0	0.0	1.0	0.0	0.0	0.0	0.0	
150	150	4584.517308042	10056.676	10056.676	0.0146	0.0	0	0	0	0	148	0	0	0	0	0.0	0.0	0.0	0.0	0.278903	0.0	0.0	0.0	0.0	0.0	0.0	0.0	0.0	4337.05	0.0	0.0	0.0	0.0	0.0	0.0	0.0	0.0	29.3044	0.0	0.0	0.0	0.0	0	0	0	0	60	0	0	0	0	0	0	0	0	0	0	0	0	0	0	0	0	0	88	0	0	0	0	0	0	0	0	0	0	0	0	0	0	0	0	0	0	0	0	0	0	0	0	0	0	0	0	0	0	0	0.0	0.0	0.0	0.0	0.000325	0.0	0.0	0.0	0.0	0.0	0.0	0.0	0.0	1.0	0.0	0.0	0.0	0.0	
151	151	4601.875964189	10056.676	10056.676	0.014204	0.0	0	0	0	0	149	0	0	0	0	0.0	0.0	0.0	0.0	0.251013	0.0	0.0	0.0	0.0	0.0	0.0	0.0	0.0	4354.41	0.0	0.0	0.0	0.0	0.0	0.0	0.0	0.0	29.2242	0.0	0.0	0.0	0.0	0	0	0	0	60	0	0	0	0	0	0	0	0	0	0	0	0	0	0	0	0	0	89	0	0	0	0	0	0	0	0	0	0	0	0	0	0	0	0	0	0	0	0	0	0	0	0	0	0	0	0	0	0	0	0.0	0.0	0.0	0.0	0.000294	0.0	0.0	0.0	0.0	0.0	0.0	0.0	0.0	1.0	0.0	0.0	0.0	0.0	
152	152	4617.315670737	10056.676	10056.676	0.013735	0.0	0	0	0	0	150	0	0	0	0	0.0	0.0	0.0	0.0	0.225911	0.0	0.0	0.0	0.0	0.0	0.0	0.0	0.0	4369.85	0.0	0.0	0.0	0.0	0.0	0.0	0.0	0.0	29.1323	0.0	0.0	0.0	0.0	0	0	0	0	60	0	0	0	0	0	0	0	0	0	0	0	0	0	0	0	0	0	90	0	0	0	0	0	0	0	0	0	0	0	0	0	0	0	0	0	0	0	0	0	0	0	0	0	0	0	0	0	0	0	0.0	0.0	0.0	0.0	0.000266	0.0	0.0	0.0	0.0	0.0	0.0	0.0	0.0	1.0	0.0	0.0	0.0	0.0	
153	153	4689.154718226	10056.676	10056.676	0.013332	0.0	0	0	0	0	151	0	0	0	0	0.0	0.0	0.0	0.0	0.20332	0.0	0.0	0.0	0.0	0.0	0.0	0.0	0.0	4441.69	0.0	0.0	0.0	0.0	0.0	0.0	0.0	0.0	29.4152	0.0	0.0	0.0	0.0	0	0	0	0	60	0	0	0	0	0	0	0	0	0	0	0	0	0	0	0	0	0	91	0	0	0	0	0	0	0	0	0	0	0	0	0	0	0	0	0	0	0	0	0	0	0	0	0	0	0	0	0	0	0	0.0	0.0	0.0	0.0	0.000235	0.0	0.0	0.0	0.0	0.0	0.0	0.0	0.0	1.0	0.0	0.0	0.0	0.0	
154	154	4703.570837506	10056.676	10056.676	0.011604	0.0	0	0	0	0	152	0	0	0	0	0.0	0.0	0.0	0.0	0.182988	0.0	0.0	0.0	0.0	0.0	0.0	0.0	0.0	4456.11	0.0	0.0	0.0	0.0	0.0	0.0	0.0	0.0	29.3165	0.0	0.0	0.0	0.0	0	0	0	0	60	0	0	0	0	0	0	0	0	0	0	0	0	0	0	0	0	0	92	0	0	0	0	0	0	0	0	0	0	0	0	0	0	0	0	0	0	0	0	0	0	0	0	0	0	0	0	0	0	0	0.0	0.0	0.0	0.0	0.000213	0.0	0.0	0.0	0.0	0.0	0.0	0.0	0.0	1.0	0.0	0.0	0.0	0.0	
155	155	4720.76332352	10056.676	10056.676	0.011285	0.0	0	0	0	0	153	0	0	0	0	0.0	0.0	0.0	0.0	0.164689	0.0	0.0	0.0	0.0	0.0	0.0	0.0	0.0	4473.3	0.0	0.0	0.0	0.0	0.0	0.0	0.0	0.0	29.2372	0.0	0.0	0.0	0.0	0	0	0	0	60	0	0	0	0	0	0	0	0	0	0	0	0	0	0	0	0	0	93	0	0	0	0	0	0	0	0	0	0	0	0	0	0	0	0	0	0	0	0	0	0	0	0	0	0	0	0	0	0	0	0.0	0.0	0.0	0.0	0.000193	0.0	0.0	0.0	0.0	0.0	0.0	0.0	0.0	1.0	0.0	0.0	0.0	0.0	
156	156	4744.44406655	10054.676	10054.676	0.010916	0.0	0	0	0	0	154	0	0	0	0	0.0	0.0	0.0	0.0	0.24822	0.0	0.0	0.0	0.0	0.0	0.0	0.0	0.0	4496.98	0.0	0.0	0.0	0.0	0.0	0.0	0.0	0.0	29.2012	0.0	0.0	0.0	0.0	0	0	0	0	61	0	0	0	0	0	0	0	0	0	0	0	0	0	0	0	0	0	93	0	0	0	0	0	0	0	0	0	0	0	0	0	0	0	0	0	0	0	0	0	0	0	0	0	0	0	0	0	0	0	0.0	0.0	0.0	0.0	0.000291	0.0	0.0	0.0	0.0	0.0	0.0	0.0	0.0	1.0	0.0	0.0	0.0	0.0	
157	157	4766.430701901	10054.676	10054.676	0.010428	0.0	0	0	0	0	155	0	0	0	0	0.0	0.0	0.0	0.0	0.223398	0.0	0.0	0.0	0.0	0.0	0.0	0.0	0.0	4518.96	0.0	0.0	0.0	0.0	0.0	0.0	0.0	0.0	29.1546	0.0	0.0	0.0	0.0	0	0	0	0	61	0	0	0	0	0	0	0	0	0	0	0	0	0	0	0	0	0	94	0	0	0	0	0	0	0	0	0	0	0	0	0	0	0	0	0	0	0	0	0	0	0	0	0	0	0	0	0	0	0	0.0	0.0	0.0	0.0	0.000263	0.0	0.0	0.0	0.0	0.0	0.0	0.0	0.0	1.0	0.0	0.0	0.0	0.0	
158	158	4879.345595104	10049.676	10049.676	0.009994	0.0	0	0	0	0	156	0	0	0	0	0.0	0.0	0.0	0.0	0.301059	0.0	0.0	0.0	0.0	0.0	0.0	0.0	0.0	4631.88	0.0	0.0	0.0	0.0	0.0	0.0	0.0	0.0	29.6915	0.0	0.0	0.0	0.0	0	0	0	0	62	0	0	0	0	0	0	0	0	0	0	0	0	0	0	0	0	0	94	0	0	0	0	0	0	0	0	0	0	0	0	0	0	0	0	0	0	0	0	0	0	0	0	0	0	0	0	0	0	0	0.0	0.0	0.0	0.0	0.000341	0.0	0.0	0.0	0.0	0.0	0.0	0.0	0.0	1.0	0.0	0.0	0.0	0.0	
159	159	4903.381180077	10049.676	10049.676	0.008035	0.0	0	0	0	0	157	0	0	0	0	0.0	0.0	0.0	0.0	0.270953	0.0	0.0	0.0	0.0	0.0	0.0	0.0	0.0	4655.92	0.0	0.0	0.0	0.0	0.0	0.0	0.0	0.0	29.6555	0.0	0.0	0.0	0.0	0	0	0	0	62	0	0	0	0	0	0	0	0	0	0	0	0	0	0	0	0	0	95	0	0	0	0	0	0	0	0	0	0	0	0	0	0	0	0	0	0	0	0	0	0	0	0	0	0	0	0	0	0	0	0.0	0.0	0.0	0.0	0.000308	0.0	0.0	0.0	0.0	0.0	0.0	0.0	0.0	1.0	0.0	0.0	0.0	0.0	
160	160	4920.678177727	10021.676	10021.676	0.00767	0.0	0	0	0	0	158	0	0	0	0	0.0	0.0	0.0	0.0	0.343857	0.0	0.0	0.0	0.0	0.0	0.0	0.0	0.0	4673.21	0.0	0.0	0.0	0.0	0.0	0.0	0.0	0.0	29.5773	0.0	0.0	0.0	0.0	0	0	0	0	63	0	0	0	0	0	0	0	0	0	0	0	0	0	0	0	0	0	95	0	0	0	0	0	0	0	0	0	0	0	0	0	0	0	0	0	0	0	0	0	0	0	0	0	0	0	0	0	0	0	0.0	0.0	0.0	0.0	0.000393	0.0	0.0	0.0	0.0	0.0	0.0	0.0	0.0	1.0	0.0	0.0	0.0	0.0	
161	161	4951.688681205	10021.676	10021.676	0.007418	0.0	0	0	0	0	159	0	0	0	0	0.0	0.0	0.0	0.0	0.309472	0.0	0.0	0.0	0.0	0.0	0.0	0.0	0.0	4704.22	0.0	0.0	0.0	0.0	0.0	0.0	0.0	0.0	29.5863	0.0	0.0	0.0	0.0	0	0	0	0	63	0	0	0	0	0	0	0	0	0	0	0	0	0	0	0	0	0	96	0	0	0	0	0	0	0	0	0	0	0	0	0	0	0	0	0	0	0	0	0	0	0	0	0	0	0	0	0	0	0	0.0	0.0	0.0	0.0	0.000354	0.0	0.0	0.0	0.0	0.0	0.0	0.0	0.0	1.0	0.0	0.0	0.0	0.0	
162	162	4973.425699397	10020.176	10020.176	0.006986	0.0	0	0	0	0	160	0	0	0	0	0.0	0.0	0.0	0.0	0.378525	0.0	0.0	0.0	0.0	0.0	0.0	0.0	0.0	4725.96	0.0	0.0	0.0	0.0	0.0	0.0	0.0	0.0	29.5372	0.0	0.0	0.0	0.0	0	0	0	0	64	0	0	0	0	0	0	0	0	0	0	0	0	0	0	0	0	0	96	0	0	0	0	0	0	0	0	0	0	0	0	0	0	0	0	0	0	0	0	0	0	0	0	0	0	0	0	0	0	0	0.0	0.0	0.0	0.0	0.000434	0.0	0.0	0.0	0.0	0.0	0.0	0.0	0.0	1.0	0.0	0.0	0.0	0.0	
163	163	4987.640655713	10020.176	10020.176	0.006699	0.0	0	0	0	0	161	0	0	0	0	0.0	0.0	0.0	0.0	0.340672	0.0	0.0	0.0	0.0	0.0	0.0	0.0	0.0	4740.17	0.0	0.0	0.0	0.0	0.0	0.0	0.0	0.0	29.4421	0.0	0.0	0.0	0.0	0	0	0	0	64	0	0	0	0	0	0	0	0	0	0	0	0	0	0	0	0	0	97	0	0	0	0	0	0	0	0	0	0	0	0	0	0	0	0	0	0	0	0	0	0	0	0	0	0	0	0	0	0	0	0.0	0.0	0.0	0.0	0.000393	0.0	0.0	0.0	0.0	0.0	0.0	0.0	0.0	1.0	0.0	0.0	0.0	0.0	
164	164	5011.231276181	10020.176	10020.176	0.006518	0.0	0	0	0	0	162	0	0	0	0	0.0	0.0	0.0	0.0	0.306605	0.0	0.0	0.0	0.0	0.0	0.0	0.0	0.0	4763.77	0.0	0.0	0.0	0.0	0.0	0.0	0.0	0.0	29.406	0.0	0.0	0.0	0.0	0	0	0	0	64	0	0	0	0	0	0	0	0	0	0	0	0	0	0	0	0	0	98	0	0	0	0	0	0	0	0	0	0	0	0	0	0	0	0	0	0	0	0	0	0	0	0	0	0	0	0	0	0	0	0.0	0.0	0.0	0.0	0.000355	0.0	0.0	0.0	0.0	0.0	0.0	0.0	0.0	1.0	0.0	0.0	0.0	0.0	
165	165	5029.953532425	10020.176	10020.176	0.006227	0.0	0	0	0	0	163	0	0	0	0	0.0	0.0	0.0	0.0	0.275944	0.0	0.0	0.0	0.0	0.0	0.0	0.0	0.0	4782.49	0.0	0.0	0.0	0.0	0.0	0.0	0.0	0.0	29.3404	0.0	0.0	0.0	0.0	0	0	0	0	64	0	0	0	0	0	0	0	0	0	0	0	0	0	0	0	0	0	99	0	0	0	0	0	0	0	0	0	0	0	0	0	0	0	0	0	0	0	0	0	0	0	0	0	0	0	0	0	0	0	0.0	0.0	0.0	0.0	0.000321	0.0	0.0	0.0	0.0	0.0	0.0	0.0	0.0	1.0	0.0	0.0	0.0	0.0	
166	166	5049.252444951	10020.176	10020.176	0.006006	0.0	0	0	0	0	164	0	0	0	0	0.0	0.0	0.0	0.0	0.24835	0.0	0.0	0.0	0.0	0.0	0.0	0.0	0.0	4801.79	0.0	0.0	0.0	0.0	0.0	0.0	0.0	0.0	29.2792	0.0	0.0	0.0	0.0	0	0	0	0	64	0	0	0	0	0	0	0	0	0	0	0	0	0	0	0	0	0	100	0	0	0	0	0	0	0	0	0	0	0	0	0	0	0	0	0	0	0	0	0	0	0	0	0	0	0	0	0	0	0	0.0	0.0	0.0	0.0	0.00029	0.0	0.0	0.0	0.0	0.0	0.0	0.0	0.0	1.0	0.0	0.0	0.0	0.0	
167	167	5140.494669726	10020.176	10020.176	0.005786	0.0	0	0	0	0	165	0	0	0	0	0.0	0.0	0.0	0.0	0.223515	0.0	0.0	0.0	0.0	0.0	0.0	0.0	0.0	4893.03	0.0	0.0	0.0	0.0	0.0	0.0	0.0	0.0	29.6547	0.0	0.0	0.0	0.0	0	0	0	0	64	0	0	0	0	0	0	0	0	0	0	0	0	0	0	0	0	0	101	0	0	0	0	0	0	0	0	0	0	0	0	0	0	0	0	0	0	0	0	0	0	0	0	0	0	0	0	0	0	0	0.0	0.0	0.0	0.0	0.000254	0.0	0.0	0.0	0.0	0.0	0.0	0.0	0.0	1.0	0.0	0.0	0.0	0.0	
168	168	5154.887420628	10020.176	10020.176	0.004851	0.0	0	0	0	0	166	0	0	0	0	0.0	0.0	0.0	0.0	0.201163	0.0	0.0	0.0	0.0	0.0	0.0	0.0	0.0	4907.42	0.0	0.0	0.0	0.0	0.0	0.0	0.0	0.0	29.5628	0.0	0.0	0.0	0.0	0	0	0	0	64	0	0	0	0	0	0	0	0	0	0	0	0	0	0	0	0	0	102	0	0	0	0	0	0	0	0	0	0	0	0	0	0	0	0	0	0	0	0	0	0	0	0	0	0	0	0	0	0	0	0.0	0.0	0.0	0.0	0.00023	0.0	0.0	0.0	0.0	0.0	0.0	0.0	0.0	1.0	0.0	0.0	0.0	0.0	
169	169	5182.330996185	10005.676	10005.676	0.004718	0.0	0	0	0	0	167	0	0	0	0	0.0	0.0	0.0	0.0	0.281047	0.0	0.0	0.0	0.0	0.0	0.0	0.0	0.0	4934.86	0.0	0.0	0.0	0.0	0.0	0.0	0.0	0.0	29.5501	0.0	0.0	0.0	0.0	0	0	0	0	65	0	0	0	0	0	0	0	0	0	0	0	0	0	0	0	0	0	102	0	0	0	0	0	0	0	0	0	0	0	0	0	0	0	0	0	0	0	0	0	0	0	0	0	0	0	0	0	0	0	0.0	0.0	0.0	0.0	0.000322	0.0	0.0	0.0	0.0	0.0	0.0	0.0	0.0	1.0	0.0	0.0	0.0	0.0	
170	170	5196.62939949	10005.676	10005.676	0.004474	0.0	0	0	0	0	168	0	0	0	0	0.0	0.0	0.0	0.0	0.252942	0.0	0.0	0.0	0.0	0.0	0.0	0.0	0.0	4949.16	0.0	0.0	0.0	0.0	0.0	0.0	0.0	0.0	29.4593	0.0	0.0	0.0	0.0	0	0	0	0	65	0	0	0	0	0	0	0	0	0	0	0	0	0	0	0	0	0	103	0	0	0	0	0	0	0	0	0	0	0	0	0	0	0	0	0	0	0	0	0	0	0	0	0	0	0	0	0	0	0	0.0	0.0	0.0	0.0	0.000291	0.0	0.0	0.0	0.0	0.0	0.0	0.0	0.0	1.0	0.0	0.0	0.0	0.0	
171	171	5214.656798532	10005.676	10005.676	0.004352	0.0	0	0	0	0	169	0	0	0	0	0.0	0.0	0.0	0.0	0.227648	0.0	0.0	0.0	0.0	0.0	0.0	0.0	0.0	4967.19	0.0	0.0	0.0	0.0	0.0	0.0	0.0	0.0	29.3917	0.0	0.0	0.0	0.0	0	0	0	0	65	0	0	0	0	0	0	0	0	0	0	0	0	0	0	0	0	0	104	0	0	0	0	0	0	0	0	0	0	0	0	0	0	0	0	0	0	0	0	0	0	0	0	0	0	0	0	0	0	0	0.0	0.0	0.0	0.0	0.000264	0.0	0.0	0.0	0.0	0.0	0.0	0.0	0.0	1.0	0.0	0.0	0.0	0.0	
172	172	5228.996883107	10005.676	10005.676	0.004203	0.0	0	0	0	0	170	0	0	0	0	0.0	0.0	0.0	0.0	0.204883	0.0	0.0	0.0	0.0	0.0	0.0	0.0	0.0	4981.53	0.0	0.0	0.0	0.0	0.0	0.0	0.0	0.0	29.3031	0.0	0.0	0.0	0.0	0	0	0	0	65	0	0	0	0	0	0	0	0	0	0	0	0	0	0	0	0	0	105	0	0	0	0	0	0	0	0	0	0	0	0	0	0	0	0	0	0	0	0	0	0	0	0	0	0	0	0	0	0	0	0.0	0.0	0.0	0.0	0.000239	0.0	0.0	0.0	0.0	0.0	0.0	0.0	0.0	1.0	0.0	0.0	0.0	0.0	
173	173	5243.270326069	10005.676	10005.676	0.004088	0.0	0	0	0	0	171	0	0	0	0	0.0	0.0	0.0	0.0	0.184395	0.0	0.0	0.0	0.0	0.0	0.0	0.0	0.0	4995.8	0.0	0.0	0.0	0.0	0.0	0.0	0.0	0.0	29.2152	0.0	0.0	0.0	0.0	0	0	0	0	65	0	0	0	0	0	0	0	0	0	0	0	0	0	0	0	0	0	106	0	0	0	0	0	0	0	0	0	0	0	0	0	0	0	0	0	0	0	0	0	0	0	0	0	0	0	0	0	0	0	0.0	0.0	0.0	0.0	0.000216	0.0	0.0	0.0	0.0	0.0	0.0	0.0	0.0	1.0	0.0	0.0	0.0	0.0	
174	174	5261.48717369	10005.676	10005.676	0.003977	0.0	0	0	0	0	172	0	0	0	0	0.0	0.0	0.0	0.0	0.165956	0.0	0.0	0.0	0.0	0.0	0.0	0.0	0.0	5014.02	0.0	0.0	0.0	0.0	0.0	0.0	0.0	0.0	29.1513	0.0	0.0	0.0	0.0	0	0	0	0	65	0	0	0	0	0	0	0	0	0	0	0	0	0	0	0	0	0	107	0	0	0	0	0	0	0	0	0	0	0	0	0	0	0	0	0	0	0	0	0	0	0	0	0	0	0	0	0	0	0	0.0	0.0	0.0	0.0	0.000195	0.0	0.0	0.0	0.0	0.0	0.0	0.0	0.0	1.0	0.0	0.0	0.0	0.0	
175	175	5275.720208001	10005.676	10005.676	0.003839	0.0	0	0	0	0	173	0	0	0	0	0.0	0.0	0.0	0.0	0.14936	0.0	0.0	0.0	0.0	0.0	0.0	0.0	0.0	5028.25	0.0	0.0	0.0	0.0	0.0	0.0	0.0	0.0	29.0651	0.0	0.0	0.0	0.0	0	0	0	0	65	0	0	0	0	0	0	0	0	0	0	0	0	0	0	0	0	0	108	0	0	0	0	0	0	0	0	0	0	0	0	0	0	0	0	0	0	0	0	0	0	0	0	0	0	0	0	0	0	0	0.0	0.0	0.0	0.0	0.000177	0.0	0.0	0.0	0.0	0.0	0.0	0.0	0.0	1.0	0.0	0.0	0.0	0.0	
176	176	5289.851962033	10005.676	10005.676	0.003735	0.0	0	0	0	0	174	0	0	0	0	0.0	0.0	0.0	0.0	0.134424	0.0	0.0	0.0	0.0	0.0	0.0	0.0	0.0	5042.39	0.0	0.0	0.0	0.0	0.0	0.0	0.0	0.0	28.9792	0.0	0.0	0.0	0.0	0	0	0	0	65	0	0	0	0	0	0	0	0	0	0	0	0	0	0	0	0	0	109	0	0	0	0	0	0	0	0	0	0	0	0	0	0	0	0	0	0	0	0	0	0	0	0	0	0	0	0	0	0	0	0.0	0.0	0.0	0.0	0.00016	0.0	0.0	0.0	0.0	0.0	0.0	0.0	0.0	1.0	0.0	0.0	0.0	0.0	
177	177	5304.481811594	10005.676	10005.676	0.003635	0.0	0	0	0	0	175	0	0	0	0	0.0	0.0	0.0	0.0	0.120982	0.0	0.0	0.0	0.0	0.0	0.0	0.0	0.0	5057.02	0.0	0.0	0.0	0.0	0.0	0.0	0.0	0.0	28.8972	0.0	0.0	0.0	0.0	0	0	0	0	65	0	0	0	0	0	0	0	0	0	0	0	0	0	0	0	0	0	110	0	0	0	0	0	0	0	0	0	0	0	0	0	0	0	0	0	0	0	0	0	0	0	0	0	0	0	0	0	0	0	0.0	0.0	0.0	0.0	0.000145	0.0	0.0	0.0	0.0	0.0	0.0	0.0	0.0	1.0	0.0	0.0	0.0	0.0	
178	178	5324.887863365	10005.676	10005.676	0.003533	0.0	0	0	0	0	176	0	0	0	0	0.0	0.0	0.0	0.0	0.108883	0.0	0.0	0.0	0.0	0.0	0.0	0.0	0.0	5077.42	0.0	0.0	0.0	0.0	0.0	0.0	0.0	0.0	28.849	0.0	0.0	0.0	0.0	0	0	0	0	65	0	0	0	0	0	0	0	0	0	0	0	0	0	0	0	0	0	111	0	0	0	0	0	0	0	0	0	0	0	0	0	0	0	0	0	0	0	0	0	0	0	0	0	0	0	0	0	0	0	0.0	0.0	0.0	0.0	0.000131	0.0	0.0	0.0	0.0	0.0	0.0	0.0	0.0	1.0	0.0	0.0	0.0	0.0	
179	179	5339.05409405	10005.676	10005.676	0.003397	0.0	0	0	0	0	177	0	0	0	0	0.0	0.0	0.0	0.0	0.097995	0.0	0.0	0.0	0.0	0.0	0.0	0.0	0.0	5091.59	0.0	0.0	0.0	0.0	0.0	0.0	0.0	0.0	28.766	0.0	0.0	0.0	0.0	0	0	0	0	65	0	0	0	0	0	0	0	0	0	0	0	0	0	0	0	0	0	112	0	0	0	0	0	0	0	0	0	0	0	0	0	0	0	0	0	0	0	0	0	0	0	0	0	0	0	0	0	0	0	0.0	0.0	0.0	0.0	0.000118	0.0	0.0	0.0	0.0	0.0	0.0	0.0	0.0	1.0	0.0	0.0	0.0	0.0	
180	180	5357.788882241	10005.676	10005.676	0.003305	0.0	0	0	0	0	178	0	0	0	0	0.0	0.0	0.0	0.0	0.088196	0.0	0.0	0.0	0.0	0.0	0.0	0.0	0.0	5110.32	0.0	0.0	0.0	0.0	0.0	0.0	0.0	0.0	28.7097	0.0	0.0	0.0	0.0	0	0	0	0	65	0	0	0	0	0	0	0	0	0	0	0	0	0	0	0	0	0	113	0	0	0	0	0	0	0	0	0	0	0	0	0	0	0	0	0	0	0	0	0	0	0	0	0	0	0	0	0	0	0	0.0	0.0	0.0	0.0	0.000107	0.0	0.0	0.0	0.0	0.0	0.0	0.0	0.0	1.0	0.0	0.0	0.0	0.0	
181	181	5372.494838795	10005.676	10005.676	0.003187	0.0	0	0	0	0	179	0	0	0	0	0.0	0.0	0.0	0.0	0.079376	0.0	0.0	0.0	0.0	0.0	0.0	0.0	0.0	5125.03	0.0	0.0	0.0	0.0	0.0	0.0	0.0	0.0	28.6314	0.0	0.0	0.0	0.0	0	0	0	0	65	0	0	0	0	0	0	0	0	0	0	0	0	0	0	0	0	0	114	0	0	0	0	0	0	0	0	0	0	0	0	0	0	0	0	0	0	0	0	0	0	0	0	0	0	0	0	0	0	0	0.0	0.0	0.0	0.0	9.7e-5	0.0	0.0	0.0	0.0	0.0	0.0	0.0	0.0	1.0	0.0	0.0	0.0	0.0	
182	182	5391.15015298	10005.676	10005.676	0.003098	0.0	0	0	0	0	180	0	0	0	0	0.0	0.0	0.0	0.0	0.071438	0.0	0.0	0.0	0.0	0.0	0.0	0.0	0.0	5143.68	0.0	0.0	0.0	0.0	0.0	0.0	0.0	0.0	28.576	0.0	0.0	0.0	0.0	0	0	0	0	65	0	0	0	0	0	0	0	0	0	0	0	0	0	0	0	0	0	115	0	0	0	0	0	0	0	0	0	0	0	0	0	0	0	0	0	0	0	0	0	0	0	0	0	0	0	0	0	0	0	0.0	0.0	0.0	0.0	8.7e-5	0.0	0.0	0.0	0.0	0.0	0.0	0.0	0.0	1.0	0.0	0.0	0.0	0.0	
183	183	5405.313107761	10005.676	10005.676	0.002988	0.0	0	0	0	0	181	0	0	0	0	0.0	0.0	0.0	0.0	0.064295	0.0	0.0	0.0	0.0	0.0	0.0	0.0	0.0	5157.85	0.0	0.0	0.0	0.0	0.0	0.0	0.0	0.0	28.4964	0.0	0.0	0.0	0.0	0	0	0	0	65	0	0	0	0	0	0	0	0	0	0	0	0	0	0	0	0	0	116	0	0	0	0	0	0	0	0	0	0	0	0	0	0	0	0	0	0	0	0	0	0	0	0	0	0	0	0	0	0	0	0.0	0.0	0.0	0.0	7.9e-5	0.0	0.0	0.0	0.0	0.0	0.0	0.0	0.0	1.0	0.0	0.0	0.0	0.0	
184	184	5419.446577349	10005.676	10005.676	0.002908	0.0	0	0	0	0	182	0	0	0	0	0.0	0.0	0.0	0.0	0.057865	0.0	0.0	0.0	0.0	0.0	0.0	0.0	0.0	5171.98	0.0	0.0	0.0	0.0	0.0	0.0	0.0	0.0	28.4175	0.0	0.0	0.0	0.0	0	0	0	0	65	0	0	0	0	0	0	0	0	0	0	0	0	0	0	0	0	0	117	0	0	0	0	0	0	0	0	0	0	0	0	0	0	0	0	0	0	0	0	0	0	0	0	0	0	0	0	0	0	0	0.0	0.0	0.0	0.0	7.2e-5	0.0	0.0	0.0	0.0	0.0	0.0	0.0	0.0	1.0	0.0	0.0	0.0	0.0	
185	185	5537.522121081	10005.676	10005.676	0.002829	0.0	0	0	0	0	183	0	0	0	0	0.0	0.0	0.0	0.0	0.052079	0.0	0.0	0.0	0.0	0.0	0.0	0.0	0.0	5290.06	0.0	0.0	0.0	0.0	0.0	0.0	0.0	0.0	28.9074	0.0	0.0	0.0	0.0	0	0	0	0	65	0	0	0	0	0	0	0	0	0	0	0	0	0	0	0	0	0	118	0	0	0	0	0	0	0	0	0	0	0	0	0	0	0	0	0	0	0	0	0	0	0	0	0	0	0	0	0	0	0	0.0	0.0	0.0	0.0	6.2e-5	0.0	0.0	0.0	0.0	0.0	0.0	0.0	0.0	1.0	0.0	0.0	0.0	0.0	
186	186	5555.064618913	10005.676	10005.676	0.002252	0.0	0	0	0	0	184	0	0	0	0	0.0	0.0	0.0	0.0	0.046871	0.0	0.0	0.0	0.0	0.0	0.0	0.0	0.0	5307.6	0.0	0.0	0.0	0.0	0.0	0.0	0.0	0.0	28.8456	0.0	0.0	0.0	0.0	0	0	0	0	65	0	0	0	0	0	0	0	0	0	0	0	0	0	0	0	0	0	119	0	0	0	0	0	0	0	0	0	0	0	0	0	0	0	0	0	0	0	0	0	0	0	0	0	0	0	0	0	0	0	0.0	0.0	0.0	0.0	5.6e-5	0.0	0.0	0.0	0.0	0.0	0.0	0.0	0.0	1.0	0.0	0.0	0.0	0.0	
187	187	5569.366323685	10005.676	10005.676	0.002177	0.0	0	0	0	0	185	0	0	0	0	0.0	0.0	0.0	0.0	0.042184	0.0	0.0	0.0	0.0	0.0	0.0	0.0	0.0	5321.9	0.0	0.0	0.0	0.0	0.0	0.0	0.0	0.0	28.767	0.0	0.0	0.0	0.0	0	0	0	0	65	0	0	0	0	0	0	0	0	0	0	0	0	0	0	0	0	0	120	0	0	0	0	0	0	0	0	0	0	0	0	0	0	0	0	0	0	0	0	0	0	0	0	0	0	0	0	0	0	0	0.0	0.0	0.0	0.0	5.1e-5	0.0	0.0	0.0	0.0	0.0	0.0	0.0	0.0	1.0	0.0	0.0	0.0	0.0	
188	188	5583.650310361	10005.676	10005.676	0.002118	0.0	0	0	0	0	186	0	0	0	0	0.0	0.0	0.0	0.0	0.037965	0.0	0.0	0.0	0.0	0.0	0.0	0.0	0.0	5336.18	0.0	0.0	0.0	0.0	0.0	0.0	0.0	0.0	28.6892	0.0	0.0	0.0	0.0	0	0	0	0	65	0	0	0	0	0	0	0	0	0	0	0	0	0	0	0	0	0	121	0	0	0	0	0	0	0	0	0	0	0	0	0	0	0	0	0	0	0	0	0	0	0	0	0	0	0	0	0	0	0	0.0	0.0	0.0	0.0	4.6e-5	0.0	0.0	0.0	0.0	0.0	0.0	0.0	0.0	1.0	0.0	0.0	0.0	0.0	
189	189	5605.993822742	10005.676	10005.676	0.00206	0.0	0	0	0	0	187	0	0	0	0	0.0	0.0	0.0	0.0	0.034169	0.0	0.0	0.0	0.0	0.0	0.0	0.0	0.0	5358.53	0.0	0.0	0.0	0.0	0.0	0.0	0.0	0.0	28.6552	0.0	0.0	0.0	0.0	0	0	0	0	65	0	0	0	0	0	0	0	0	0	0	0	0	0	0	0	0	0	122	0	0	0	0	0	0	0	0	0	0	0	0	0	0	0	0	0	0	0	0	0	0	0	0	0	0	0	0	0	0	0	0.0	0.0	0.0	0.0	4.2e-5	0.0	0.0	0.0	0.0	0.0	0.0	0.0	0.0	1.0	0.0	0.0	0.0	0.0	
190	190	5620.31727327	10005.676	10005.676	0.001973	0.0	0	0	0	0	188	0	0	0	0	0.0	0.0	0.0	0.0	0.030752	0.0	0.0	0.0	0.0	0.0	0.0	0.0	0.0	5372.85	0.0	0.0	0.0	0.0	0.0	0.0	0.0	0.0	28.579	0.0	0.0	0.0	0.0	0	0	0	0	65	0	0	0	0	0	0	0	0	0	0	0	0	0	0	0	0	0	123	0	0	0	0	0	0	0	0	0	0	0	0	0	0	0	0	0	0	0	0	0	0	0	0	0	0	0	0	0	0	0	0.0	0.0	0.0	0.0	3.8e-5	0.0	0.0	0.0	0.0	0.0	0.0	0.0	0.0	1.0	0.0	0.0	0.0	0.0	
191	191	5637.369926503	10005.676	10005.676	0.001919	0.0	0	0	0	0	189	0	0	0	0	0.0	0.0	0.0	0.0	0.027677	0.0	0.0	0.0	0.0	0.0	0.0	0.0	0.0	5389.9	0.0	0.0	0.0	0.0	0.0	0.0	0.0	0.0	28.518	0.0	0.0	0.0	0.0	0	0	0	0	65	0	0	0	0	0	0	0	0	0	0	0	0	0	0	0	0	0	124	0	0	0	0	0	0	0	0	0	0	0	0	0	0	0	0	0	0	0	0	0	0	0	0	0	0	0	0	0	0	0	0.0	0.0	0.0	0.0	3.4e-5	0.0	0.0	0.0	0.0	0.0	0.0	0.0	0.0	1.0	0.0	0.0	0.0	0.0	
192	192	5671.210603217	9965.147	9965.147	0.001857	0.0	0	0	0	0	190	0	0	0	0	0.0	0.0	0.0	0.0	0.124909	0.0	0.0	0.0	0.0	0.0	0.0	0.0	0.0	5423.74	0.0	0.0	0.0	0.0	0.0	0.0	0.0	0.0	28.546	0.0	0.0	0.0	0.0	0	0	0	0	66	0	0	0	0	0	0	0	0	0	0	0	0	0	0	0	0	0	124	0	0	0	0	0	0	0	0	0	0	0	0	0	0	0	0	0	0	0	0	0	0	0	0	0	0	0	0	0	0	0	0.0	0.0	0.0	0.0	0.000153	0.0	0.0	0.0	0.0	0.0	0.0	0.0	0.0	1.0	0.0	0.0	0.0	0.0	
193	193	5694.23302362	9965.147	9965.147	0.001739	0.0	0	0	0	0	191	0	0	0	0	0.0	0.0	0.0	0.0	0.112418	0.0	0.0	0.0	0.0	0.0	0.0	0.0	0.0	5446.77	0.0	0.0	0.0	0.0	0.0	0.0	0.0	0.0	28.5171	0.0	0.0	0.0	0.0	0	0	0	0	66	0	0	0	0	0	0	0	0	0	0	0	0	0	0	0	0	0	125	0	0	0	0	0	0	0	0	0	0	0	0	0	0	0	0	0	0	0	0	0	0	0	0	0	0	0	0	0	0	0	0.0	0.0	0.0	0.0	0.000138	0.0	0.0	0.0	0.0	0.0	0.0	0.0	0.0	1.0	0.0	0.0	0.0	0.0	
194	194	5721.242348212	9963.647	9963.647	0.001664	0.0	0	0	0	0	192	0	0	0	0	0.0	0.0	0.0	0.0	0.201176	0.0	0.0	0.0	0.0	0.0	0.0	0.0	0.0	5473.78	0.0	0.0	0.0	0.0	0.0	0.0	0.0	0.0	28.5092	0.0	0.0	0.0	0.0	0	0	0	0	67	0	0	0	0	0	0	0	0	0	0	0	0	0	0	0	0	0	125	0	0	0	0	0	0	0	0	0	0	0	0	0	0	0	0	0	0	0	0	0	0	0	0	0	0	0	0	0	0	0	0.0	0.0	0.0	0.0	0.000248	0.0	0.0	0.0	0.0	0.0	0.0	0.0	0.0	1.0	0.0	0.0	0.0	0.0	
195	195	5735.547359139	9963.647	9963.647	0.001579	0.0	0	0	0	0	193	0	0	0	0	0.0	0.0	0.0	0.0	0.181059	0.0	0.0	0.0	0.0	0.0	0.0	0.0	0.0	5488.08	0.0	0.0	0.0	0.0	0.0	0.0	0.0	0.0	28.4357	0.0	0.0	0.0	0.0	0	0	0	0	67	0	0	0	0	0	0	0	0	0	0	0	0	0	0	0	0	0	126	0	0	0	0	0	0	0	0	0	0	0	0	0	0	0	0	0	0	0	0	0	0	0	0	0	0	0	0	0	0	0	0.0	0.0	0.0	0.0	0.000224	0.0	0.0	0.0	0.0	0.0	0.0	0.0	0.0	1.0	0.0	0.0	0.0	0.0	
196	196	5753.466970278	9963.647	9963.647	0.001536	0.0	0	0	0	0	194	0	0	0	0	0.0	0.0	0.0	0.0	0.162953	0.0	0.0	0.0	0.0	0.0	0.0	0.0	0.0	5506.0	0.0	0.0	0.0	0.0	0.0	0.0	0.0	0.0	28.3814	0.0	0.0	0.0	0.0	0	0	0	0	67	0	0	0	0	0	0	0	0	0	0	0	0	0	0	0	0	0	127	0	0	0	0	0	0	0	0	0	0	0	0	0	0	0	0	0	0	0	0	0	0	0	0	0	0	0	0	0	0	0	0.0	0.0	0.0	0.0	0.000202	0.0	0.0	0.0	0.0	0.0	0.0	0.0	0.0	1.0	0.0	0.0	0.0	0.0	
197	197	5774.102524595	9963.647	9963.647	0.001484	0.0	0	0	0	0	195	0	0	0	0	0.0	0.0	0.0	0.0	0.146658	0.0	0.0	0.0	0.0	0.0	0.0	0.0	0.0	5526.64	0.0	0.0	0.0	0.0	0.0	0.0	0.0	0.0	28.3417	0.0	0.0	0.0	0.0	0	0	0	0	67	0	0	0	0	0	0	0	0	0	0	0	0	0	0	0	0	0	128	0	0	0	0	0	0	0	0	0	0	0	0	0	0	0	0	0	0	0	0	0	0	0	0	0	0	0	0	0	0	0	0.0	0.0	0.0	0.0	0.000183	0.0	0.0	0.0	0.0	0.0	0.0	0.0	0.0	1.0	0.0	0.0	0.0	0.0	
198	198	5788.532600253	9963.647	9963.647	0.001426	0.0	0	0	0	0	196	0	0	0	0	0.0	0.0	0.0	0.0	0.131992	0.0	0.0	0.0	0.0	0.0	0.0	0.0	0.0	5541.07	0.0	0.0	0.0	0.0	0.0	0.0	0.0	0.0	28.2707	0.0	0.0	0.0	0.0	0	0	0	0	67	0	0	0	0	0	0	0	0	0	0	0	0	0	0	0	0	0	129	0	0	0	0	0	0	0	0	0	0	0	0	0	0	0	0	0	0	0	0	0	0	0	0	0	0	0	0	0	0	0	0.0	0.0	0.0	0.0	0.000165	0.0	0.0	0.0	0.0	0.0	0.0	0.0	0.0	1.0	0.0	0.0	0.0	0.0	
199	199	5807.09655004	9962.147	9962.147	0.001387	0.0	0	0	0	0	197	0	0	0	0	0.0	0.0	0.0	0.0	0.218793	0.0	0.0	0.0	0.0	0.0	0.0	0.0	0.0	5559.63	0.0	0.0	0.0	0.0	0.0	0.0	0.0	0.0	28.2215	0.0	0.0	0.0	0.0	0	0	0	0	68	0	0	0	0	0	0	0	0	0	0	0	0	0	0	0	0	0	129	0	0	0	0	0	0	0	0	0	0	0	0	0	0	0	0	0	0	0	0	0	0	0	0	0	0	0	0	0	0	0	0.0	0.0	0.0	0.0	0.000275	0.0	0.0	0.0	0.0	0.0	0.0	0.0	0.0	1.0	0.0	0.0	0.0	0.0	
200	200	5827.792187496	9962.147	9962.147	0.001338	0.0	0	0	0	0	198	0	0	0	0	0.0	0.0	0.0	0.0	0.196913	0.0	0.0	0.0	0.0	0.0	0.0	0.0	0.0	5580.33	0.0	0.0	0.0	0.0	0.0	0.0	0.0	0.0	28.1835	0.0	0.0	0.0	0.0	0	0	0	0	68	0	0	0	0	0	0	0	0	0	0	0	0	0	0	0	0	0	130	0	0	0	0	0	0	0	0	0	0	0	0	0	0	0	0	0	0	0	0	0	0	0	0	0	0	0	0	0	0	0	0.0	0.0	0.0	0.0	0.000248	0.0	0.0	0.0	0.0	0.0	0.0	0.0	0.0	1.0	0.0	0.0	0.0	0.0	
201	201	5845.719457963	9962.147	9962.147	0.001285	0.0	0	0	0	0	199	0	0	0	0	0.0	0.0	0.0	0.0	0.177222	0.0	0.0	0.0	0.0	0.0	0.0	0.0	0.0	5598.25	0.0	0.0	0.0	0.0	0.0	0.0	0.0	0.0	28.1319	0.0	0.0	0.0	0.0	0	0	0	0	68	0	0	0	0	0	0	0	0	0	0	0	0	0	0	0	0	0	131	0	0	0	0	0	0	0	0	0	0	0	0	0	0	0	0	0	0	0	0	0	0	0	0	0	0	0	0	0	0	0	0.0	0.0	0.0	0.0	0.000224	0.0	0.0	0.0	0.0	0.0	0.0	0.0	0.0	1.0	0.0	0.0	0.0	0.0	
202	202	5860.587882063	9962.147	9962.147	0.001241	0.0	0	0	0	0	200	0	0	0	0	0.0	0.0	0.0	0.0	0.1595	0.0	0.0	0.0	0.0	0.0	0.0	0.0	0.0	5613.12	0.0	0.0	0.0	0.0	0.0	0.0	0.0	0.0	28.0656	0.0	0.0	0.0	0.0	0	0	0	0	68	0	0	0	0	0	0	0	0	0	0	0	0	0	0	0	0	0	132	0	0	0	0	0	0	0	0	0	0	0	0	0	0	0	0	0	0	0	0	0	0	0	0	0	0	0	0	0	0	0	0.0	0.0	0.0	0.0	0.000202	0.0	0.0	0.0	0.0	0.0	0.0	0.0	0.0	1.0	0.0	0.0	0.0	0.0	
203	203	5876.13300792	9962.147	9962.147	0.001206	0.0	0	0	0	0	201	0	0	0	0	0.0	0.0	0.0	0.0	0.14355	0.0	0.0	0.0	0.0	0.0	0.0	0.0	0.0	5628.67	0.0	0.0	0.0	0.0	0.0	0.0	0.0	0.0	28.0033	0.0	0.0	0.0	0.0	0	0	0	0	68	0	0	0	0	0	0	0	0	0	0	0	0	0	0	0	0	0	133	0	0	0	0	0	0	0	0	0	0	0	0	0	0	0	0	0	0	0	0	0	0	0	0	0	0	0	0	0	0	0	0.0	0.0	0.0	0.0	0.000183	0.0	0.0	0.0	0.0	0.0	0.0	0.0	0.0	1.0	0.0	0.0	0.0	0.0	
204	204	5890.428532501	9962.147	9962.147	0.001171	0.0	0	0	0	0	202	0	0	0	0	0.0	0.0	0.0	0.0	0.129195	0.0	0.0	0.0	0.0	0.0	0.0	0.0	0.0	5642.96	0.0	0.0	0.0	0.0	0.0	0.0	0.0	0.0	27.9355	0.0	0.0	0.0	0.0	0	0	0	0	68	0	0	0	0	0	0	0	0	0	0	0	0	0	0	0	0	0	134	0	0	0	0	0	0	0	0	0	0	0	0	0	0	0	0	0	0	0	0	0	0	0	0	0	0	0	0	0	0	0	0.0	0.0	0.0	0.0	0.000166	0.0	0.0	0.0	0.0	0.0	0.0	0.0	0.0	1.0	0.0	0.0	0.0	0.0	
205	205	5904.916398751	9962.147	9962.147	0.001139	0.0	0	0	0	0	203	0	0	0	0	0.0	0.0	0.0	0.0	0.116275	0.0	0.0	0.0	0.0	0.0	0.0	0.0	0.0	5657.45	0.0	0.0	0.0	0.0	0.0	0.0	0.0	0.0	27.8692	0.0	0.0	0.0	0.0	0	0	0	0	68	0	0	0	0	0	0	0	0	0	0	0	0	0	0	0	0	0	135	0	0	0	0	0	0	0	0	0	0	0	0	0	0	0	0	0	0	0	0	0	0	0	0	0	0	0	0	0	0	0	0.0	0.0	0.0	0.0	0.00015	0.0	0.0	0.0	0.0	0.0	0.0	0.0	0.0	1.0	0.0	0.0	0.0	0.0	
206	206	5958.359546884	9938.647	9938.647	0.001107	0.0	0	0	0	0	204	0	0	0	0	0.0	0.0	0.0	0.0	0.204648	0.0	0.0	0.0	0.0	0.0	0.0	0.0	0.0	5710.89	0.0	0.0	0.0	0.0	0.0	0.0	0.0	0.0	27.9946	0.0	0.0	0.0	0.0	0	0	0	0	69	0	0	0	0	0	0	0	0	0	0	0	0	0	0	0	0	0	135	0	0	0	0	0	0	0	0	0	0	0	0	0	0	0	0	0	0	0	0	0	0	0	0	0	0	0	0	0	0	0	0.0	0.0	0.0	0.0	0.000261	0.0	0.0	0.0	0.0	0.0	0.0	0.0	0.0	1.0	0.0	0.0	0.0	0.0	
207	207	5973.902923703	9938.647	9938.647	0.000999	0.0	0	0	0	0	205	0	0	0	0	0.0	0.0	0.0	0.0	0.184183	0.0	0.0	0.0	0.0	0.0	0.0	0.0	0.0	5726.44	0.0	0.0	0.0	0.0	0.0	0.0	0.0	0.0	27.9338	0.0	0.0	0.0	0.0	0	0	0	0	69	0	0	0	0	0	0	0	0	0	0	0	0	0	0	0	0	0	136	0	0	0	0	0	0	0	0	0	0	0	0	0	0	0	0	0	0	0	0	0	0	0	0	0	0	0	0	0	0	0	0.0	0.0	0.0	0.0	0.000236	0.0	0.0	0.0	0.0	0.0	0.0	0.0	0.0	1.0	0.0	0.0	0.0	0.0	
208	208	6000.476025097	9938.647	9938.647	0.000969	0.0	0	0	0	0	206	0	0	0	0	0.0	0.0	0.0	0.0	0.165765	0.0	0.0	0.0	0.0	0.0	0.0	0.0	0.0	5753.01	0.0	0.0	0.0	0.0	0.0	0.0	0.0	0.0	27.9272	0.0	0.0	0.0	0.0	0	0	0	0	69	0	0	0	0	0	0	0	0	0	0	0	0	0	0	0	0	0	137	0	0	0	0	0	0	0	0	0	0	0	0	0	0	0	0	0	0	0	0	0	0	0	0	0	0	0	0	0	0	0	0.0	0.0	0.0	0.0	0.000213	0.0	0.0	0.0	0.0	0.0	0.0	0.0	0.0	1.0	0.0	0.0	0.0	0.0	
209	209	6021.578064995	9929.147	9929.147	0.000921	0.0	0	0	0	0	207	0	0	0	0	0.0	0.0	0.0	0.0	0.249188	0.0	0.0	0.0	0.0	0.0	0.0	0.0	0.0	5774.11	0.0	0.0	0.0	0.0	0.0	0.0	0.0	0.0	27.8943	0.0	0.0	0.0	0.0	0	0	0	0	70	0	0	0	0	0	0	0	0	0	0	0	0	0	0	0	0	0	137	0	0	0	0	0	0	0	0	0	0	0	0	0	0	0	0	0	0	0	0	0	0	0	0	0	0	0	0	0	0	0	0.0	0.0	0.0	0.0	0.00032	0.0	0.0	0.0	0.0	0.0	0.0	0.0	0.0	1.0	0.0	0.0	0.0	0.0	
210	210	6052.53281054	9929.147	9929.147	0.000884	0.0	0	0	0	0	208	0	0	0	0	0.0	0.0	0.0	0.0	0.224269	0.0	0.0	0.0	0.0	0.0	0.0	0.0	0.0	5805.07	0.0	0.0	0.0	0.0	0.0	0.0	0.0	0.0	27.909	0.0	0.0	0.0	0.0	0	0	0	0	70	0	0	0	0	0	0	0	0	0	0	0	0	0	0	0	0	0	138	0	0	0	0	0	0	0	0	0	0	0	0	0	0	0	0	0	0	0	0	0	0	0	0	0	0	0	0	0	0	0	0.0	0.0	0.0	0.0	0.000288	0.0	0.0	0.0	0.0	0.0	0.0	0.0	0.0	1.0	0.0	0.0	0.0	0.0	
211	211	6077.082737397	9926.147	9926.147	0.000832	0.0	0	0	0	0	209	0	0	0	0	0.0	0.0	0.0	0.0	0.301843	0.0	0.0	0.0	0.0	0.0	0.0	0.0	0.0	5829.62	0.0	0.0	0.0	0.0	0.0	0.0	0.0	0.0	27.8929	0.0	0.0	0.0	0.0	0	0	0	0	71	0	0	0	0	0	0	0	0	0	0	0	0	0	0	0	0	0	138	0	0	0	0	0	0	0	0	0	0	0	0	0	0	0	0	0	0	0	0	0	0	0	0	0	0	0	0	0	0	0	0.0	0.0	0.0	0.0	0.000388	0.0	0.0	0.0	0.0	0.0	0.0	0.0	0.0	1.0	0.0	0.0	0.0	0.0	
212	212	6092.904768218	9926.147	9926.147	0.000794	0.0	0	0	0	0	210	0	0	0	0	0.0	0.0	0.0	0.0	0.271658	0.0	0.0	0.0	0.0	0.0	0.0	0.0	0.0	5845.44	0.0	0.0	0.0	0.0	0.0	0.0	0.0	0.0	27.8354	0.0	0.0	0.0	0.0	0	0	0	0	71	0	0	0	0	0	0	0	0	0	0	0	0	0	0	0	0	0	139	0	0	0	0	0	0	0	0	0	0	0	0	0	0	0	0	0	0	0	0	0	0	0	0	0	0	0	0	0	0	0	0.0	0.0	0.0	0.0	0.000351	0.0	0.0	0.0	0.0	0.0	0.0	0.0	0.0	1.0	0.0	0.0	0.0	0.0	
213	213	6118.429009506	9921.147	9921.147	0.00077	0.0	0	0	0	0	211	0	0	0	0	0.0	0.0	0.0	0.0	0.344492	0.0	0.0	0.0	0.0	0.0	0.0	0.0	0.0	5870.96	0.0	0.0	0.0	0.0	0.0	0.0	0.0	0.0	27.8245	0.0	0.0	0.0	0.0	0	0	0	0	72	0	0	0	0	0	0	0	0	0	0	0	0	0	0	0	0	0	139	0	0	0	0	0	0	0	0	0	0	0	0	0	0	0	0	0	0	0	0	0	0	0	0	0	0	0	0	0	0	0	0.0	0.0	0.0	0.0	0.000445	0.0	0.0	0.0	0.0	0.0	0.0	0.0	0.0	1.0	0.0	0.0	0.0	0.0	
214	214	6142.485046745	9921.147	9921.147	0.000733	0.0	0	0	0	0	212	0	0	0	0	0.0	0.0	0.0	0.0	0.310043	0.0	0.0	0.0	0.0	0.0	0.0	0.0	0.0	5895.02	0.0	0.0	0.0	0.0	0.0	0.0	0.0	0.0	27.8067	0.0	0.0	0.0	0.0	0	0	0	0	72	0	0	0	0	0	0	0	0	0	0	0	0	0	0	0	0	0	140	0	0	0	0	0	0	0	0	0	0	0	0	0	0	0	0	0	0	0	0	0	0	0	0	0	0	0	0	0	0	0	0.0	0.0	0.0	0.0	0.000401	0.0	0.0	0.0	0.0	0.0	0.0	0.0	0.0	1.0	0.0	0.0	0.0	0.0	
215	215	6167.289538371	9921.147	9921.147	0.0007	0.0	0	0	0	0	213	0	0	0	0	0.0	0.0	0.0	0.0	0.279039	0.0	0.0	0.0	0.0	0.0	0.0	0.0	0.0	5919.82	0.0	0.0	0.0	0.0	0.0	0.0	0.0	0.0	27.7926	0.0	0.0	0.0	0.0	0	0	0	0	72	0	0	0	0	0	0	0	0	0	0	0	0	0	0	0	0	0	141	0	0	0	0	0	0	0	0	0	0	0	0	0	0	0	0	0	0	0	0	0	0	0	0	0	0	0	0	0	0	0	0.0	0.0	0.0	0.0	0.000361	0.0	0.0	0.0	0.0	0.0	0.0	0.0	0.0	1.0	0.0	0.0	0.0	0.0	
216	216	6181.614163262	9921.147	9921.147	0.000667	0.0	0	0	0	0	214	0	0	0	0	0.0	0.0	0.0	0.0	0.251135	0.0	0.0	0.0	0.0	0.0	0.0	0.0	0.0	5934.15	0.0	0.0	0.0	0.0	0.0	0.0	0.0	0.0	27.7297	0.0	0.0	0.0	0.0	0	0	0	0	72	0	0	0	0	0	0	0	0	0	0	0	0	0	0	0	0	0	142	0	0	0	0	0	0	0	0	0	0	0	0	0	0	0	0	0	0	0	0	0	0	0	0	0	0	0	0	0	0	0	0.0	0.0	0.0	0.0	0.000327	0.0	0.0	0.0	0.0	0.0	0.0	0.0	0.0	1.0	0.0	0.0	0.0	0.0	
217	217	6195.922277324	9921.147	9921.147	0.000649	0.0	0	0	0	0	215	0	0	0	0	0.0	0.0	0.0	0.0	0.226021	0.0	0.0	0.0	0.0	0.0	0.0	0.0	0.0	5948.46	0.0	0.0	0.0	0.0	0.0	0.0	0.0	0.0	27.6672	0.0	0.0	0.0	0.0	0	0	0	0	72	0	0	0	0	0	0	0	0	0	0	0	0	0	0	0	0	0	143	0	0	0	0	0	0	0	0	0	0	0	0	0	0	0	0	0	0	0	0	0	0	0	0	0	0	0	0	0	0	0	0.0	0.0	0.0	0.0	0.000295	0.0	0.0	0.0	0.0	0.0	0.0	0.0	0.0	1.0	0.0	0.0	0.0	0.0	
218	218	6214.312678752	9903.647	9903.647	0.000631	0.0	0	0	0	0	216	0	0	0	0	0.0	0.0	0.0	0.0	0.303419	0.0	0.0	0.0	0.0	0.0	0.0	0.0	0.0	5966.85	0.0	0.0	0.0	0.0	0.0	0.0	0.0	0.0	27.6243	0.0	0.0	0.0	0.0	0	0	0	0	73	0	0	0	0	0	0	0	0	0	0	0	0	0	0	0	0	0	143	0	0	0	0	0	0	0	0	0	0	0	0	0	0	0	0	0	0	0	0	0	0	0	0	0	0	0	0	0	0	0	0.0	0.0	0.0	0.0	0.000398	0.0	0.0	0.0	0.0	0.0	0.0	0.0	0.0	1.0	0.0	0.0	0.0	0.0	
219	219	6228.593988142	9903.647	9903.647	0.000609	0.0	0	0	0	0	217	0	0	0	0	0.0	0.0	0.0	0.0	0.273077	0.0	0.0	0.0	0.0	0.0	0.0	0.0	0.0	5981.13	0.0	0.0	0.0	0.0	0.0	0.0	0.0	0.0	27.5628	0.0	0.0	0.0	0.0	0	0	0	0	73	0	0	0	0	0	0	0	0	0	0	0	0	0	0	0	0	0	144	0	0	0	0	0	0	0	0	0	0	0	0	0	0	0	0	0	0	0	0	0	0	0	0	0	0	0	0	0	0	0	0.0	0.0	0.0	0.0	0.000359	0.0	0.0	0.0	0.0	0.0	0.0	0.0	0.0	1.0	0.0	0.0	0.0	0.0	
220	220	6266.238931311	9891.147	9891.147	0.000592	0.0	0	0	0	0	218	0	0	0	0	0.0	0.0	0.0	0.0	0.34577	0.0	0.0	0.0	0.0	0.0	0.0	0.0	0.0	6018.77	0.0	0.0	0.0	0.0	0.0	0.0	0.0	0.0	27.609	0.0	0.0	0.0	0.0	0	0	0	0	74	0	0	0	0	0	0	0	0	0	0	0	0	0	0	0	0	0	144	0	0	0	0	0	0	0	0	0	0	0	0	0	0	0	0	0	0	0	0	0	0	0	0	0	0	0	0	0	0	0	0.0	0.0	0.0	0.0	0.000454	0.0	0.0	0.0	0.0	0.0	0.0	0.0	0.0	1.0	0.0	0.0	0.0	0.0	
221	221	6288.073585864	9891.147	9891.147	0.000551	0.0	0	0	0	0	219	0	0	0	0	0.0	0.0	0.0	0.0	0.311193	0.0	0.0	0.0	0.0	0.0	0.0	0.0	0.0	6040.61	0.0	0.0	0.0	0.0	0.0	0.0	0.0	0.0	27.5827	0.0	0.0	0.0	0.0	0	0	0	0	74	0	0	0	0	0	0	0	0	0	0	0	0	0	0	0	0	0	145	0	0	0	0	0	0	0	0	0	0	0	0	0	0	0	0	0	0	0	0	0	0	0	0	0	0	0	0	0	0	0	0.0	0.0	0.0	0.0	0.000409	0.0	0.0	0.0	0.0	0.0	0.0	0.0	0.0	1.0	0.0	0.0	0.0	0.0	
222	222	6309.855526719	9891.147	9891.147	0.000528	0.0	0	0	0	0	220	0	0	0	0	0.0	0.0	0.0	0.0	0.280073	0.0	0.0	0.0	0.0	0.0	0.0	0.0	0.0	6062.39	0.0	0.0	0.0	0.0	0.0	0.0	0.0	0.0	27.5563	0.0	0.0	0.0	0.0	0	0	0	0	74	0	0	0	0	0	0	0	0	0	0	0	0	0	0	0	0	0	146	0	0	0	0	0	0	0	0	0	0	0	0	0	0	0	0	0	0	0	0	0	0	0	0	0	0	0	0	0	0	0	0.0	0.0	0.0	0.0	0.000369	0.0	0.0	0.0	0.0	0.0	0.0	0.0	0.0	1.0	0.0	0.0	0.0	0.0	
223	223	6324.150947468	9891.147	9891.147	0.000506	0.0	0	0	0	0	221	0	0	0	0	0.0	0.0	0.0	0.0	0.252066	0.0	0.0	0.0	0.0	0.0	0.0	0.0	0.0	6076.68	0.0	0.0	0.0	0.0	0.0	0.0	0.0	0.0	27.4963	0.0	0.0	0.0	0.0	0	0	0	0	74	0	0	0	0	0	0	0	0	0	0	0	0	0	0	0	0	0	147	0	0	0	0	0	0	0	0	0	0	0	0	0	0	0	0	0	0	0	0	0	0	0	0	0	0	0	0	0	0	0	0.0	0.0	0.0	0.0	0.000333	0.0	0.0	0.0	0.0	0.0	0.0	0.0	0.0	1.0	0.0	0.0	0.0	0.0	
224	224	6343.351411989	9891.147	9891.147	0.000493	0.0	0	0	0	0	222	0	0	0	0	0.0	0.0	0.0	0.0	0.226859	0.0	0.0	0.0	0.0	0.0	0.0	0.0	0.0	6095.88	0.0	0.0	0.0	0.0	0.0	0.0	0.0	0.0	27.4589	0.0	0.0	0.0	0.0	0	0	0	0	74	0	0	0	0	0	0	0	0	0	0	0	0	0	0	0	0	0	148	0	0	0	0	0	0	0	0	0	0	0	0	0	0	0	0	0	0	0	0	0	0	0	0	0	0	0	0	0	0	0	0.0	0.0	0.0	0.0	0.000301	0.0	0.0	0.0	0.0	0.0	0.0	0.0	0.0	1.0	0.0	0.0	0.0	0.0	
225	225	6357.633682457	9891.147	9891.147	0.000475	0.0	0	0	0	0	223	0	0	0	0	0.0	0.0	0.0	0.0	0.204174	0.0	0.0	0.0	0.0	0.0	0.0	0.0	0.0	6110.17	0.0	0.0	0.0	0.0	0.0	0.0	0.0	0.0	27.3998	0.0	0.0	0.0	0.0	0	0	0	0	74	0	0	0	0	0	0	0	0	0	0	0	0	0	0	0	0	0	149	0	0	0	0	0	0	0	0	0	0	0	0	0	0	0	0	0	0	0	0	0	0	0	0	0	0	0	0	0	0	0	0.0	0.0	0.0	0.0	0.000272	0.0	0.0	0.0	0.0	0.0	0.0	0.0	0.0	1.0	0.0	0.0	0.0	0.0	
226	226	6371.895400459	9891.147	9891.147	0.000462	0.0	0	0	0	0	224	0	0	0	0	0.0	0.0	0.0	0.0	0.183756	0.0	0.0	0.0	0.0	0.0	0.0	0.0	0.0	6124.43	0.0	0.0	0.0	0.0	0.0	0.0	0.0	0.0	27.3412	0.0	0.0	0.0	0.0	0	0	0	0	74	0	0	0	0	0	0	0	0	0	0	0	0	0	0	0	0	0	150	0	0	0	0	0	0	0	0	0	0	0	0	0	0	0	0	0	0	0	0	0	0	0	0	0	0	0	0	0	0	0	0.0	0.0	0.0	0.0	0.000246	0.0	0.0	0.0	0.0	0.0	0.0	0.0	0.0	1.0	0.0	0.0	0.0	0.0	
227	227	6394.184607888	9891.147	9891.147	0.000449	0.0	0	0	0	0	225	0	0	0	0	0.0	0.0	0.0	0.0	0.165381	0.0	0.0	0.0	0.0	0.0	0.0	0.0	0.0	6146.72	0.0	0.0	0.0	0.0	0.0	0.0	0.0	0.0	27.3187	0.0	0.0	0.0	0.0	0	0	0	0	74	0	0	0	0	0	0	0	0	0	0	0	0	0	0	0	0	0	151	0	0	0	0	0	0	0	0	0	0	0	0	0	0	0	0	0	0	0	0	0	0	0	0	0	0	0	0	0	0	0	0.0	0.0	0.0	0.0	0.000222	0.0	0.0	0.0	0.0	0.0	0.0	0.0	0.0	1.0	0.0	0.0	0.0	0.0	
228	228	6413.770050047	9891.147	9891.147	0.00043	0.0	0	0	0	0	226	0	0	0	0	0.0	0.0	0.0	0.0	0.148843	0.0	0.0	0.0	0.0	0.0	0.0	0.0	0.0	6166.3	0.0	0.0	0.0	0.0	0.0	0.0	0.0	0.0	27.2845	0.0	0.0	0.0	0.0	0	0	0	0	74	0	0	0	0	0	0	0	0	0	0	0	0	0	0	0	0	0	152	0	0	0	0	0	0	0	0	0	0	0	0	0	0	0	0	0	0	0	0	0	0	0	0	0	0	0	0	0	0	0	0.0	0.0	0.0	0.0	0.0002	0.0	0.0	0.0	0.0	0.0	0.0	0.0	0.0	1.0	0.0	0.0	0.0	0.0	
229	229	6446.590718353	9888.147	9888.147	0.000414	0.0	0	0	0	0	227	0	0	0	0	0.0	0.0	0.0	0.0	0.233958	0.0	0.0	0.0	0.0	0.0	0.0	0.0	0.0	6199.12	0.0	0.0	0.0	0.0	0.0	0.0	0.0	0.0	27.3089	0.0	0.0	0.0	0.0	0	0	0	0	75	0	0	0	0	0	0	0	0	0	0	0	0	0	0	0	0	0	152	0	0	0	0	0	0	0	0	0	0	0	0	0	0	0	0	0	0	0	0	0	0	0	0	0	0	0	0	0	0	0	0.0	0.0	0.0	0.0	0.000314	0.0	0.0	0.0	0.0	0.0	0.0	0.0	0.0	1.0	0.0	0.0	0.0	0.0	
230	230	6464.893605207	9876.941	9876.941	0.000389	0.0	0	0	0	0	228	0	0	0	0	0.0	0.0	0.0	0.0	0.310562	0.0	0.0	0.0	0.0	0.0	0.0	0.0	0.0	6217.43	0.0	0.0	0.0	0.0	0.0	0.0	0.0	0.0	27.2694	0.0	0.0	0.0	0.0	0	0	0	0	76	0	0	0	0	0	0	0	0	0	0	0	0	0	0	0	0	0	152	0	0	0	0	0	0	0	0	0	0	0	0	0	0	0	0	0	0	0	0	0	0	0	0	0	0	0	0	0	0	0	0.0	0.0	0.0	0.0	0.000418	0.0	0.0	0.0	0.0	0.0	0.0	0.0	0.0	1.0	0.0	0.0	0.0	0.0	
231	231	6481.186266849	9876.941	9876.941	0.000375	0.0	0	0	0	0	229	0	0	0	0	0.0	0.0	0.0	0.0	0.279506	0.0	0.0	0.0	0.0	0.0	0.0	0.0	0.0	6233.72	0.0	0.0	0.0	0.0	0.0	0.0	0.0	0.0	27.2215	0.0	0.0	0.0	0.0	0	0	0	0	76	0	0	0	0	0	0	0	0	0	0	0	0	0	0	0	0	0	153	0	0	0	0	0	0	0	0	0	0	0	0	0	0	0	0	0	0	0	0	0	0	0	0	0	0	0	0	0	0	0	0.0	0.0	0.0	0.0	0.000377	0.0	0.0	0.0	0.0	0.0	0.0	0.0	0.0	1.0	0.0	0.0	0.0	0.0	
232	232	6497.136317869	9876.941	9876.941	0.000364	0.0	0	0	0	0	230	0	0	0	0	0.0	0.0	0.0	0.0	0.251556	0.0	0.0	0.0	0.0	0.0	0.0	0.0	0.0	6249.67	0.0	0.0	0.0	0.0	0.0	0.0	0.0	0.0	27.1725	0.0	0.0	0.0	0.0	0	0	0	0	76	0	0	0	0	0	0	0	0	0	0	0	0	0	0	0	0	0	154	0	0	0	0	0	0	0	0	0	0	0	0	0	0	0	0	0	0	0	0	0	0	0	0	0	0	0	0	0	0	0	0.0	0.0	0.0	0.0	0.000341	0.0	0.0	0.0	0.0	0.0	0.0	0.0	0.0	1.0	0.0	0.0	0.0	0.0	
233	233	6518.606611739	9876.941	9876.941	0.000353	0.0	0	0	0	0	231	0	0	0	0	0.0	0.0	0.0	0.0	0.2264	0.0	0.0	0.0	0.0	0.0	0.0	0.0	0.0	6271.14	0.0	0.0	0.0	0.0	0.0	0.0	0.0	0.0	27.1478	0.0	0.0	0.0	0.0	0	0	0	0	76	0	0	0	0	0	0	0	0	0	0	0	0	0	0	0	0	0	155	0	0	0	0	0	0	0	0	0	0	0	0	0	0	0	0	0	0	0	0	0	0	0	0	0	0	0	0	0	0	0	0.0	0.0	0.0	0.0	0.000307	0.0	0.0	0.0	0.0	0.0	0.0	0.0	0.0	1.0	0.0	0.0	0.0	0.0	
234	234	6534.40696036	9876.941	9876.941	0.000338	0.0	0	0	0	0	232	0	0	0	0	0.0	0.0	0.0	0.0	0.20376	0.0	0.0	0.0	0.0	0.0	0.0	0.0	0.0	6286.94	0.0	0.0	0.0	0.0	0.0	0.0	0.0	0.0	27.0989	0.0	0.0	0.0	0.0	0	0	0	0	76	0	0	0	0	0	0	0	0	0	0	0	0	0	0	0	0	0	156	0	0	0	0	0	0	0	0	0	0	0	0	0	0	0	0	0	0	0	0	0	0	0	0	0	0	0	0	0	0	0	0.0	0.0	0.0	0.0	0.000277	0.0	0.0	0.0	0.0	0.0	0.0	0.0	0.0	1.0	0.0	0.0	0.0	0.0	
235	235	6553.177457449	9876.941	9876.941	0.000328	0.0	0	0	0	0	233	0	0	0	0	0.0	0.0	0.0	0.0	0.183384	0.0	0.0	0.0	0.0	0.0	0.0	0.0	0.0	6305.71	0.0	0.0	0.0	0.0	0.0	0.0	0.0	0.0	27.0631	0.0	0.0	0.0	0.0	0	0	0	0	76	0	0	0	0	0	0	0	0	0	0	0	0	0	0	0	0	0	157	0	0	0	0	0	0	0	0	0	0	0	0	0	0	0	0	0	0	0	0	0	0	0	0	0	0	0	0	0	0	0	0.0	0.0	0.0	0.0	0.00025	0.0	0.0	0.0	0.0	0.0	0.0	0.0	0.0	1.0	0.0	0.0	0.0	0.0	
236	236	6577.62631694	9876.941	9876.941	0.000316	0.0	0	0	0	0	234	0	0	0	0	0.0	0.0	0.0	0.0	0.165046	0.0	0.0	0.0	0.0	0.0	0.0	0.0	0.0	6330.16	0.0	0.0	0.0	0.0	0.0	0.0	0.0	0.0	27.052	0.0	0.0	0.0	0.0	0	0	0	0	76	0	0	0	0	0	0	0	0	0	0	0	0	0	0	0	0	0	158	0	0	0	0	0	0	0	0	0	0	0	0	0	0	0	0	0	0	0	0	0	0	0	0	0	0	0	0	0	0	0	0.0	0.0	0.0	0.0	0.000226	0.0	0.0	0.0	0.0	0.0	0.0	0.0	0.0	1.0	0.0	0.0	0.0	0.0	
237	237	6592.034004007	9876.941	9876.941	0.000302	0.0	0	0	0	0	235	0	0	0	0	0.0	0.0	0.0	0.0	0.148541	0.0	0.0	0.0	0.0	0.0	0.0	0.0	0.0	6344.57	0.0	0.0	0.0	0.0	0.0	0.0	0.0	0.0	26.9982	0.0	0.0	0.0	0.0	0	0	0	0	76	0	0	0	0	0	0	0	0	0	0	0	0	0	0	0	0	0	159	0	0	0	0	0	0	0	0	0	0	0	0	0	0	0	0	0	0	0	0	0	0	0	0	0	0	0	0	0	0	0	0.0	0.0	0.0	0.0	0.000204	0.0	0.0	0.0	0.0	0.0	0.0	0.0	0.0	1.0	0.0	0.0	0.0	0.0	
238	238	6607.087508282	9876.941	9876.941	0.000293	0.0	0	0	0	0	236	0	0	0	0	0.0	0.0	0.0	0.0	0.133687	0.0	0.0	0.0	0.0	0.0	0.0	0.0	0.0	6359.62	0.0	0.0	0.0	0.0	0.0	0.0	0.0	0.0	26.9475	0.0	0.0	0.0	0.0	0	0	0	0	76	0	0	0	0	0	0	0	0	0	0	0	0	0	0	0	0	0	160	0	0	0	0	0	0	0	0	0	0	0	0	0	0	0	0	0	0	0	0	0	0	0	0	0	0	0	0	0	0	0	0.0	0.0	0.0	0.0	0.000184	0.0	0.0	0.0	0.0	0.0	0.0	0.0	0.0	1.0	0.0	0.0	0.0	0.0	
239	239	6629.059171428	9876.941	9876.941	0.000285	0.0	0	0	0	0	237	0	0	0	0	0.0	0.0	0.0	0.0	0.120318	0.0	0.0	0.0	0.0	0.0	0.0	0.0	0.0	6381.59	0.0	0.0	0.0	0.0	0.0	0.0	0.0	0.0	26.9265	0.0	0.0	0.0	0.0	0	0	0	0	76	0	0	0	0	0	0	0	0	0	0	0	0	0	0	0	0	0	161	0	0	0	0	0	0	0	0	0	0	0	0	0	0	0	0	0	0	0	0	0	0	0	0	0	0	0	0	0	0	0	0.0	0.0	0.0	0.0	0.000166	0.0	0.0	0.0	0.0	0.0	0.0	0.0	0.0	1.0	0.0	0.0	0.0	0.0	
240	240	6652.522506877	9876.941	9876.941	0.000273	0.0	0	0	0	0	238	0	0	0	0	0.0	0.0	0.0	0.0	0.108286	0.0	0.0	0.0	0.0	0.0	0.0	0.0	0.0	6405.05	0.0	0.0	0.0	0.0	0.0	0.0	0.0	0.0	26.912	0.0	0.0	0.0	0.0	0	0	0	0	76	0	0	0	0	0	0	0	0	0	0	0	0	0	0	0	0	0	162	0	0	0	0	0	0	0	0	0	0	0	0	0	0	0	0	0	0	0	0	0	0	0	0	0	0	0	0	0	0	0	0.0	0.0	0.0	0.0	0.00015	0.0	0.0	0.0	0.0	0.0	0.0	0.0	0.0	1.0	0.0	0.0	0.0	0.0	
241	241	6670.718473171	9876.941	9876.941	0.000261	0.0	0	0	0	0	239	0	0	0	0	0.0	0.0	0.0	0.0	0.097458	0.0	0.0	0.0	0.0	0.0	0.0	0.0	0.0	6423.25	0.0	0.0	0.0	0.0	0.0	0.0	0.0	0.0	26.8755	0.0	0.0	0.0	0.0	0	0	0	0	76	0	0	0	0	0	0	0	0	0	0	0	0	0	0	0	0	0	163	0	0	0	0	0	0	0	0	0	0	0	0	0	0	0	0	0	0	0	0	0	0	0	0	0	0	0	0	0	0	0	0.0	0.0	0.0	0.0	0.000135	0.0	0.0	0.0	0.0	0.0	0.0	0.0	0.0	1.0	0.0	0.0	0.0	0.0	
242	242	6693.316793124	9876.941	9876.941	0.000252	0.0	0	0	0	0	240	0	0	0	0	0.0	0.0	0.0	0.0	0.087712	0.0	0.0	0.0	0.0	0.0	0.0	0.0	0.0	6445.85	0.0	0.0	0.0	0.0	0.0	0.0	0.0	0.0	26.8577	0.0	0.0	0.0	0.0	0	0	0	0	76	0	0	0	0	0	0	0	0	0	0	0	0	0	0	0	0	0	164	0	0	0	0	0	0	0	0	0	0	0	0	0	0	0	0	0	0	0	0	0	0	0	0	0	0	0	0	0	0	0	0.0	0.0	0.0	0.0	0.000122	0.0	0.0	0.0	0.0	0.0	0.0	0.0	0.0	1.0	0.0	0.0	0.0	0.0	
243	243	6708.580615864	9876.941	9876.941	0.000241	0.0	0	0	0	0	241	0	0	0	0	0.0	0.0	0.0	0.0	0.078941	0.0	0.0	0.0	0.0	0.0	0.0	0.0	0.0	6461.11	0.0	0.0	0.0	0.0	0.0	0.0	0.0	0.0	26.8096	0.0	0.0	0.0	0.0	0	0	0	0	76	0	0	0	0	0	0	0	0	0	0	0	0	0	0	0	0	0	165	0	0	0	0	0	0	0	0	0	0	0	0	0	0	0	0	0	0	0	0	0	0	0	0	0	0	0	0	0	0	0	0.0	0.0	0.0	0.0	0.00011	0.0	0.0	0.0	0.0	0.0	0.0	0.0	0.0	1.0	0.0	0.0	0.0	0.0	
244	244	6722.853263581	9876.941	9876.941	0.000234	0.0	0	0	0	0	242	0	0	0	0	0.0	0.0	0.0	0.0	0.071047	0.0	0.0	0.0	0.0	0.0	0.0	0.0	0.0	6475.39	0.0	0.0	0.0	0.0	0.0	0.0	0.0	0.0	26.7578	0.0	0.0	0.0	0.0	0	0	0	0	76	0	0	0	0	0	0	0	0	0	0	0	0	0	0	0	0	0	166	0	0	0	0	0	0	0	0	0	0	0	0	0	0	0	0	0	0	0	0	0	0	0	0	0	0	0	0	0	0	0	0.0	0.0	0.0	0.0	9.9e-5	0.0	0.0	0.0	0.0	0.0	0.0	0.0	0.0	1.0	0.0	0.0	0.0	0.0	
245	245	6737.130505644	9876.941	9876.941	0.000228	0.0	0	0	0	0	243	0	0	0	0	0.0	0.0	0.0	0.0	0.063942	0.0	0.0	0.0	0.0	0.0	0.0	0.0	0.0	6489.66	0.0	0.0	0.0	0.0	0.0	0.0	0.0	0.0	26.7064	0.0	0.0	0.0	0.0	0	0	0	0	76	0	0	0	0	0	0	0	0	0	0	0	0	0	0	0	0	0	167	0	0	0	0	0	0	0	0	0	0	0	0	0	0	0	0	0	0	0	0	0	0	0	0	0	0	0	0	0	0	0	0.0	0.0	0.0	0.0	9.0e-5	0.0	0.0	0.0	0.0	0.0	0.0	0.0	0.0	1.0	0.0	0.0	0.0	0.0	
246	246	6762.333182322	9876.941	9876.941	0.000222	0.0	0	0	0	0	244	0	0	0	0	0.0	0.0	0.0	0.0	0.057548	0.0	0.0	0.0	0.0	0.0	0.0	0.0	0.0	6514.87	0.0	0.0	0.0	0.0	0.0	0.0	0.0	0.0	26.7003	0.0	0.0	0.0	0.0	0	0	0	0	76	0	0	0	0	0	0	0	0	0	0	0	0	0	0	0	0	0	168	0	0	0	0	0	0	0	0	0	0	0	0	0	0	0	0	0	0	0	0	0	0	0	0	0	0	0	0	0	0	0	0.0	0.0	0.0	0.0	8.1e-5	0.0	0.0	0.0	0.0	0.0	0.0	0.0	0.0	1.0	0.0	0.0	0.0	0.0	
247	247	6900.771942389	9876.941	9876.941	0.000211	0.0	0	0	0	0	245	0	0	0	0	0.0	0.0	0.0	0.0	0.051793	0.0	0.0	0.0	0.0	0.0	0.0	0.0	0.0	6653.3	0.0	0.0	0.0	0.0	0.0	0.0	0.0	0.0	27.1563	0.0	0.0	0.0	0.0	0	0	0	0	76	0	0	0	0	0	0	0	0	0	0	0	0	0	0	0	0	0	169	0	0	0	0	0	0	0	0	0	0	0	0	0	0	0	0	0	0	0	0	0	0	0	0	0	0	0	0	0	0	0	0.0	0.0	0.0	0.0	7.0e-5	0.0	0.0	0.0	0.0	0.0	0.0	0.0	0.0	1.0	0.0	0.0	0.0	0.0	
248	248	6916.440592336	9876.941	9876.941	0.000162	0.0	0	0	0	0	246	0	0	0	0	0.0	0.0	0.0	0.0	0.046614	0.0	0.0	0.0	0.0	0.0	0.0	0.0	0.0	6668.97	0.0	0.0	0.0	0.0	0.0	0.0	0.0	0.0	27.1096	0.0	0.0	0.0	0.0	0	0	0	0	76	0	0	0	0	0	0	0	0	0	0	0	0	0	0	0	0	0	170	0	0	0	0	0	0	0	0	0	0	0	0	0	0	0	0	0	0	0	0	0	0	0	0	0	0	0	0	0	0	0	0.0	0.0	0.0	0.0	6.3e-5	0.0	0.0	0.0	0.0	0.0	0.0	0.0	0.0	1.0	0.0	0.0	0.0	0.0	
249	249	6939.87154374	9876.941	9876.941	0.000157	0.0	0	0	0	0	247	0	0	0	0	0.0	0.0	0.0	0.0	0.041952	0.0	0.0	0.0	0.0	0.0	0.0	0.0	0.0	6692.4	0.0	0.0	0.0	0.0	0.0	0.0	0.0	0.0	27.0948	0.0	0.0	0.0	0.0	0	0	0	0	76	0	0	0	0	0	0	0	0	0	0	0	0	0	0	0	0	0	171	0	0	0	0	0	0	0	0	0	0	0	0	0	0	0	0	0	0	0	0	0	0	0	0	0	0	0	0	0	0	0	0.0	0.0	0.0	0.0	5.7e-5	0.0	0.0	0.0	0.0	0.0	0.0	0.0	0.0	1.0	0.0	0.0	0.0	0.0	
250	250	7120.864131567	9860.721	9860.721	0.00015	0.0	0	0	0	0	248	0	0	0	0	0.0	0.0	0.0	0.0	0.137757	0.0	0.0	0.0	0.0	0.0	0.0	0.0	0.0	6873.4	0.0	0.0	0.0	0.0	0.0	0.0	0.0	0.0	27.7153	0.0	0.0	0.0	0.0	0	0	0	0	77	0	0	0	0	0	0	0	0	0	0	0	0	0	0	0	0	0	171	0	0	0	0	0	0	0	0	0	0	0	0	0	0	0	0	0	0	0	0	0	0	0	0	0	0	0	0	0	0	0	0.0	0.0	0.0	0.0	0.000179	0.0	0.0	0.0	0.0	0.0	0.0	0.0	0.0	1.0	0.0	0.0	0.0	0.0	
251	251	7301.653460463	9860.721	9860.721	0.000106	0.0	0	0	0	0	249	0	0	0	0	0.0	0.0	0.0	0.0	0.123981	0.0	0.0	0.0	0.0	0.0	0.0	0.0	0.0	7054.19	0.0	0.0	0.0	0.0	0.0	0.0	0.0	0.0	28.3301	0.0	0.0	0.0	0.0	0	0	0	0	77	0	0	0	0	0	0	0	0	0	0	0	0	0	0	0	0	0	172	0	0	0	0	0	0	0	0	0	0	0	0	0	0	0	0	0	0	0	0	0	0	0	0	0	0	0	0	0	0	0	0.0	0.0	0.0	0.0	0.000154	0.0	0.0	0.0	0.0	0.0	0.0	0.0	0.0	1.0	0.0	0.0	0.0	0.0	
252	251	7301.653485575	9860.721	9860.721	7.4e-5	0.0	0	0	0	0	249	0	0	0	0	0.0	0.0	0.0	0.0	0.123981	0.0	0.0	0.0	0.0	0.0	0.0	0.0	0.0	7054.19	0.0	0.0	0.0	0.0	0.0	0.0	0.0	0.0	28.3301	0.0	0.0	0.0	0.0	0	0	0	0	77	0	0	0	0	0	0	0	0	0	0	0	0	0	0	0	0	0	172	0	0	0	0	0	0	0	0	0	0	0	0	0	0	0	0	0	0	0	0	0	0	0	0	0	0	0	0	0	0	0	0.0	0.0	0.0	0.0	0.000154	0.0	0.0	0.0	0.0	0.0	0.0	0.0	0.0	1.0	0.0	0.0	0.0	0.0	
