indexLine	algoIter	time	best obj	current obj	T	probdelta1	nb uses 1	nb uses 2	nb uses 3	nb uses 4	nb uses 5	nb uses 6	nb uses 7	nb uses 8	nb uses 9	score 1	score 2	score 3	score 4	score 5	score 6	score 7	score 8	score 9	duration 1	duration 2	duration 3	duration 4	duration 5	duration 6	duration 7	duration 8	duration 9	avgDuration 1	avgDuration 2	avgDuration 3	avgDuration 4	avgDuration 5	avgDuration 6	avgDuration 7	avgDuration 8	avgDuration 9	sigmas1 1	sigmas1 2	sigmas1 3	sigmas1 4	sigmas1 5	sigmas1 6	sigmas1 7	sigmas1 8	sigmas1 9	sigmas2 1	sigmas2 2	sigmas2 3	sigmas2 4	sigmas2 5	sigmas2 6	sigmas2 7	sigmas2 8	sigmas2 9	sigmas3 1	sigmas3 2	sigmas3 3	sigmas3 4	sigmas3 5	sigmas3 6	sigmas3 7	sigmas3 8	sigmas3 9	sigmas4 1	sigmas4 2	sigmas4 3	sigmas4 4	sigmas4 5	sigmas4 6	sigmas4 7	sigmas4 8	sigmas4 9	sigmas5 1	sigmas5 2	sigmas5 3	sigmas5 4	sigmas5 5	sigmas5 6	sigmas5 7	sigmas5 8	sigmas5 9	sigmas6 1	sigmas6 2	sigmas6 3	sigmas6 4	sigmas6 5	sigmas6 6	sigmas6 7	sigmas6 8	sigmas6 9	weight 1	weight 2	weight 3	weight 4	weight 5	weight 6	weight 7	weight 8	weight 9	proba 1	proba 2	proba 3	proba 4	proba 5	proba 6	proba 7	proba 8	proba 9	
1	1	71.396246447	16392.721	16392.721	100.0	0.99005	0	0	0	0	0	0	0	0	0	0.0	0.0	0.0	0.0	0.0	0.0	0.0	0.0	0.0	0.0	0.0	0.0	0.0	0.0	0.0	0.0	0.0	0.0	0.0	0.0	0.0	0.0	0.0	0.0	0.0	0.0	0.0	0	0	0	0	0	0	0	0	0	0	0	0	0	0	0	0	0	0	0	0	0	0	0	0	0	0	0	0	0	0	0	0	0	0	0	0	0	0	0	0	0	0	0	0	0	0	0	0	0	0	0	0	0	0	0.0	0.0	0.0	0.0	0.0	0.0	0.0	0.0	0.0	0.0	0.0	0.0	0.0	0.0	0.0	0.0	0.0	0.0	
2	2	87.388635245	16392.721	16392.721	100.0	0.99005	0	0	0	0	0	0	0	0	0	0.0	0.0	0.0	0.0	1.0	0.0	0.0	0.0	0.0	0.0	0.0	0.0	0.0	0.0	0.0	0.0	0.0	0.0	0.0	0.0	0.0	0.0	15.9924	0.0	0.0	0.0	0.0	0	0	0	0	0	0	0	0	0	0	0	0	0	0	0	0	0	0	0	0	0	0	0	0	0	0	0	0	0	0	0	0	0	0	0	0	0	0	0	0	0	0	0	0	0	0	0	0	0	0	0	0	0	0	0.0	0.0	0.0	0.0	0.00391	0.0	0.0	0.0	0.0	0.0	0.0	0.0	0.0	0.0	0.0	0.0	0.0	0.0	
3	3	114.649698834	16131.324	16131.324	100.0	0.99005	0	0	0	0	1	0	0	0	0	0.0	0.0	0.0	0.0	1.0	0.0	0.0	0.0	0.0	0.0	0.0	0.0	0.0	27.261	0.0	0.0	0.0	0.0	0.0	0.0	0.0	0.0	27.261	0.0	0.0	0.0	0.0	0	0	0	0	1	0	0	0	0	0	0	0	0	0	0	0	0	0	0	0	0	0	0	0	0	0	0	0	0	0	0	0	0	0	0	0	0	0	0	0	0	0	0	0	0	0	0	0	0	0	0	0	0	0	0.0	0.0	0.0	0.0	0.001346	0.0	0.0	0.0	0.0	0.0	0.0	0.0	0.0	1.0	0.0	0.0	0.0	0.0	
4	4	145.956615166	15603.265	15603.265	80.1255	0.987597	0	0	0	0	2	0	0	0	0	0.0	0.0	0.0	0.0	1.0	0.0	0.0	0.0	0.0	0.0	0.0	0.0	0.0	58.5679	0.0	0.0	0.0	0.0	0.0	0.0	0.0	0.0	29.284	0.0	0.0	0.0	0.0	0	0	0	0	2	0	0	0	0	0	0	0	0	0	0	0	0	0	0	0	0	0	0	0	0	0	0	0	0	0	0	0	0	0	0	0	0	0	0	0	0	0	0	0	0	0	0	0	0	0	0	0	0	0	0.0	0.0	0.0	0.0	0.001166	0.0	0.0	0.0	0.0	0.0	0.0	0.0	0.0	1.0	0.0	0.0	0.0	0.0	
5	5	174.878881329	15247.824	15247.824	75.4213	0.986829	0	0	0	0	3	0	0	0	0	0.0	0.0	0.0	0.0	1.0	0.0	0.0	0.0	0.0	0.0	0.0	0.0	0.0	87.4902	0.0	0.0	0.0	0.0	0.0	0.0	0.0	0.0	29.1634	0.0	0.0	0.0	0.0	0	0	0	0	3	0	0	0	0	0	0	0	0	0	0	0	0	0	0	0	0	0	0	0	0	0	0	0	0	0	0	0	0	0	0	0	0	0	0	0	0	0	0	0	0	0	0	0	0	0	0	0	0	0	0.0	0.0	0.0	0.0	0.001176	0.0	0.0	0.0	0.0	0.0	0.0	0.0	0.0	1.0	0.0	0.0	0.0	0.0	
6	6	193.211792719	15199.735	15199.735	71.3211	0.986077	0	0	0	0	4	0	0	0	0	0.0	0.0	0.0	0.0	1.0	0.0	0.0	0.0	0.0	0.0	0.0	0.0	0.0	105.823	0.0	0.0	0.0	0.0	0.0	0.0	0.0	0.0	26.4558	0.0	0.0	0.0	0.0	0	0	0	0	4	0	0	0	0	0	0	0	0	0	0	0	0	0	0	0	0	0	0	0	0	0	0	0	0	0	0	0	0	0	0	0	0	0	0	0	0	0	0	0	0	0	0	0	0	0	0	0	0	0	0.0	0.0	0.0	0.0	0.001429	0.0	0.0	0.0	0.0	0.0	0.0	0.0	0.0	1.0	0.0	0.0	0.0	0.0	
7	7	211.868769963	15179.235	15179.235	68.8384	0.985578	0	0	0	0	5	0	0	0	0	0.0	0.0	0.0	0.0	1.0	0.0	0.0	0.0	0.0	0.0	0.0	0.0	0.0	124.48	0.0	0.0	0.0	0.0	0.0	0.0	0.0	0.0	24.896	0.0	0.0	0.0	0.0	0	0	0	0	5	0	0	0	0	0	0	0	0	0	0	0	0	0	0	0	0	0	0	0	0	0	0	0	0	0	0	0	0	0	0	0	0	0	0	0	0	0	0	0	0	0	0	0	0	0	0	0	0	0	0.0	0.0	0.0	0.0	0.001613	0.0	0.0	0.0	0.0	0.0	0.0	0.0	0.0	1.0	0.0	0.0	0.0	0.0	
8	8	392.952325141	13944.221	13944.221	66.4005	0.985053	0	0	0	0	6	0	0	0	0	0.0	0.0	0.0	0.0	1.0	0.0	0.0	0.0	0.0	0.0	0.0	0.0	0.0	305.564	0.0	0.0	0.0	0.0	0.0	0.0	0.0	0.0	50.9273	0.0	0.0	0.0	0.0	0	0	0	0	6	0	0	0	0	0	0	0	0	0	0	0	0	0	0	0	0	0	0	0	0	0	0	0	0	0	0	0	0	0	0	0	0	0	0	0	0	0	0	0	0	0	0	0	0	0	0	0	0	0	0.0	0.0	0.0	0.0	0.000386	0.0	0.0	0.0	0.0	0.0	0.0	0.0	0.0	1.0	0.0	0.0	0.0	0.0	
9	9	416.17631553	13722.882	13722.882	46.7931	0.978856	0	0	0	0	7	0	0	0	0	0.0	0.0	0.0	0.0	1.0	0.0	0.0	0.0	0.0	0.0	0.0	0.0	0.0	328.788	0.0	0.0	0.0	0.0	0.0	0.0	0.0	0.0	46.9696	0.0	0.0	0.0	0.0	0	0	0	0	7	0	0	0	0	0	0	0	0	0	0	0	0	0	0	0	0	0	0	0	0	0	0	0	0	0	0	0	0	0	0	0	0	0	0	0	0	0	0	0	0	0	0	0	0	0	0	0	0	0	0.0	0.0	0.0	0.0	0.000453	0.0	0.0	0.0	0.0	0.0	0.0	0.0	0.0	1.0	0.0	0.0	0.0	0.0	
10	10	451.235624066	13694.25	13694.25	44.7393	0.977896	0	0	0	0	8	0	0	0	0	0.0	0.0	0.0	0.0	1.0	0.0	0.0	0.0	0.0	0.0	0.0	0.0	0.0	363.847	0.0	0.0	0.0	0.0	0.0	0.0	0.0	0.0	45.4809	0.0	0.0	0.0	0.0	0	0	0	0	8	0	0	0	0	0	0	0	0	0	0	0	0	0	0	0	0	0	0	0	0	0	0	0	0	0	0	0	0	0	0	0	0	0	0	0	0	0	0	0	0	0	0	0	0	0	0	0	0	0	0.0	0.0	0.0	0.0	0.000483	0.0	0.0	0.0	0.0	0.0	0.0	0.0	0.0	1.0	0.0	0.0	0.0	0.0	
11	11	488.106202438	13321.971	13321.971	41.8083	0.976365	0	0	0	0	9	0	0	0	0	0.0	0.0	0.0	0.0	1.0	0.0	0.0	0.0	0.0	0.0	0.0	0.0	0.0	400.717	0.0	0.0	0.0	0.0	0.0	0.0	0.0	0.0	44.5242	0.0	0.0	0.0	0.0	0	0	0	0	9	0	0	0	0	0	0	0	0	0	0	0	0	0	0	0	0	0	0	0	0	0	0	0	0	0	0	0	0	0	0	0	0	0	0	0	0	0	0	0	0	0	0	0	0	0	0	0	0	0	0.0	0.0	0.0	0.0	0.000504	0.0	0.0	0.0	0.0	0.0	0.0	0.0	0.0	1.0	0.0	0.0	0.0	0.0	
12	12	506.338025374	13321.471	13321.471	38.9329	0.974642	0	0	0	0	10	0	0	0	0	0.0	0.0	0.0	0.0	1.0	0.0	0.0	0.0	0.0	0.0	0.0	0.0	0.0	418.949	0.0	0.0	0.0	0.0	0.0	0.0	0.0	0.0	41.8949	0.0	0.0	0.0	0.0	0	0	0	0	10	0	0	0	0	0	0	0	0	0	0	0	0	0	0	0	0	0	0	0	0	0	0	0	0	0	0	0	0	0	0	0	0	0	0	0	0	0	0	0	0	0	0	0	0	0	0	0	0	0	0.0	0.0	0.0	0.0	0.00057	0.0	0.0	0.0	0.0	0.0	0.0	0.0	0.0	1.0	0.0	0.0	0.0	0.0	
13	13	563.102714984	12988.309	12988.309	37.5849	0.973744	0	0	0	0	11	0	0	0	0	0.0	0.0	0.0	0.0	1.0	0.0	0.0	0.0	0.0	0.0	0.0	0.0	0.0	475.714	0.0	0.0	0.0	0.0	0.0	0.0	0.0	0.0	43.2467	0.0	0.0	0.0	0.0	0	0	0	0	11	0	0	0	0	0	0	0	0	0	0	0	0	0	0	0	0	0	0	0	0	0	0	0	0	0	0	0	0	0	0	0	0	0	0	0	0	0	0	0	0	0	0	0	0	0	0	0	0	0	0.0	0.0	0.0	0.0	0.000535	0.0	0.0	0.0	0.0	0.0	0.0	0.0	0.0	1.0	0.0	0.0	0.0	0.0	
14	14	588.371541168	12863.324	12863.324	33.6798	0.970745	0	0	0	0	12	0	0	0	0	0.0	0.0	0.0	0.0	1.0	0.0	0.0	0.0	0.0	0.0	0.0	0.0	0.0	500.983	0.0	0.0	0.0	0.0	0.0	0.0	0.0	0.0	41.7486	0.0	0.0	0.0	0.0	0	0	0	0	12	0	0	0	0	0	0	0	0	0	0	0	0	0	0	0	0	0	0	0	0	0	0	0	0	0	0	0	0	0	0	0	0	0	0	0	0	0	0	0	0	0	0	0	0	0	0	0	0	0	0.0	0.0	0.0	0.0	0.000574	0.0	0.0	0.0	0.0	0.0	0.0	0.0	0.0	1.0	0.0	0.0	0.0	0.0	
15	15	608.221195483	12838.735	12838.735	32.0745	0.969304	0	0	0	0	13	0	0	0	0	0.0	0.0	0.0	0.0	1.0	0.0	0.0	0.0	0.0	0.0	0.0	0.0	0.0	520.832	0.0	0.0	0.0	0.0	0.0	0.0	0.0	0.0	40.064	0.0	0.0	0.0	0.0	0	0	0	0	13	0	0	0	0	0	0	0	0	0	0	0	0	0	0	0	0	0	0	0	0	0	0	0	0	0	0	0	0	0	0	0	0	0	0	0	0	0	0	0	0	0	0	0	0	0	0	0	0	0	0.0	0.0	0.0	0.0	0.000623	0.0	0.0	0.0	0.0	0.0	0.0	0.0	0.0	1.0	0.0	0.0	0.0	0.0	
16	16	640.534478382	12793.853	12793.853	30.8674	0.968122	0	0	0	0	14	0	0	0	0	0.0	0.0	0.0	0.0	1.0	0.0	0.0	0.0	0.0	0.0	0.0	0.0	0.0	553.146	0.0	0.0	0.0	0.0	0.0	0.0	0.0	0.0	39.5104	0.0	0.0	0.0	0.0	0	0	0	0	14	0	0	0	0	0	0	0	0	0	0	0	0	0	0	0	0	0	0	0	0	0	0	0	0	0	0	0	0	0	0	0	0	0	0	0	0	0	0	0	0	0	0	0	0	0	0	0	0	0	0.0	0.0	0.0	0.0	0.000641	0.0	0.0	0.0	0.0	0.0	0.0	0.0	0.0	1.0	0.0	0.0	0.0	0.0	
17	17	659.862853672	12731.324	12731.324	28.9987	0.966103	0	0	0	0	15	0	0	0	0	0.0	0.0	0.0	0.0	1.0	0.0	0.0	0.0	0.0	0.0	0.0	0.0	0.0	572.474	0.0	0.0	0.0	0.0	0.0	0.0	0.0	0.0	38.1649	0.0	0.0	0.0	0.0	0	0	0	0	15	0	0	0	0	0	0	0	0	0	0	0	0	0	0	0	0	0	0	0	0	0	0	0	0	0	0	0	0	0	0	0	0	0	0	0	0	0	0	0	0	0	0	0	0	0	0	0	0	0	0.0	0.0	0.0	0.0	0.000687	0.0	0.0	0.0	0.0	0.0	0.0	0.0	0.0	1.0	0.0	0.0	0.0	0.0	
18	18	767.956981467	12616.088	12616.088	27.9354	0.964836	0	0	0	0	16	0	0	0	0	0.0	0.0	0.0	0.0	1.0	0.0	0.0	0.0	0.0	0.0	0.0	0.0	0.0	680.568	0.0	0.0	0.0	0.0	0.0	0.0	0.0	0.0	42.5355	0.0	0.0	0.0	0.0	0	0	0	0	16	0	0	0	0	0	0	0	0	0	0	0	0	0	0	0	0	0	0	0	0	0	0	0	0	0	0	0	0	0	0	0	0	0	0	0	0	0	0	0	0	0	0	0	0	0	0	0	0	0	0.0	0.0	0.0	0.0	0.000553	0.0	0.0	0.0	0.0	0.0	0.0	0.0	0.0	1.0	0.0	0.0	0.0	0.0	
19	19	783.320359835	12616.088	12616.088	22.6688	0.956845	0	0	0	0	17	0	0	0	0	0.0	0.0	0.0	0.0	0.9	0.0	0.0	0.0	0.0	0.0	0.0	0.0	0.0	695.931	0.0	0.0	0.0	0.0	0.0	0.0	0.0	0.0	40.9371	0.0	0.0	0.0	0.0	0	0	0	0	16	0	0	0	0	0	0	0	0	0	0	0	0	0	0	0	0	0	1	0	0	0	0	0	0	0	0	0	0	0	0	0	0	0	0	0	0	0	0	0	0	0	0	0	0	0	0	0	0	0	0.0	0.0	0.0	0.0	0.000537	0.0	0.0	0.0	0.0	0.0	0.0	0.0	0.0	1.0	0.0	0.0	0.0	0.0	
20	20	843.030251506	12578.559	12578.559	22.0056	0.955574	0	0	0	0	18	0	0	0	0	0.0	0.0	0.0	0.0	0.91	0.0	0.0	0.0	0.0	0.0	0.0	0.0	0.0	755.641	0.0	0.0	0.0	0.0	0.0	0.0	0.0	0.0	41.9801	0.0	0.0	0.0	0.0	0	0	0	0	17	0	0	0	0	0	0	0	0	0	0	0	0	0	0	0	0	0	1	0	0	0	0	0	0	0	0	0	0	0	0	0	0	0	0	0	0	0	0	0	0	0	0	0	0	0	0	0	0	0	0.0	0.0	0.0	0.0	0.000516	0.0	0.0	0.0	0.0	0.0	0.0	0.0	0.0	1.0	0.0	0.0	0.0	0.0	
21	21	860.239741959	12578.059	12578.059	19.6073	0.950277	0	0	0	0	19	0	0	0	0	0.0	0.0	0.0	0.0	0.919	0.0	0.0	0.0	0.0	0.0	0.0	0.0	0.0	772.851	0.0	0.0	0.0	0.0	0.0	0.0	0.0	0.0	40.6764	0.0	0.0	0.0	0.0	0	0	0	0	18	0	0	0	0	0	0	0	0	0	0	0	0	0	0	0	0	0	1	0	0	0	0	0	0	0	0	0	0	0	0	0	0	0	0	0	0	0	0	0	0	0	0	0	0	0	0	0	0	0	0.0	0.0	0.0	0.0	0.000555	0.0	0.0	0.0	0.0	0.0	0.0	0.0	0.0	1.0	0.0	0.0	0.0	0.0	
22	22	878.20962236	12500.618	12500.618	18.9658	0.94864	0	0	0	0	20	0	0	0	0	0.0	0.0	0.0	0.0	0.9271	0.0	0.0	0.0	0.0	0.0	0.0	0.0	0.0	790.821	0.0	0.0	0.0	0.0	0.0	0.0	0.0	0.0	39.541	0.0	0.0	0.0	0.0	0	0	0	0	19	0	0	0	0	0	0	0	0	0	0	0	0	0	0	0	0	0	1	0	0	0	0	0	0	0	0	0	0	0	0	0	0	0	0	0	0	0	0	0	0	0	0	0	0	0	0	0	0	0	0.0	0.0	0.0	0.0	0.000593	0.0	0.0	0.0	0.0	0.0	0.0	0.0	0.0	1.0	0.0	0.0	0.0	0.0	
23	23	897.628006337	12485.118	12485.118	18.3185	0.946874	0	0	0	0	21	0	0	0	0	0.0	0.0	0.0	0.0	0.93439	0.0	0.0	0.0	0.0	0.0	0.0	0.0	0.0	810.239	0.0	0.0	0.0	0.0	0.0	0.0	0.0	0.0	38.5828	0.0	0.0	0.0	0.0	0	0	0	0	20	0	0	0	0	0	0	0	0	0	0	0	0	0	0	0	0	0	1	0	0	0	0	0	0	0	0	0	0	0	0	0	0	0	0	0	0	0	0	0	0	0	0	0	0	0	0	0	0	0	0.0	0.0	0.0	0.0	0.000628	0.0	0.0	0.0	0.0	0.0	0.0	0.0	0.0	1.0	0.0	0.0	0.0	0.0	
24	24	912.853839439	12485.118	12485.118	17.6438	0.944899	0	0	0	0	22	0	0	0	0	0.0	0.0	0.0	0.0	0.840951	0.0	0.0	0.0	0.0	0.0	0.0	0.0	0.0	825.465	0.0	0.0	0.0	0.0	0.0	0.0	0.0	0.0	37.5211	0.0	0.0	0.0	0.0	0	0	0	0	20	0	0	0	0	0	0	0	0	0	0	0	0	0	0	0	0	0	2	0	0	0	0	0	0	0	0	0	0	0	0	0	0	0	0	0	0	0	0	0	0	0	0	0	0	0	0	0	0	0	0.0	0.0	0.0	0.0	0.000597	0.0	0.0	0.0	0.0	0.0	0.0	0.0	0.0	1.0	0.0	0.0	0.0	0.0	
25	25	1093.849711512	12443.912	12443.912	17.1321	0.943301	0	0	0	0	23	0	0	0	0	0.0	0.0	0.0	0.0	0.856856	0.0	0.0	0.0	0.0	0.0	0.0	0.0	0.0	1006.46	0.0	0.0	0.0	0.0	0.0	0.0	0.0	0.0	43.7592	0.0	0.0	0.0	0.0	0	0	0	0	21	0	0	0	0	0	0	0	0	0	0	0	0	0	0	0	0	0	2	0	0	0	0	0	0	0	0	0	0	0	0	0	0	0	0	0	0	0	0	0	0	0	0	0	0	0	0	0	0	0	0.0	0.0	0.0	0.0	0.000447	0.0	0.0	0.0	0.0	0.0	0.0	0.0	0.0	1.0	0.0	0.0	0.0	0.0	
26	26	1108.94290041	12443.912	12443.912	12.0752	0.920522	0	0	0	0	24	0	0	0	0	0.0	0.0	0.0	0.0	0.77117	0.0	0.0	0.0	0.0	0.0	0.0	0.0	0.0	1021.55	0.0	0.0	0.0	0.0	0.0	0.0	0.0	0.0	42.5647	0.0	0.0	0.0	0.0	0	0	0	0	21	0	0	0	0	0	0	0	0	0	0	0	0	0	0	0	0	0	3	0	0	0	0	0	0	0	0	0	0	0	0	0	0	0	0	0	0	0	0	0	0	0	0	0	0	0	0	0	0	0	0.0	0.0	0.0	0.0	0.000426	0.0	0.0	0.0	0.0	0.0	0.0	0.0	0.0	1.0	0.0	0.0	0.0	0.0	
27	27	1126.56908712	12441.412	12441.412	11.7281	0.918269	0	0	0	0	25	0	0	0	0	0.0	0.0	0.0	0.0	0.794053	0.0	0.0	0.0	0.0	0.0	0.0	0.0	0.0	1039.18	0.0	0.0	0.0	0.0	0.0	0.0	0.0	0.0	41.5672	0.0	0.0	0.0	0.0	0	0	0	0	22	0	0	0	0	0	0	0	0	0	0	0	0	0	0	0	0	0	3	0	0	0	0	0	0	0	0	0	0	0	0	0	0	0	0	0	0	0	0	0	0	0	0	0	0	0	0	0	0	0	0.0	0.0	0.0	0.0	0.00046	0.0	0.0	0.0	0.0	0.0	0.0	0.0	0.0	1.0	0.0	0.0	0.0	0.0	
28	28	1307.606696945	12348.162	12348.162	11.3353	0.915559	0	0	0	0	26	0	0	0	0	0.0	0.0	0.0	0.0	0.814648	0.0	0.0	0.0	0.0	0.0	0.0	0.0	0.0	1220.22	0.0	0.0	0.0	0.0	0.0	0.0	0.0	0.0	46.9314	0.0	0.0	0.0	0.0	0	0	0	0	23	0	0	0	0	0	0	0	0	0	0	0	0	0	0	0	0	0	3	0	0	0	0	0	0	0	0	0	0	0	0	0	0	0	0	0	0	0	0	0	0	0	0	0	0	0	0	0	0	0	0.0	0.0	0.0	0.0	0.00037	0.0	0.0	0.0	0.0	0.0	0.0	0.0	0.0	1.0	0.0	0.0	0.0	0.0	
29	29	1325.777417185	12301.735	12301.735	7.98881	0.882342	0	0	0	0	27	0	0	0	0	0.0	0.0	0.0	0.0	0.833183	0.0	0.0	0.0	0.0	0.0	0.0	0.0	0.0	1238.39	0.0	0.0	0.0	0.0	0.0	0.0	0.0	0.0	45.8662	0.0	0.0	0.0	0.0	0	0	0	0	24	0	0	0	0	0	0	0	0	0	0	0	0	0	0	0	0	0	3	0	0	0	0	0	0	0	0	0	0	0	0	0	0	0	0	0	0	0	0	0	0	0	0	0	0	0	0	0	0	0	0.0	0.0	0.0	0.0	0.000396	0.0	0.0	0.0	0.0	0.0	0.0	0.0	0.0	1.0	0.0	0.0	0.0	0.0	
30	30	1357.821055556	12115.162	12115.162	7.71314	0.878404	0	0	0	0	28	0	0	0	0	0.0	0.0	0.0	0.0	0.849865	0.0	0.0	0.0	0.0	0.0	0.0	0.0	0.0	1270.43	0.0	0.0	0.0	0.0	0.0	0.0	0.0	0.0	45.3726	0.0	0.0	0.0	0.0	0	0	0	0	25	0	0	0	0	0	0	0	0	0	0	0	0	0	0	0	0	0	3	0	0	0	0	0	0	0	0	0	0	0	0	0	0	0	0	0	0	0	0	0	0	0	0	0	0	0	0	0	0	0	0.0	0.0	0.0	0.0	0.000413	0.0	0.0	0.0	0.0	0.0	0.0	0.0	0.0	1.0	0.0	0.0	0.0	0.0	
31	31	1396.386132139	11930.191	11930.191	7.24996	0.871158	0	0	0	0	29	0	0	0	0	0.0	0.0	0.0	0.0	0.864878	0.0	0.0	0.0	0.0	0.0	0.0	0.0	0.0	1309.0	0.0	0.0	0.0	0.0	0.0	0.0	0.0	0.0	45.1378	0.0	0.0	0.0	0.0	0	0	0	0	26	0	0	0	0	0	0	0	0	0	0	0	0	0	0	0	0	0	3	0	0	0	0	0	0	0	0	0	0	0	0	0	0	0	0	0	0	0	0	0	0	0	0	0	0	0	0	0	0	0	0.0	0.0	0.0	0.0	0.000424	0.0	0.0	0.0	0.0	0.0	0.0	0.0	0.0	1.0	0.0	0.0	0.0	0.0	
32	32	1412.20499506	11930.191	11930.191	6.72925	0.86191	0	0	0	0	30	0	0	0	0	0.0	0.0	0.0	0.0	0.778391	0.0	0.0	0.0	0.0	0.0	0.0	0.0	0.0	1324.82	0.0	0.0	0.0	0.0	0.0	0.0	0.0	0.0	44.1605	0.0	0.0	0.0	0.0	0	0	0	0	26	0	0	0	0	0	0	0	0	0	0	0	0	0	0	0	0	0	4	0	0	0	0	0	0	0	0	0	0	0	0	0	0	0	0	0	0	0	0	0	0	0	0	0	0	0	0	0	0	0	0.0	0.0	0.0	0.0	0.000399	0.0	0.0	0.0	0.0	0.0	0.0	0.0	0.0	1.0	0.0	0.0	0.0	0.0	
33	33	1443.445067006	11930.191	11930.191	6.52664	0.857942	0	0	0	0	31	0	0	0	0	0.0	0.0	0.0	0.0	0.700551	0.0	0.0	0.0	0.0	0.0	0.0	0.0	0.0	1356.06	0.0	0.0	0.0	0.0	0.0	0.0	0.0	0.0	43.7437	0.0	0.0	0.0	0.0	0	0	0	0	26	0	0	0	0	0	0	0	0	0	0	0	0	0	0	0	0	0	5	0	0	0	0	0	0	0	0	0	0	0	0	0	0	0	0	0	0	0	0	0	0	0	0	0	0	0	0	0	0	0	0.0	0.0	0.0	0.0	0.000366	0.0	0.0	0.0	0.0	0.0	0.0	0.0	0.0	1.0	0.0	0.0	0.0	0.0	
34	34	1463.262512458	11930.191	11930.191	6.14425	0.8498	0	0	0	0	32	0	0	0	0	0.0	0.0	0.0	0.0	0.630496	0.0	0.0	0.0	0.0	0.0	0.0	0.0	0.0	1375.87	0.0	0.0	0.0	0.0	0.0	0.0	0.0	0.0	42.996	0.0	0.0	0.0	0.0	0	0	0	0	26	0	0	0	0	0	0	0	0	0	0	0	0	0	0	0	0	0	6	0	0	0	0	0	0	0	0	0	0	0	0	0	0	0	0	0	0	0	0	0	0	0	0	0	0	0	0	0	0	0	0.0	0.0	0.0	0.0	0.000341	0.0	0.0	0.0	0.0	0.0	0.0	0.0	0.0	1.0	0.0	0.0	0.0	0.0	
35	35	1494.885265959	11930.191	11930.191	5.91337	0.844417	0	0	0	0	33	0	0	0	0	0.0	0.0	0.0	0.0	0.567447	0.0	0.0	0.0	0.0	0.0	0.0	0.0	0.0	1407.5	0.0	0.0	0.0	0.0	0.0	0.0	0.0	0.0	42.6514	0.0	0.0	0.0	0.0	0	0	0	0	26	0	0	0	0	0	0	0	0	0	0	0	0	0	0	0	0	0	7	0	0	0	0	0	0	0	0	0	0	0	0	0	0	0	0	0	0	0	0	0	0	0	0	0	0	0	0	0	0	0	0.0	0.0	0.0	0.0	0.000312	0.0	0.0	0.0	0.0	0.0	0.0	0.0	0.0	1.0	0.0	0.0	0.0	0.0	
36	36	1555.296528573	11903.103	11903.103	5.5628	0.835466	0	0	0	0	34	0	0	0	0	0.0	0.0	0.0	0.0	0.610702	0.0	0.0	0.0	0.0	0.0	0.0	0.0	0.0	1467.91	0.0	0.0	0.0	0.0	0.0	0.0	0.0	0.0	43.1737	0.0	0.0	0.0	0.0	0	0	0	0	27	0	0	0	0	0	0	0	0	0	0	0	0	0	0	0	0	0	7	0	0	0	0	0	0	0	0	0	0	0	0	0	0	0	0	0	0	0	0	0	0	0	0	0	0	0	0	0	0	0	0.0	0.0	0.0	0.0	0.000328	0.0	0.0	0.0	0.0	0.0	0.0	0.0	0.0	1.0	0.0	0.0	0.0	0.0	
37	37	1577.622106642	11817.103	11817.103	4.9498	0.817072	0	0	0	0	35	0	0	0	0	0.0	0.0	0.0	0.0	0.649632	0.0	0.0	0.0	0.0	0.0	0.0	0.0	0.0	1490.23	0.0	0.0	0.0	0.0	0.0	0.0	0.0	0.0	42.5781	0.0	0.0	0.0	0.0	0	0	0	0	28	0	0	0	0	0	0	0	0	0	0	0	0	0	0	0	0	0	7	0	0	0	0	0	0	0	0	0	0	0	0	0	0	0	0	0	0	0	0	0	0	0	0	0	0	0	0	0	0	0	0.0	0.0	0.0	0.0	0.000358	0.0	0.0	0.0	0.0	0.0	0.0	0.0	0.0	1.0	0.0	0.0	0.0	0.0	
38	38	1606.518409126	11817.103	11817.103	4.74078	0.809826	0	0	0	0	36	0	0	0	0	0.0	0.0	0.0	0.0	0.584669	0.0	0.0	0.0	0.0	0.0	0.0	0.0	0.0	1519.13	0.0	0.0	0.0	0.0	0.0	0.0	0.0	0.0	42.198	0.0	0.0	0.0	0.0	0	0	0	0	28	0	0	0	0	0	0	0	0	0	0	0	0	0	0	0	0	0	8	0	0	0	0	0	0	0	0	0	0	0	0	0	0	0	0	0	0	0	0	0	0	0	0	0	0	0	0	0	0	0	0.0	0.0	0.0	0.0	0.000328	0.0	0.0	0.0	0.0	0.0	0.0	0.0	0.0	1.0	0.0	0.0	0.0	0.0	
39	39	1623.950421594	11808.103	11808.103	4.48328	0.800074	0	0	0	0	37	0	0	0	0	0.0	0.0	0.0	0.0	0.626202	0.0	0.0	0.0	0.0	0.0	0.0	0.0	0.0	1536.56	0.0	0.0	0.0	0.0	0.0	0.0	0.0	0.0	41.5287	0.0	0.0	0.0	0.0	0	0	0	0	29	0	0	0	0	0	0	0	0	0	0	0	0	0	0	0	0	0	8	0	0	0	0	0	0	0	0	0	0	0	0	0	0	0	0	0	0	0	0	0	0	0	0	0	0	0	0	0	0	0	0.0	0.0	0.0	0.0	0.000363	0.0	0.0	0.0	0.0	0.0	0.0	0.0	0.0	1.0	0.0	0.0	0.0	0.0	
40	40	1663.252269789	11808.103	11808.103	4.33475	0.793983	0	0	0	0	38	0	0	0	0	0.0	0.0	0.0	0.0	0.563582	0.0	0.0	0.0	0.0	0.0	0.0	0.0	0.0	1575.86	0.0	0.0	0.0	0.0	0.0	0.0	0.0	0.0	41.4701	0.0	0.0	0.0	0.0	0	0	0	0	29	0	0	0	0	0	0	0	0	0	0	0	0	0	0	0	0	0	9	0	0	0	0	0	0	0	0	0	0	0	0	0	0	0	0	0	0	0	0	0	0	0	0	0	0	0	0	0	0	0	0.0	0.0	0.0	0.0	0.000328	0.0	0.0	0.0	0.0	0.0	0.0	0.0	0.0	1.0	0.0	0.0	0.0	0.0	
41	41	1678.901383651	11808.103	11808.103	4.0177	0.779659	0	0	0	0	39	0	0	0	0	0.0	0.0	0.0	0.0	0.507223	0.0	0.0	0.0	0.0	0.0	0.0	0.0	0.0	1591.51	0.0	0.0	0.0	0.0	0.0	0.0	0.0	0.0	40.808	0.0	0.0	0.0	0.0	0	0	0	0	29	0	0	0	0	0	0	0	0	0	0	0	0	0	0	0	0	0	10	0	0	0	0	0	0	0	0	0	0	0	0	0	0	0	0	0	0	0	0	0	0	0	0	0	0	0	0	0	0	0	0.0	0.0	0.0	0.0	0.000305	0.0	0.0	0.0	0.0	0.0	0.0	0.0	0.0	1.0	0.0	0.0	0.0	0.0	
42	42	1694.760120661	11808.103	11808.103	3.898	0.773723	0	0	0	0	40	0	0	0	0	0.0	0.0	0.0	0.0	0.456501	0.0	0.0	0.0	0.0	0.0	0.0	0.0	0.0	1607.37	0.0	0.0	0.0	0.0	0.0	0.0	0.0	0.0	40.1843	0.0	0.0	0.0	0.0	0	0	0	0	29	0	0	0	0	0	0	0	0	0	0	0	0	0	0	0	0	0	11	0	0	0	0	0	0	0	0	0	0	0	0	0	0	0	0	0	0	0	0	0	0	0	0	0	0	0	0	0	0	0	0.0	0.0	0.0	0.0	0.000283	0.0	0.0	0.0	0.0	0.0	0.0	0.0	0.0	1.0	0.0	0.0	0.0	0.0	
43	43	1712.548148467	11793.118	11793.118	3.78035	0.76757	0	0	0	0	41	0	0	0	0	0.0	0.0	0.0	0.0	0.510851	0.0	0.0	0.0	0.0	0.0	0.0	0.0	0.0	1625.16	0.0	0.0	0.0	0.0	0.0	0.0	0.0	0.0	39.638	0.0	0.0	0.0	0.0	0	0	0	0	30	0	0	0	0	0	0	0	0	0	0	0	0	0	0	0	0	0	11	0	0	0	0	0	0	0	0	0	0	0	0	0	0	0	0	0	0	0	0	0	0	0	0	0	0	0	0	0	0	0	0.0	0.0	0.0	0.0	0.000325	0.0	0.0	0.0	0.0	0.0	0.0	0.0	0.0	1.0	0.0	0.0	0.0	0.0	
44	44	1729.512914516	11793.118	11793.118	3.65259	0.760501	0	0	0	0	42	0	0	0	0	0.0	0.0	0.0	0.0	0.459766	0.0	0.0	0.0	0.0	0.0	0.0	0.0	0.0	1642.12	0.0	0.0	0.0	0.0	0.0	0.0	0.0	0.0	39.0982	0.0	0.0	0.0	0.0	0	0	0	0	30	0	0	0	0	0	0	0	0	0	0	0	0	0	0	0	0	0	12	0	0	0	0	0	0	0	0	0	0	0	0	0	0	0	0	0	0	0	0	0	0	0	0	0	0	0	0	0	0	0	0.0	0.0	0.0	0.0	0.000301	0.0	0.0	0.0	0.0	0.0	0.0	0.0	0.0	1.0	0.0	0.0	0.0	0.0	
45	45	1745.241658668	11793.118	11793.118	3.53478	0.753593	0	0	0	0	43	0	0	0	0	0.0	0.0	0.0	0.0	0.413789	0.0	0.0	0.0	0.0	0.0	0.0	0.0	0.0	1657.85	0.0	0.0	0.0	0.0	0.0	0.0	0.0	0.0	38.5547	0.0	0.0	0.0	0.0	0	0	0	0	30	0	0	0	0	0	0	0	0	0	0	0	0	0	0	0	0	0	13	0	0	0	0	0	0	0	0	0	0	0	0	0	0	0	0	0	0	0	0	0	0	0	0	0	0	0	0	0	0	0	0.0	0.0	0.0	0.0	0.000278	0.0	0.0	0.0	0.0	0.0	0.0	0.0	0.0	1.0	0.0	0.0	0.0	0.0	
46	46	1765.183859936	11792.618	11792.618	3.42895	0.747041	0	0	0	0	44	0	0	0	0	0.0	0.0	0.0	0.0	0.47241	0.0	0.0	0.0	0.0	0.0	0.0	0.0	0.0	1677.79	0.0	0.0	0.0	0.0	0.0	0.0	0.0	0.0	38.1317	0.0	0.0	0.0	0.0	0	0	0	0	31	0	0	0	0	0	0	0	0	0	0	0	0	0	0	0	0	0	13	0	0	0	0	0	0	0	0	0	0	0	0	0	0	0	0	0	0	0	0	0	0	0	0	0	0	0	0	0	0	0	0.0	0.0	0.0	0.0	0.000325	0.0	0.0	0.0	0.0	0.0	0.0	0.0	0.0	1.0	0.0	0.0	0.0	0.0	
47	47	1780.239085607	11792.618	11792.618	3.29931	0.73853	0	0	0	0	45	0	0	0	0	0.0	0.0	0.0	0.0	0.425169	0.0	0.0	0.0	0.0	0.0	0.0	0.0	0.0	1692.85	0.0	0.0	0.0	0.0	0.0	0.0	0.0	0.0	37.6189	0.0	0.0	0.0	0.0	0	0	0	0	31	0	0	0	0	0	0	0	0	0	0	0	0	0	0	0	0	0	14	0	0	0	0	0	0	0	0	0	0	0	0	0	0	0	0	0	0	0	0	0	0	0	0	0	0	0	0	0	0	0	0.0	0.0	0.0	0.0	0.0003	0.0	0.0	0.0	0.0	0.0	0.0	0.0	0.0	1.0	0.0	0.0	0.0	0.0	
48	48	1796.584068026	11792.618	11792.618	3.20469	0.73195	0	0	0	0	46	0	0	0	0	0.0	0.0	0.0	0.0	0.382652	0.0	0.0	0.0	0.0	0.0	0.0	0.0	0.0	1709.19	0.0	0.0	0.0	0.0	0.0	0.0	0.0	0.0	37.1564	0.0	0.0	0.0	0.0	0	0	0	0	31	0	0	0	0	0	0	0	0	0	0	0	0	0	0	0	0	0	15	0	0	0	0	0	0	0	0	0	0	0	0	0	0	0	0	0	0	0	0	0	0	0	0	0	0	0	0	0	0	0	0.0	0.0	0.0	0.0	0.000277	0.0	0.0	0.0	0.0	0.0	0.0	0.0	0.0	1.0	0.0	0.0	0.0	0.0	
49	49	1977.685241979	11781.574	11781.574	3.10504	0.724657	0	0	0	0	47	0	0	0	0	0.0	0.0	0.0	0.0	0.444387	0.0	0.0	0.0	0.0	0.0	0.0	0.0	0.0	1890.3	0.0	0.0	0.0	0.0	0.0	0.0	0.0	0.0	40.2191	0.0	0.0	0.0	0.0	0	0	0	0	32	0	0	0	0	0	0	0	0	0	0	0	0	0	0	0	0	0	15	0	0	0	0	0	0	0	0	0	0	0	0	0	0	0	0	0	0	0	0	0	0	0	0	0	0	0	0	0	0	0	0.0	0.0	0.0	0.0	0.000275	0.0	0.0	0.0	0.0	0.0	0.0	0.0	0.0	1.0	0.0	0.0	0.0	0.0	
50	50	2083.84957023	11758.074	11758.074	2.18808	0.633167	0	0	0	0	48	0	0	0	0	0.0	0.0	0.0	0.0	0.499948	0.0	0.0	0.0	0.0	0.0	0.0	0.0	0.0	1996.46	0.0	0.0	0.0	0.0	0.0	0.0	0.0	0.0	41.5929	0.0	0.0	0.0	0.0	0	0	0	0	33	0	0	0	0	0	0	0	0	0	0	0	0	0	0	0	0	0	15	0	0	0	0	0	0	0	0	0	0	0	0	0	0	0	0	0	0	0	0	0	0	0	0	0	0	0	0	0	0	0	0.0	0.0	0.0	0.0	0.000289	0.0	0.0	0.0	0.0	0.0	0.0	0.0	0.0	1.0	0.0	0.0	0.0	0.0	
51	51	2101.135779462	11758.074	11758.074	1.7822	0.570578	0	0	0	0	49	0	0	0	0	0.0	0.0	0.0	0.0	0.449954	0.0	0.0	0.0	0.0	0.0	0.0	0.0	0.0	2013.75	0.0	0.0	0.0	0.0	0.0	0.0	0.0	0.0	41.0969	0.0	0.0	0.0	0.0	0	0	0	0	33	0	0	0	0	0	0	0	0	0	0	0	0	0	0	0	0	0	16	0	0	0	0	0	0	0	0	0	0	0	0	0	0	0	0	0	0	0	0	0	0	0	0	0	0	0	0	0	0	0	0.0	0.0	0.0	0.0	0.000266	0.0	0.0	0.0	0.0	0.0	0.0	0.0	0.0	1.0	0.0	0.0	0.0	0.0	
52	52	2119.370469256	11758.074	11758.074	1.72364	0.559805	0	0	0	0	50	0	0	0	0	0.0	0.0	0.0	0.0	0.404958	0.0	0.0	0.0	0.0	0.0	0.0	0.0	0.0	2031.98	0.0	0.0	0.0	0.0	0.0	0.0	0.0	0.0	40.6396	0.0	0.0	0.0	0.0	0	0	0	0	33	0	0	0	0	0	0	0	0	0	0	0	0	0	0	0	0	0	17	0	0	0	0	0	0	0	0	0	0	0	0	0	0	0	0	0	0	0	0	0	0	0	0	0	0	0	0	0	0	0	0.0	0.0	0.0	0.0	0.000245	0.0	0.0	0.0	0.0	0.0	0.0	0.0	0.0	1.0	0.0	0.0	0.0	0.0	
53	53	2224.951627363	11728.412	11728.412	1.66396	0.548276	0	0	0	0	51	0	0	0	0	0.0	0.0	0.0	0.0	0.464462	0.0	0.0	0.0	0.0	0.0	0.0	0.0	0.0	2137.56	0.0	0.0	0.0	0.0	0.0	0.0	0.0	0.0	41.913	0.0	0.0	0.0	0.0	0	0	0	0	34	0	0	0	0	0	0	0	0	0	0	0	0	0	0	0	0	0	17	0	0	0	0	0	0	0	0	0	0	0	0	0	0	0	0	0	0	0	0	0	0	0	0	0	0	0	0	0	0	0	0.0	0.0	0.0	0.0	0.000264	0.0	0.0	0.0	0.0	0.0	0.0	0.0	0.0	1.0	0.0	0.0	0.0	0.0	
54	54	2240.111818196	11728.412	11728.412	1.35683	0.478541	0	0	0	0	52	0	0	0	0	0.0	0.0	0.0	0.0	0.418016	0.0	0.0	0.0	0.0	0.0	0.0	0.0	0.0	2152.72	0.0	0.0	0.0	0.0	0.0	0.0	0.0	0.0	41.3985	0.0	0.0	0.0	0.0	0	0	0	0	34	0	0	0	0	0	0	0	0	0	0	0	0	0	0	0	0	0	18	0	0	0	0	0	0	0	0	0	0	0	0	0	0	0	0	0	0	0	0	0	0	0	0	0	0	0	0	0	0	0	0.0	0.0	0.0	0.0	0.000244	0.0	0.0	0.0	0.0	0.0	0.0	0.0	0.0	1.0	0.0	0.0	0.0	0.0	
55	55	2262.04440452	11717.912	11717.912	1.31765	0.468168	0	0	0	0	53	0	0	0	0	0.0	0.0	0.0	0.0	0.476215	0.0	0.0	0.0	0.0	0.0	0.0	0.0	0.0	2174.65	0.0	0.0	0.0	0.0	0.0	0.0	0.0	0.0	41.0312	0.0	0.0	0.0	0.0	0	0	0	0	35	0	0	0	0	0	0	0	0	0	0	0	0	0	0	0	0	0	18	0	0	0	0	0	0	0	0	0	0	0	0	0	0	0	0	0	0	0	0	0	0	0	0	0	0	0	0	0	0	0	0.0	0.0	0.0	0.0	0.000283	0.0	0.0	0.0	0.0	0.0	0.0	0.0	0.0	1.0	0.0	0.0	0.0	0.0	
56	56	2286.412056396	11688.397	11688.397	1.26296	0.453034	0	0	0	0	54	0	0	0	0	0.0	0.0	0.0	0.0	0.528593	0.0	0.0	0.0	0.0	0.0	0.0	0.0	0.0	2199.02	0.0	0.0	0.0	0.0	0.0	0.0	0.0	0.0	40.7226	0.0	0.0	0.0	0.0	0	0	0	0	36	0	0	0	0	0	0	0	0	0	0	0	0	0	0	0	0	0	18	0	0	0	0	0	0	0	0	0	0	0	0	0	0	0	0	0	0	0	0	0	0	0	0	0	0	0	0	0	0	0	0.0	0.0	0.0	0.0	0.000319	0.0	0.0	0.0	0.0	0.0	0.0	0.0	0.0	1.0	0.0	0.0	0.0	0.0	
57	57	2465.098384508	11675.206	11675.206	1.20487	0.436063	0	0	0	0	55	0	0	0	0	0.0	0.0	0.0	0.0	0.575734	0.0	0.0	0.0	0.0	0.0	0.0	0.0	0.0	2377.71	0.0	0.0	0.0	0.0	0.0	0.0	0.0	0.0	43.2311	0.0	0.0	0.0	0.0	0	0	0	0	37	0	0	0	0	0	0	0	0	0	0	0	0	0	0	0	0	0	18	0	0	0	0	0	0	0	0	0	0	0	0	0	0	0	0	0	0	0	0	0	0	0	0	0	0	0	0	0	0	0	0.0	0.0	0.0	0.0	0.000308	0.0	0.0	0.0	0.0	0.0	0.0	0.0	0.0	1.0	0.0	0.0	0.0	0.0	
58	58	2646.16106919	11617.059	11617.059	0.853024	0.309654	0	0	0	0	56	0	0	0	0	0.0	0.0	0.0	0.0	0.61816	0.0	0.0	0.0	0.0	0.0	0.0	0.0	0.0	2558.77	0.0	0.0	0.0	0.0	0.0	0.0	0.0	0.0	45.6923	0.0	0.0	0.0	0.0	0	0	0	0	38	0	0	0	0	0	0	0	0	0	0	0	0	0	0	0	0	0	18	0	0	0	0	0	0	0	0	0	0	0	0	0	0	0	0	0	0	0	0	0	0	0	0	0	0	0	0	0	0	0	0.0	0.0	0.0	0.0	0.000296	0.0	0.0	0.0	0.0	0.0	0.0	0.0	0.0	1.0	0.0	0.0	0.0	0.0	
59	59	2680.832906379	11614.559	11614.559	0.601159	0.189483	0	0	0	0	57	0	0	0	0	0.0	0.0	0.0	0.0	0.656344	0.0	0.0	0.0	0.0	0.0	0.0	0.0	0.0	2593.44	0.0	0.0	0.0	0.0	0.0	0.0	0.0	0.0	45.499	0.0	0.0	0.0	0.0	0	0	0	0	39	0	0	0	0	0	0	0	0	0	0	0	0	0	0	0	0	0	18	0	0	0	0	0	0	0	0	0	0	0	0	0	0	0	0	0	0	0	0	0	0	0	0	0	0	0	0	0	0	0	0.0	0.0	0.0	0.0	0.000317	0.0	0.0	0.0	0.0	0.0	0.0	0.0	0.0	1.0	0.0	0.0	0.0	0.0	
60	60	2697.179890637	11614.059	11614.059	0.562196	0.168851	0	0	0	0	58	0	0	0	0	0.0	0.0	0.0	0.0	0.69071	0.0	0.0	0.0	0.0	0.0	0.0	0.0	0.0	2609.79	0.0	0.0	0.0	0.0	0.0	0.0	0.0	0.0	44.9964	0.0	0.0	0.0	0.0	0	0	0	0	40	0	0	0	0	0	0	0	0	0	0	0	0	0	0	0	0	0	18	0	0	0	0	0	0	0	0	0	0	0	0	0	0	0	0	0	0	0	0	0	0	0	0	0	0	0	0	0	0	0	0.0	0.0	0.0	0.0	0.000341	0.0	0.0	0.0	0.0	0.0	0.0	0.0	0.0	1.0	0.0	0.0	0.0	0.0	
61	61	2717.049121061	11614.059	11614.059	0.544712	0.159481	0	0	0	0	59	0	0	0	0	0.0	0.0	0.0	0.0	0.621639	0.0	0.0	0.0	0.0	0.0	0.0	0.0	0.0	2629.66	0.0	0.0	0.0	0.0	0.0	0.0	0.0	0.0	44.5705	0.0	0.0	0.0	0.0	0	0	0	0	40	0	0	0	0	0	0	0	0	0	0	0	0	0	0	0	0	0	19	0	0	0	0	0	0	0	0	0	0	0	0	0	0	0	0	0	0	0	0	0	0	0	0	0	0	0	0	0	0	0	0.0	0.0	0.0	0.0	0.000313	0.0	0.0	0.0	0.0	0.0	0.0	0.0	0.0	1.0	0.0	0.0	0.0	0.0	
62	62	2737.255867004	11609.368	11609.368	0.524192	0.148422	0	0	0	0	60	0	0	0	0	0.0	0.0	0.0	0.0	0.659475	0.0	0.0	0.0	0.0	0.0	0.0	0.0	0.0	2649.87	0.0	0.0	0.0	0.0	0.0	0.0	0.0	0.0	44.1644	0.0	0.0	0.0	0.0	0	0	0	0	41	0	0	0	0	0	0	0	0	0	0	0	0	0	0	0	0	0	19	0	0	0	0	0	0	0	0	0	0	0	0	0	0	0	0	0	0	0	0	0	0	0	0	0	0	0	0	0	0	0	0.0	0.0	0.0	0.0	0.000338	0.0	0.0	0.0	0.0	0.0	0.0	0.0	0.0	1.0	0.0	0.0	0.0	0.0	
63	63	2765.589977253	11609.368	11609.368	0.504116	0.137563	0	0	0	0	61	0	0	0	0	0.0	0.0	0.0	0.0	0.593528	0.0	0.0	0.0	0.0	0.0	0.0	0.0	0.0	2678.2	0.0	0.0	0.0	0.0	0.0	0.0	0.0	0.0	43.9049	0.0	0.0	0.0	0.0	0	0	0	0	41	0	0	0	0	0	0	0	0	0	0	0	0	0	0	0	0	0	20	0	0	0	0	0	0	0	0	0	0	0	0	0	0	0	0	0	0	0	0	0	0	0	0	0	0	0	0	0	0	0	0.0	0.0	0.0	0.0	0.000308	0.0	0.0	0.0	0.0	0.0	0.0	0.0	0.0	1.0	0.0	0.0	0.0	0.0	
64	64	2794.326604815	11591.368	11591.368	0.477253	0.12303	0	0	0	0	62	0	0	0	0	0.0	0.0	0.0	0.0	0.634175	0.0	0.0	0.0	0.0	0.0	0.0	0.0	0.0	2706.94	0.0	0.0	0.0	0.0	0.0	0.0	0.0	0.0	43.6603	0.0	0.0	0.0	0.0	0	0	0	0	42	0	0	0	0	0	0	0	0	0	0	0	0	0	0	0	0	0	20	0	0	0	0	0	0	0	0	0	0	0	0	0	0	0	0	0	0	0	0	0	0	0	0	0	0	0	0	0	0	0	0.0	0.0	0.0	0.0	0.000333	0.0	0.0	0.0	0.0	0.0	0.0	0.0	0.0	1.0	0.0	0.0	0.0	0.0	
65	65	2840.592870768	11521.691	11521.691	0.45147	0.109155	0	0	0	0	63	0	0	0	0	0.0	0.0	0.0	0.0	0.670757	0.0	0.0	0.0	0.0	0.0	0.0	0.0	0.0	2753.2	0.0	0.0	0.0	0.0	0.0	0.0	0.0	0.0	43.7016	0.0	0.0	0.0	0.0	0	0	0	0	43	0	0	0	0	0	0	0	0	0	0	0	0	0	0	0	0	0	20	0	0	0	0	0	0	0	0	0	0	0	0	0	0	0	0	0	0	0	0	0	0	0	0	0	0	0	0	0	0	0	0.0	0.0	0.0	0.0	0.000351	0.0	0.0	0.0	0.0	0.0	0.0	0.0	0.0	1.0	0.0	0.0	0.0	0.0	
66	66	2855.54249642	11521.691	11521.691	0.412854	0.088729	0	0	0	0	64	0	0	0	0	0.0	0.0	0.0	0.0	0.603682	0.0	0.0	0.0	0.0	0.0	0.0	0.0	0.0	2768.15	0.0	0.0	0.0	0.0	0.0	0.0	0.0	0.0	43.2524	0.0	0.0	0.0	0.0	0	0	0	0	43	0	0	0	0	0	0	0	0	0	0	0	0	0	0	0	0	0	21	0	0	0	0	0	0	0	0	0	0	0	0	0	0	0	0	0	0	0	0	0	0	0	0	0	0	0	0	0	0	0	0.0	0.0	0.0	0.0	0.000323	0.0	0.0	0.0	0.0	0.0	0.0	0.0	0.0	1.0	0.0	0.0	0.0	0.0	
67	67	2870.426377249	11521.691	11521.691	0.401096	0.082648	0	0	0	0	65	0	0	0	0	0.0	0.0	0.0	0.0	0.543313	0.0	0.0	0.0	0.0	0.0	0.0	0.0	0.0	2783.04	0.0	0.0	0.0	0.0	0.0	0.0	0.0	0.0	42.8159	0.0	0.0	0.0	0.0	0	0	0	0	43	0	0	0	0	0	0	0	0	0	0	0	0	0	0	0	0	0	22	0	0	0	0	0	0	0	0	0	0	0	0	0	0	0	0	0	0	0	0	0	0	0	0	0	0	0	0	0	0	0	0.0	0.0	0.0	0.0	0.000296	0.0	0.0	0.0	0.0	0.0	0.0	0.0	0.0	1.0	0.0	0.0	0.0	0.0	
68	68	2889.462848417	11460.941	11460.941	0.389723	0.076848	0	0	0	0	66	0	0	0	0	0.0	0.0	0.0	0.0	0.588982	0.0	0.0	0.0	0.0	0.0	0.0	0.0	0.0	2802.07	0.0	0.0	0.0	0.0	0.0	0.0	0.0	0.0	42.4556	0.0	0.0	0.0	0.0	0	0	0	0	44	0	0	0	0	0	0	0	0	0	0	0	0	0	0	0	0	0	22	0	0	0	0	0	0	0	0	0	0	0	0	0	0	0	0	0	0	0	0	0	0	0	0	0	0	0	0	0	0	0	0.0	0.0	0.0	0.0	0.000327	0.0	0.0	0.0	0.0	0.0	0.0	0.0	0.0	1.0	0.0	0.0	0.0	0.0	
69	69	2908.819511063	11460.941	11460.941	0.375645	0.069802	0	0	0	0	67	0	0	0	0	0.0	0.0	0.0	0.0	0.530084	0.0	0.0	0.0	0.0	0.0	0.0	0.0	0.0	2821.43	0.0	0.0	0.0	0.0	0.0	0.0	0.0	0.0	42.1109	0.0	0.0	0.0	0.0	0	0	0	0	44	0	0	0	0	0	0	0	0	0	0	0	0	0	0	0	0	0	23	0	0	0	0	0	0	0	0	0	0	0	0	0	0	0	0	0	0	0	0	0	0	0	0	0	0	0	0	0	0	0	0.0	0.0	0.0	0.0	0.000299	0.0	0.0	0.0	0.0	0.0	0.0	0.0	0.0	1.0	0.0	0.0	0.0	0.0	
70	70	2924.273433148	11460.941	11460.941	0.361852	0.063067	0	0	0	0	68	0	0	0	0	0.0	0.0	0.0	0.0	0.477075	0.0	0.0	0.0	0.0	0.0	0.0	0.0	0.0	2836.88	0.0	0.0	0.0	0.0	0.0	0.0	0.0	0.0	41.7189	0.0	0.0	0.0	0.0	0	0	0	0	44	0	0	0	0	0	0	0	0	0	0	0	0	0	0	0	0	0	24	0	0	0	0	0	0	0	0	0	0	0	0	0	0	0	0	0	0	0	0	0	0	0	0	0	0	0	0	0	0	0	0.0	0.0	0.0	0.0	0.000274	0.0	0.0	0.0	0.0	0.0	0.0	0.0	0.0	1.0	0.0	0.0	0.0	0.0	
71	71	2943.291460813	11382.382	11382.382	0.351205	0.057998	0	0	0	0	69	0	0	0	0	0.0	0.0	0.0	0.0	0.529368	0.0	0.0	0.0	0.0	0.0	0.0	0.0	0.0	2855.9	0.0	0.0	0.0	0.0	0.0	0.0	0.0	0.0	41.3899	0.0	0.0	0.0	0.0	0	0	0	0	45	0	0	0	0	0	0	0	0	0	0	0	0	0	0	0	0	0	24	0	0	0	0	0	0	0	0	0	0	0	0	0	0	0	0	0	0	0	0	0	0	0	0	0	0	0	0	0	0	0	0.0	0.0	0.0	0.0	0.000309	0.0	0.0	0.0	0.0	0.0	0.0	0.0	0.0	1.0	0.0	0.0	0.0	0.0	
72	72	2961.237797077	11333.147	11333.147	0.33853	0.052134	0	0	0	0	70	0	0	0	0	0.0	0.0	0.0	0.0	0.576431	0.0	0.0	0.0	0.0	0.0	0.0	0.0	0.0	2873.85	0.0	0.0	0.0	0.0	0.0	0.0	0.0	0.0	41.055	0.0	0.0	0.0	0.0	0	0	0	0	46	0	0	0	0	0	0	0	0	0	0	0	0	0	0	0	0	0	24	0	0	0	0	0	0	0	0	0	0	0	0	0	0	0	0	0	0	0	0	0	0	0	0	0	0	0	0	0	0	0	0.0	0.0	0.0	0.0	0.000342	0.0	0.0	0.0	0.0	0.0	0.0	0.0	0.0	1.0	0.0	0.0	0.0	0.0	
73	73	2979.084001721	11322.647	11322.647	0.32699	0.046972	0	0	0	0	71	0	0	0	0	0.0	0.0	0.0	0.0	0.618788	0.0	0.0	0.0	0.0	0.0	0.0	0.0	0.0	2891.69	0.0	0.0	0.0	0.0	0.0	0.0	0.0	0.0	40.7281	0.0	0.0	0.0	0.0	0	0	0	0	47	0	0	0	0	0	0	0	0	0	0	0	0	0	0	0	0	0	24	0	0	0	0	0	0	0	0	0	0	0	0	0	0	0	0	0	0	0	0	0	0	0	0	0	0	0	0	0	0	0	0.0	0.0	0.0	0.0	0.000373	0.0	0.0	0.0	0.0	0.0	0.0	0.0	0.0	1.0	0.0	0.0	0.0	0.0	
74	74	2997.761684964	11311.147	11311.147	0.315905	0.042192	0	0	0	0	72	0	0	0	0	0.0	0.0	0.0	0.0	0.656909	0.0	0.0	0.0	0.0	0.0	0.0	0.0	0.0	2910.37	0.0	0.0	0.0	0.0	0.0	0.0	0.0	0.0	40.4218	0.0	0.0	0.0	0.0	0	0	0	0	48	0	0	0	0	0	0	0	0	0	0	0	0	0	0	0	0	0	24	0	0	0	0	0	0	0	0	0	0	0	0	0	0	0	0	0	0	0	0	0	0	0	0	0	0	0	0	0	0	0	0.0	0.0	0.0	0.0	0.000402	0.0	0.0	0.0	0.0	0.0	0.0	0.0	0.0	1.0	0.0	0.0	0.0	0.0	
75	75	3133.430269421	11310.147	11310.147	0.304705	0.037558	0	0	0	0	73	0	0	0	0	0.0	0.0	0.0	0.0	0.691218	0.0	0.0	0.0	0.0	0.0	0.0	0.0	0.0	3046.04	0.0	0.0	0.0	0.0	0.0	0.0	0.0	0.0	41.7266	0.0	0.0	0.0	0.0	0	0	0	0	49	0	0	0	0	0	0	0	0	0	0	0	0	0	0	0	0	0	24	0	0	0	0	0	0	0	0	0	0	0	0	0	0	0	0	0	0	0	0	0	0	0	0	0	0	0	0	0	0	0	0.0	0.0	0.0	0.0	0.000397	0.0	0.0	0.0	0.0	0.0	0.0	0.0	0.0	1.0	0.0	0.0	0.0	0.0	
76	76	3155.256943999	11310.147	11310.147	0.234427	0.014042	0	0	0	0	74	0	0	0	0	0.0	0.0	0.0	0.0	0.622096	0.0	0.0	0.0	0.0	0.0	0.0	0.0	0.0	3067.87	0.0	0.0	0.0	0.0	0.0	0.0	0.0	0.0	41.4577	0.0	0.0	0.0	0.0	0	0	0	0	49	0	0	0	0	0	0	0	0	0	0	0	0	0	0	0	0	0	25	0	0	0	0	0	0	0	0	0	0	0	0	0	0	0	0	0	0	0	0	0	0	0	0	0	0	0	0	0	0	0	0.0	0.0	0.0	0.0	0.000362	0.0	0.0	0.0	0.0	0.0	0.0	0.0	0.0	1.0	0.0	0.0	0.0	0.0	
77	77	3172.667063616	11309.147	11309.147	0.224744	0.011684	0	0	0	0	75	0	0	0	0	0.0	0.0	0.0	0.0	0.659887	0.0	0.0	0.0	0.0	0.0	0.0	0.0	0.0	3085.28	0.0	0.0	0.0	0.0	0.0	0.0	0.0	0.0	41.137	0.0	0.0	0.0	0.0	0	0	0	0	50	0	0	0	0	0	0	0	0	0	0	0	0	0	0	0	0	0	25	0	0	0	0	0	0	0	0	0	0	0	0	0	0	0	0	0	0	0	0	0	0	0	0	0	0	0	0	0	0	0	0.0	0.0	0.0	0.0	0.00039	0.0	0.0	0.0	0.0	0.0	0.0	0.0	0.0	1.0	0.0	0.0	0.0	0.0	
78	78	3192.177432596	11300.647	11300.647	0.217308	0.010034	0	0	0	0	76	0	0	0	0	0.0	0.0	0.0	0.0	0.693898	0.0	0.0	0.0	0.0	0.0	0.0	0.0	0.0	3104.79	0.0	0.0	0.0	0.0	0.0	0.0	0.0	0.0	40.8525	0.0	0.0	0.0	0.0	0	0	0	0	51	0	0	0	0	0	0	0	0	0	0	0	0	0	0	0	0	0	25	0	0	0	0	0	0	0	0	0	0	0	0	0	0	0	0	0	0	0	0	0	0	0	0	0	0	0	0	0	0	0	0.0	0.0	0.0	0.0	0.000416	0.0	0.0	0.0	0.0	0.0	0.0	0.0	0.0	1.0	0.0	0.0	0.0	0.0	
79	79	3210.833573984	11300.647	11300.647	0.209266	0.008408	0	0	0	0	77	0	0	0	0	0.0	0.0	0.0	0.0	0.624508	0.0	0.0	0.0	0.0	0.0	0.0	0.0	0.0	3123.44	0.0	0.0	0.0	0.0	0.0	0.0	0.0	0.0	40.5642	0.0	0.0	0.0	0.0	0	0	0	0	51	0	0	0	0	0	0	0	0	0	0	0	0	0	0	0	0	0	26	0	0	0	0	0	0	0	0	0	0	0	0	0	0	0	0	0	0	0	0	0	0	0	0	0	0	0	0	0	0	0	0.0	0.0	0.0	0.0	0.00038	0.0	0.0	0.0	0.0	0.0	0.0	0.0	0.0	1.0	0.0	0.0	0.0	0.0	
80	80	3237.818616335	11300.647	11300.647	0.201856	0.007055	0	0	0	0	78	0	0	0	0	0.0	0.0	0.0	0.0	0.562057	0.0	0.0	0.0	0.0	0.0	0.0	0.0	0.0	3150.43	0.0	0.0	0.0	0.0	0.0	0.0	0.0	0.0	40.3901	0.0	0.0	0.0	0.0	0	0	0	0	51	0	0	0	0	0	0	0	0	0	0	0	0	0	0	0	0	0	27	0	0	0	0	0	0	0	0	0	0	0	0	0	0	0	0	0	0	0	0	0	0	0	0	0	0	0	0	0	0	0	0.0	0.0	0.0	0.0	0.000345	0.0	0.0	0.0	0.0	0.0	0.0	0.0	0.0	1.0	0.0	0.0	0.0	0.0	
81	81	3253.154332927	11300.647	11300.647	0.191598	0.005411	0	0	0	0	79	0	0	0	0	0.0	0.0	0.0	0.0	0.505852	0.0	0.0	0.0	0.0	0.0	0.0	0.0	0.0	3165.76	0.0	0.0	0.0	0.0	0.0	0.0	0.0	0.0	40.073	0.0	0.0	0.0	0.0	0	0	0	0	51	0	0	0	0	0	0	0	0	0	0	0	0	0	0	0	0	0	28	0	0	0	0	0	0	0	0	0	0	0	0	0	0	0	0	0	0	0	0	0	0	0	0	0	0	0	0	0	0	0	0.0	0.0	0.0	0.0	0.000315	0.0	0.0	0.0	0.0	0.0	0.0	0.0	0.0	1.0	0.0	0.0	0.0	0.0	
82	82	3268.994040327	11300.647	11300.647	0.186003	0.004625	0	0	0	0	80	0	0	0	0	0.0	0.0	0.0	0.0	0.455267	0.0	0.0	0.0	0.0	0.0	0.0	0.0	0.0	3181.6	0.0	0.0	0.0	0.0	0.0	0.0	0.0	0.0	39.77	0.0	0.0	0.0	0.0	0	0	0	0	51	0	0	0	0	0	0	0	0	0	0	0	0	0	0	0	0	0	29	0	0	0	0	0	0	0	0	0	0	0	0	0	0	0	0	0	0	0	0	0	0	0	0	0	0	0	0	0	0	0	0.0	0.0	0.0	0.0	0.000288	0.0	0.0	0.0	0.0	0.0	0.0	0.0	0.0	1.0	0.0	0.0	0.0	0.0	
83	83	3292.221174701	11300.647	11300.647	0.180395	0.003913	0	0	0	0	81	0	0	0	0	0.0	0.0	0.0	0.0	0.40974	0.0	0.0	0.0	0.0	0.0	0.0	0.0	0.0	3204.83	0.0	0.0	0.0	0.0	0.0	0.0	0.0	0.0	39.5658	0.0	0.0	0.0	0.0	0	0	0	0	51	0	0	0	0	0	0	0	0	0	0	0	0	0	0	0	0	0	30	0	0	0	0	0	0	0	0	0	0	0	0	0	0	0	0	0	0	0	0	0	0	0	0	0	0	0	0	0	0	0	0.0	0.0	0.0	0.0	0.000262	0.0	0.0	0.0	0.0	0.0	0.0	0.0	0.0	1.0	0.0	0.0	0.0	0.0	
84	84	3307.161060852	11300.647	11300.647	0.172476	0.003034	0	0	0	0	82	0	0	0	0	0.0	0.0	0.0	0.0	0.368766	0.0	0.0	0.0	0.0	0.0	0.0	0.0	0.0	3219.77	0.0	0.0	0.0	0.0	0.0	0.0	0.0	0.0	39.2655	0.0	0.0	0.0	0.0	0	0	0	0	51	0	0	0	0	0	0	0	0	0	0	0	0	0	0	0	0	0	31	0	0	0	0	0	0	0	0	0	0	0	0	0	0	0	0	0	0	0	0	0	0	0	0	0	0	0	0	0	0	0	0.0	0.0	0.0	0.0	0.000239	0.0	0.0	0.0	0.0	0.0	0.0	0.0	0.0	1.0	0.0	0.0	0.0	0.0	
85	85	3322.671119656	11300.647	11300.647	0.167568	0.00256	0	0	0	0	83	0	0	0	0	0.0	0.0	0.0	0.0	0.331889	0.0	0.0	0.0	0.0	0.0	0.0	0.0	0.0	3235.28	0.0	0.0	0.0	0.0	0.0	0.0	0.0	0.0	38.9793	0.0	0.0	0.0	0.0	0	0	0	0	51	0	0	0	0	0	0	0	0	0	0	0	0	0	0	0	0	0	32	0	0	0	0	0	0	0	0	0	0	0	0	0	0	0	0	0	0	0	0	0	0	0	0	0	0	0	0	0	0	0	0.0	0.0	0.0	0.0	0.000218	0.0	0.0	0.0	0.0	0.0	0.0	0.0	0.0	1.0	0.0	0.0	0.0	0.0	
86	86	3350.723670616	11266.426	11266.426	0.162619	0.002135	0	0	0	0	84	0	0	0	0	0.0	0.0	0.0	0.0	0.3987	0.0	0.0	0.0	0.0	0.0	0.0	0.0	0.0	3263.33	0.0	0.0	0.0	0.0	0.0	0.0	0.0	0.0	38.8492	0.0	0.0	0.0	0.0	0	0	0	0	52	0	0	0	0	0	0	0	0	0	0	0	0	0	0	0	0	0	32	0	0	0	0	0	0	0	0	0	0	0	0	0	0	0	0	0	0	0	0	0	0	0	0	0	0	0	0	0	0	0	0.0	0.0	0.0	0.0	0.000264	0.0	0.0	0.0	0.0	0.0	0.0	0.0	0.0	1.0	0.0	0.0	0.0	0.0	
87	87	3366.278188188	11266.426	11266.426	0.154037	0.001516	0	0	0	0	85	0	0	0	0	0.0	0.0	0.0	0.0	0.35883	0.0	0.0	0.0	0.0	0.0	0.0	0.0	0.0	3278.89	0.0	0.0	0.0	0.0	0.0	0.0	0.0	0.0	38.5751	0.0	0.0	0.0	0.0	0	0	0	0	52	0	0	0	0	0	0	0	0	0	0	0	0	0	0	0	0	0	33	0	0	0	0	0	0	0	0	0	0	0	0	0	0	0	0	0	0	0	0	0	0	0	0	0	0	0	0	0	0	0	0.0	0.0	0.0	0.0	0.000241	0.0	0.0	0.0	0.0	0.0	0.0	0.0	0.0	1.0	0.0	0.0	0.0	0.0	
88	88	3392.138148507	11266.426	11266.426	0.149476	0.001243	0	0	0	0	86	0	0	0	0	0.0	0.0	0.0	0.0	0.322947	0.0	0.0	0.0	0.0	0.0	0.0	0.0	0.0	3304.75	0.0	0.0	0.0	0.0	0.0	0.0	0.0	0.0	38.4273	0.0	0.0	0.0	0.0	0	0	0	0	52	0	0	0	0	0	0	0	0	0	0	0	0	0	0	0	0	0	34	0	0	0	0	0	0	0	0	0	0	0	0	0	0	0	0	0	0	0	0	0	0	0	0	0	0	0	0	0	0	0	0.0	0.0	0.0	0.0	0.000219	0.0	0.0	0.0	0.0	0.0	0.0	0.0	0.0	1.0	0.0	0.0	0.0	0.0	
89	89	3414.123543649	11264.426	11264.426	0.142189	0.000882	0	0	0	0	87	0	0	0	0	0.0	0.0	0.0	0.0	0.390653	0.0	0.0	0.0	0.0	0.0	0.0	0.0	0.0	3326.73	0.0	0.0	0.0	0.0	0.0	0.0	0.0	0.0	38.2383	0.0	0.0	0.0	0.0	0	0	0	0	53	0	0	0	0	0	0	0	0	0	0	0	0	0	0	0	0	0	34	0	0	0	0	0	0	0	0	0	0	0	0	0	0	0	0	0	0	0	0	0	0	0	0	0	0	0	0	0	0	0	0.0	0.0	0.0	0.0	0.000267	0.0	0.0	0.0	0.0	0.0	0.0	0.0	0.0	1.0	0.0	0.0	0.0	0.0	
90	90	3546.058884076	11222.088	11222.088	0.136274	0.00065	0	0	0	0	88	0	0	0	0	0.0	0.0	0.0	0.0	0.451587	0.0	0.0	0.0	0.0	0.0	0.0	0.0	0.0	3458.67	0.0	0.0	0.0	0.0	0.0	0.0	0.0	0.0	39.303	0.0	0.0	0.0	0.0	0	0	0	0	54	0	0	0	0	0	0	0	0	0	0	0	0	0	0	0	0	0	34	0	0	0	0	0	0	0	0	0	0	0	0	0	0	0	0	0	0	0	0	0	0	0	0	0	0	0	0	0	0	0	0.0	0.0	0.0	0.0	0.000292	0.0	0.0	0.0	0.0	0.0	0.0	0.0	0.0	1.0	0.0	0.0	0.0	0.0	
91	91	3566.943806718	11220.588	11220.588	0.105603	7.7e-5	0	0	0	0	89	0	0	0	0	0.0	0.0	0.0	0.0	0.506429	0.0	0.0	0.0	0.0	0.0	0.0	0.0	0.0	3479.55	0.0	0.0	0.0	0.0	0.0	0.0	0.0	0.0	39.0961	0.0	0.0	0.0	0.0	0	0	0	0	55	0	0	0	0	0	0	0	0	0	0	0	0	0	0	0	0	0	34	0	0	0	0	0	0	0	0	0	0	0	0	0	0	0	0	0	0	0	0	0	0	0	0	0	0	0	0	0	0	0	0.0	0.0	0.0	0.0	0.000331	0.0	0.0	0.0	0.0	0.0	0.0	0.0	0.0	1.0	0.0	0.0	0.0	0.0	
92	92	3583.139225423	11220.588	11220.588	0.101425	5.2e-5	0	0	0	0	90	0	0	0	0	0.0	0.0	0.0	0.0	0.455786	0.0	0.0	0.0	0.0	0.0	0.0	0.0	0.0	3495.75	0.0	0.0	0.0	0.0	0.0	0.0	0.0	0.0	38.8416	0.0	0.0	0.0	0.0	0	0	0	0	55	0	0	0	0	0	0	0	0	0	0	0	0	0	0	0	0	0	35	0	0	0	0	0	0	0	0	0	0	0	0	0	0	0	0	0	0	0	0	0	0	0	0	0	0	0	0	0	0	0	0.0	0.0	0.0	0.0	0.000302	0.0	0.0	0.0	0.0	0.0	0.0	0.0	0.0	1.0	0.0	0.0	0.0	0.0	
93	93	3598.654132661	11220.588	11220.588	0.0983	3.8e-5	0	0	0	0	91	0	0	0	0	0.0	0.0	0.0	0.0	0.410207	0.0	0.0	0.0	0.0	0.0	0.0	0.0	0.0	3511.26	0.0	0.0	0.0	0.0	0.0	0.0	0.0	0.0	38.5853	0.0	0.0	0.0	0.0	0	0	0	0	55	0	0	0	0	0	0	0	0	0	0	0	0	0	0	0	0	0	36	0	0	0	0	0	0	0	0	0	0	0	0	0	0	0	0	0	0	0	0	0	0	0	0	0	0	0	0	0	0	0	0.0	0.0	0.0	0.0	0.000276	0.0	0.0	0.0	0.0	0.0	0.0	0.0	0.0	1.0	0.0	0.0	0.0	0.0	
94	94	3621.332041792	11215.088	11215.088	0.095396	2.8e-5	0	0	0	0	92	0	0	0	0	0.0	0.0	0.0	0.0	0.469186	0.0	0.0	0.0	0.0	0.0	0.0	0.0	0.0	3533.94	0.0	0.0	0.0	0.0	0.0	0.0	0.0	0.0	38.4124	0.0	0.0	0.0	0.0	0	0	0	0	56	0	0	0	0	0	0	0	0	0	0	0	0	0	0	0	0	0	36	0	0	0	0	0	0	0	0	0	0	0	0	0	0	0	0	0	0	0	0	0	0	0	0	0	0	0	0	0	0	0	0.0	0.0	0.0	0.0	0.000318	0.0	0.0	0.0	0.0	0.0	0.0	0.0	0.0	1.0	0.0	0.0	0.0	0.0	
95	95	3641.770372998	11212.088	11212.088	0.091305	1.8e-5	0	0	0	0	93	0	0	0	0	0.0	0.0	0.0	0.0	0.522268	0.0	0.0	0.0	0.0	0.0	0.0	0.0	0.0	3554.38	0.0	0.0	0.0	0.0	0.0	0.0	0.0	0.0	38.2191	0.0	0.0	0.0	0.0	0	0	0	0	57	0	0	0	0	0	0	0	0	0	0	0	0	0	0	0	0	0	36	0	0	0	0	0	0	0	0	0	0	0	0	0	0	0	0	0	0	0	0	0	0	0	0	0	0	0	0	0	0	0	0.0	0.0	0.0	0.0	0.000358	0.0	0.0	0.0	0.0	0.0	0.0	0.0	0.0	1.0	0.0	0.0	0.0	0.0	
96	96	3659.459040862	11212.088	11212.088	0.087769	1.1e-5	0	0	0	0	94	0	0	0	0	0.0	0.0	0.0	0.0	0.470041	0.0	0.0	0.0	0.0	0.0	0.0	0.0	0.0	3572.07	0.0	0.0	0.0	0.0	0.0	0.0	0.0	0.0	38.0007	0.0	0.0	0.0	0.0	0	0	0	0	57	0	0	0	0	0	0	0	0	0	0	0	0	0	0	0	0	0	37	0	0	0	0	0	0	0	0	0	0	0	0	0	0	0	0	0	0	0	0	0	0	0	0	0	0	0	0	0	0	0	0.0	0.0	0.0	0.0	0.000326	0.0	0.0	0.0	0.0	0.0	0.0	0.0	0.0	1.0	0.0	0.0	0.0	0.0	
97	97	3684.321144162	11212.088	11212.088	0.084819	8.0e-6	0	0	0	0	95	0	0	0	0	0.0	0.0	0.0	0.0	0.423037	0.0	0.0	0.0	0.0	0.0	0.0	0.0	0.0	3596.93	0.0	0.0	0.0	0.0	0.0	0.0	0.0	0.0	37.8624	0.0	0.0	0.0	0.0	0	0	0	0	57	0	0	0	0	0	0	0	0	0	0	0	0	0	0	0	0	0	38	0	0	0	0	0	0	0	0	0	0	0	0	0	0	0	0	0	0	0	0	0	0	0	0	0	0	0	0	0	0	0	0.0	0.0	0.0	0.0	0.000295	0.0	0.0	0.0	0.0	0.0	0.0	0.0	0.0	1.0	0.0	0.0	0.0	0.0	
98	98	3699.657511078	11212.088	11212.088	0.08084	4.0e-6	0	0	0	0	96	0	0	0	0	0.0	0.0	0.0	0.0	0.380733	0.0	0.0	0.0	0.0	0.0	0.0	0.0	0.0	3612.27	0.0	0.0	0.0	0.0	0.0	0.0	0.0	0.0	37.6278	0.0	0.0	0.0	0.0	0	0	0	0	57	0	0	0	0	0	0	0	0	0	0	0	0	0	0	0	0	0	39	0	0	0	0	0	0	0	0	0	0	0	0	0	0	0	0	0	0	0	0	0	0	0	0	0	0	0	0	0	0	0	0.0	0.0	0.0	0.0	0.000269	0.0	0.0	0.0	0.0	0.0	0.0	0.0	0.0	1.0	0.0	0.0	0.0	0.0	
99	99	3726.968362184	11212.088	11212.088	0.078479	3.0e-6	0	0	0	0	97	0	0	0	0	0.0	0.0	0.0	0.0	0.34266	0.0	0.0	0.0	0.0	0.0	0.0	0.0	0.0	3639.58	0.0	0.0	0.0	0.0	0.0	0.0	0.0	0.0	37.5214	0.0	0.0	0.0	0.0	0	0	0	0	57	0	0	0	0	0	0	0	0	0	0	0	0	0	0	0	0	0	40	0	0	0	0	0	0	0	0	0	0	0	0	0	0	0	0	0	0	0	0	0	0	0	0	0	0	0	0	0	0	0	0.0	0.0	0.0	0.0	0.000243	0.0	0.0	0.0	0.0	0.0	0.0	0.0	0.0	1.0	0.0	0.0	0.0	0.0	
100	100	3754.43827991	11212.088	11212.088	0.074444	1.0e-6	0	0	0	0	98	0	0	0	0	0.0	0.0	0.0	0.0	0.308394	0.0	0.0	0.0	0.0	0.0	0.0	0.0	0.0	3667.05	0.0	0.0	0.0	0.0	0.0	0.0	0.0	0.0	37.4189	0.0	0.0	0.0	0.0	0	0	0	0	57	0	0	0	0	0	0	0	0	0	0	0	0	0	0	0	0	0	41	0	0	0	0	0	0	0	0	0	0	0	0	0	0	0	0	0	0	0	0	0	0	0	0	0	0	0	0	0	0	0	0.0	0.0	0.0	0.0	0.00022	0.0	0.0	0.0	0.0	0.0	0.0	0.0	0.0	1.0	0.0	0.0	0.0	0.0	
101	101	3786.881952055	11212.088	11212.088	0.070595	1.0e-6	0	0	0	0	99	0	0	0	0	0.0	0.0	0.0	0.0	0.277555	0.0	0.0	0.0	0.0	0.0	0.0	0.0	0.0	3699.49	0.0	0.0	0.0	0.0	0.0	0.0	0.0	0.0	37.3686	0.0	0.0	0.0	0.0	0	0	0	0	57	0	0	0	0	0	0	0	0	0	0	0	0	0	0	0	0	0	42	0	0	0	0	0	0	0	0	0	0	0	0	0	0	0	0	0	0	0	0	0	0	0	0	0	0	0	0	0	0	0	0.0	0.0	0.0	0.0	0.000199	0.0	0.0	0.0	0.0	0.0	0.0	0.0	0.0	1.0	0.0	0.0	0.0	0.0	
102	102	3806.068165243	11212.088	11212.088	0.066305	0.0	0	0	0	0	100	0	0	0	0	0.0	0.0	0.0	0.0	0.249799	0.0	0.0	0.0	0.0	0.0	0.0	0.0	0.0	3718.68	0.0	0.0	0.0	0.0	0.0	0.0	0.0	0.0	37.1868	0.0	0.0	0.0	0.0	0	0	0	0	57	0	0	0	0	0	0	0	0	0	0	0	0	0	0	0	0	0	43	0	0	0	0	0	0	0	0	0	0	0	0	0	0	0	0	0	0	0	0	0	0	0	0	0	0	0	0	0	0	0	0.0	0.0	0.0	0.0	0.000181	0.0	0.0	0.0	0.0	0.0	0.0	0.0	0.0	1.0	0.0	0.0	0.0	0.0	
103	103	3824.706761267	11212.088	11212.088	0.063891	0.0	0	0	0	0	101	0	0	0	0	0.0	0.0	0.0	0.0	0.224819	0.0	0.0	0.0	0.0	0.0	0.0	0.0	0.0	3737.32	0.0	0.0	0.0	0.0	0.0	0.0	0.0	0.0	37.0031	0.0	0.0	0.0	0.0	0	0	0	0	57	0	0	0	0	0	0	0	0	0	0	0	0	0	0	0	0	0	44	0	0	0	0	0	0	0	0	0	0	0	0	0	0	0	0	0	0	0	0	0	0	0	0	0	0	0	0	0	0	0	0.0	0.0	0.0	0.0	0.000164	0.0	0.0	0.0	0.0	0.0	0.0	0.0	0.0	1.0	0.0	0.0	0.0	0.0	
104	104	3839.91543621	11212.088	11212.088	0.061631	0.0	0	0	0	0	102	0	0	0	0	0.0	0.0	0.0	0.0	0.202337	0.0	0.0	0.0	0.0	0.0	0.0	0.0	0.0	3752.52	0.0	0.0	0.0	0.0	0.0	0.0	0.0	0.0	36.7895	0.0	0.0	0.0	0.0	0	0	0	0	57	0	0	0	0	0	0	0	0	0	0	0	0	0	0	0	0	0	45	0	0	0	0	0	0	0	0	0	0	0	0	0	0	0	0	0	0	0	0	0	0	0	0	0	0	0	0	0	0	0	0.0	0.0	0.0	0.0	0.000149	0.0	0.0	0.0	0.0	0.0	0.0	0.0	0.0	1.0	0.0	0.0	0.0	0.0	
105	105	3855.117201043	11212.088	11212.088	0.059846	0.0	0	0	0	0	103	0	0	0	0	0.0	0.0	0.0	0.0	0.182104	0.0	0.0	0.0	0.0	0.0	0.0	0.0	0.0	3767.73	0.0	0.0	0.0	0.0	0.0	0.0	0.0	0.0	36.5799	0.0	0.0	0.0	0.0	0	0	0	0	57	0	0	0	0	0	0	0	0	0	0	0	0	0	0	0	0	0	46	0	0	0	0	0	0	0	0	0	0	0	0	0	0	0	0	0	0	0	0	0	0	0	0	0	0	0	0	0	0	0	0.0	0.0	0.0	0.0	0.000136	0.0	0.0	0.0	0.0	0.0	0.0	0.0	0.0	1.0	0.0	0.0	0.0	0.0	
106	106	3882.22103772	11212.088	11212.088	0.058113	0.0	0	0	0	0	104	0	0	0	0	0.0	0.0	0.0	0.0	0.163893	0.0	0.0	0.0	0.0	0.0	0.0	0.0	0.0	3794.83	0.0	0.0	0.0	0.0	0.0	0.0	0.0	0.0	36.4887	0.0	0.0	0.0	0.0	0	0	0	0	57	0	0	0	0	0	0	0	0	0	0	0	0	0	0	0	0	0	47	0	0	0	0	0	0	0	0	0	0	0	0	0	0	0	0	0	0	0	0	0	0	0	0	0	0	0	0	0	0	0	0.0	0.0	0.0	0.0	0.000123	0.0	0.0	0.0	0.0	0.0	0.0	0.0	0.0	1.0	0.0	0.0	0.0	0.0	
107	107	3916.737928543	11212.088	11212.088	0.055147	0.0	0	0	0	0	105	0	0	0	0	0.0	0.0	0.0	0.0	0.147504	0.0	0.0	0.0	0.0	0.0	0.0	0.0	0.0	3829.35	0.0	0.0	0.0	0.0	0.0	0.0	0.0	0.0	36.47	0.0	0.0	0.0	0.0	0	0	0	0	57	0	0	0	0	0	0	0	0	0	0	0	0	0	0	0	0	0	48	0	0	0	0	0	0	0	0	0	0	0	0	0	0	0	0	0	0	0	0	0	0	0	0	0	0	0	0	0	0	0	0.0	0.0	0.0	0.0	0.000111	0.0	0.0	0.0	0.0	0.0	0.0	0.0	0.0	1.0	0.0	0.0	0.0	0.0	
108	108	3957.129756612	11212.088	11212.088	0.051588	0.0	0	0	0	0	106	0	0	0	0	0.0	0.0	0.0	0.0	0.132753	0.0	0.0	0.0	0.0	0.0	0.0	0.0	0.0	3869.74	0.0	0.0	0.0	0.0	0.0	0.0	0.0	0.0	36.507	0.0	0.0	0.0	0.0	0	0	0	0	57	0	0	0	0	0	0	0	0	0	0	0	0	0	0	0	0	0	49	0	0	0	0	0	0	0	0	0	0	0	0	0	0	0	0	0	0	0	0	0	0	0	0	0	0	0	0	0	0	0	0.0	0.0	0.0	0.0	0.0001	0.0	0.0	0.0	0.0	0.0	0.0	0.0	0.0	1.0	0.0	0.0	0.0	0.0	
109	109	3983.401212746	11212.088	11212.088	0.047714	0.0	0	0	0	0	107	0	0	0	0	0.0	0.0	0.0	0.0	0.119478	0.0	0.0	0.0	0.0	0.0	0.0	0.0	0.0	3896.01	0.0	0.0	0.0	0.0	0.0	0.0	0.0	0.0	36.4113	0.0	0.0	0.0	0.0	0	0	0	0	57	0	0	0	0	0	0	0	0	0	0	0	0	0	0	0	0	0	50	0	0	0	0	0	0	0	0	0	0	0	0	0	0	0	0	0	0	0	0	0	0	0	0	0	0	0	0	0	0	0	0.0	0.0	0.0	0.0	9.0e-5	0.0	0.0	0.0	0.0	0.0	0.0	0.0	0.0	1.0	0.0	0.0	0.0	0.0	
110	110	4000.608368371	11212.088	11212.088	0.045352	0.0	0	0	0	0	108	0	0	0	0	0.0	0.0	0.0	0.0	0.10753	0.0	0.0	0.0	0.0	0.0	0.0	0.0	0.0	3913.22	0.0	0.0	0.0	0.0	0.0	0.0	0.0	0.0	36.2335	0.0	0.0	0.0	0.0	0	0	0	0	57	0	0	0	0	0	0	0	0	0	0	0	0	0	0	0	0	0	51	0	0	0	0	0	0	0	0	0	0	0	0	0	0	0	0	0	0	0	0	0	0	0	0	0	0	0	0	0	0	0	0.0	0.0	0.0	0.0	8.2e-5	0.0	0.0	0.0	0.0	0.0	0.0	0.0	0.0	1.0	0.0	0.0	0.0	0.0	
111	111	4029.933273501	11212.088	11212.088	0.043869	0.0	0	0	0	0	109	0	0	0	0	0.0	0.0	0.0	0.0	0.096777	0.0	0.0	0.0	0.0	0.0	0.0	0.0	0.0	3942.54	0.0	0.0	0.0	0.0	0.0	0.0	0.0	0.0	36.1701	0.0	0.0	0.0	0.0	0	0	0	0	57	0	0	0	0	0	0	0	0	0	0	0	0	0	0	0	0	0	52	0	0	0	0	0	0	0	0	0	0	0	0	0	0	0	0	0	0	0	0	0	0	0	0	0	0	0	0	0	0	0	0.0	0.0	0.0	0.0	7.4e-5	0.0	0.0	0.0	0.0	0.0	0.0	0.0	0.0	1.0	0.0	0.0	0.0	0.0	
112	112	4071.793434318	11212.088	11212.088	0.041452	0.0	0	0	0	0	110	0	0	0	0	0.0	0.0	0.0	0.0	0.0871	0.0	0.0	0.0	0.0	0.0	0.0	0.0	0.0	3984.4	0.0	0.0	0.0	0.0	0.0	0.0	0.0	0.0	36.2218	0.0	0.0	0.0	0.0	0	0	0	0	57	0	0	0	0	0	0	0	0	0	0	0	0	0	0	0	0	0	53	0	0	0	0	0	0	0	0	0	0	0	0	0	0	0	0	0	0	0	0	0	0	0	0	0	0	0	0	0	0	0	0.0	0.0	0.0	0.0	6.6e-5	0.0	0.0	0.0	0.0	0.0	0.0	0.0	0.0	1.0	0.0	0.0	0.0	0.0	
113	113	4089.87897581	11199.088	11199.088	0.03823	0.0	0	0	0	0	111	0	0	0	0	0.0	0.0	0.0	0.0	0.17839	0.0	0.0	0.0	0.0	0.0	0.0	0.0	0.0	4002.49	0.0	0.0	0.0	0.0	0.0	0.0	0.0	0.0	36.0584	0.0	0.0	0.0	0.0	0	0	0	0	58	0	0	0	0	0	0	0	0	0	0	0	0	0	0	0	0	0	53	0	0	0	0	0	0	0	0	0	0	0	0	0	0	0	0	0	0	0	0	0	0	0	0	0	0	0	0	0	0	0	0.0	0.0	0.0	0.0	0.000137	0.0	0.0	0.0	0.0	0.0	0.0	0.0	0.0	1.0	0.0	0.0	0.0	0.0	
114	114	4106.06182473	11199.088	11199.088	0.036917	0.0	0	0	0	0	112	0	0	0	0	0.0	0.0	0.0	0.0	0.160551	0.0	0.0	0.0	0.0	0.0	0.0	0.0	0.0	4018.67	0.0	0.0	0.0	0.0	0.0	0.0	0.0	0.0	35.881	0.0	0.0	0.0	0.0	0	0	0	0	58	0	0	0	0	0	0	0	0	0	0	0	0	0	0	0	0	0	54	0	0	0	0	0	0	0	0	0	0	0	0	0	0	0	0	0	0	0	0	0	0	0	0	0	0	0	0	0	0	0	0.0	0.0	0.0	0.0	0.000125	0.0	0.0	0.0	0.0	0.0	0.0	0.0	0.0	1.0	0.0	0.0	0.0	0.0	
115	115	4122.924471041	11199.088	11199.088	0.03578	0.0	0	0	0	0	113	0	0	0	0	0.0	0.0	0.0	0.0	0.144496	0.0	0.0	0.0	0.0	0.0	0.0	0.0	0.0	4035.53	0.0	0.0	0.0	0.0	0.0	0.0	0.0	0.0	35.7127	0.0	0.0	0.0	0.0	0	0	0	0	58	0	0	0	0	0	0	0	0	0	0	0	0	0	0	0	0	0	55	0	0	0	0	0	0	0	0	0	0	0	0	0	0	0	0	0	0	0	0	0	0	0	0	0	0	0	0	0	0	0	0.0	0.0	0.0	0.0	0.000113	0.0	0.0	0.0	0.0	0.0	0.0	0.0	0.0	1.0	0.0	0.0	0.0	0.0	
116	116	4140.279559272	11199.088	11199.088	0.034633	0.0	0	0	0	0	114	0	0	0	0	0.0	0.0	0.0	0.0	0.130046	0.0	0.0	0.0	0.0	0.0	0.0	0.0	0.0	4052.89	0.0	0.0	0.0	0.0	0.0	0.0	0.0	0.0	35.5517	0.0	0.0	0.0	0.0	0	0	0	0	58	0	0	0	0	0	0	0	0	0	0	0	0	0	0	0	0	0	56	0	0	0	0	0	0	0	0	0	0	0	0	0	0	0	0	0	0	0	0	0	0	0	0	0	0	0	0	0	0	0	0.0	0.0	0.0	0.0	0.000103	0.0	0.0	0.0	0.0	0.0	0.0	0.0	0.0	1.0	0.0	0.0	0.0	0.0	
117	117	4178.416981429	11185.824	11185.824	0.033491	0.0	0	0	0	0	115	0	0	0	0	0.0	0.0	0.0	0.0	0.217041	0.0	0.0	0.0	0.0	0.0	0.0	0.0	0.0	4091.03	0.0	0.0	0.0	0.0	0.0	0.0	0.0	0.0	35.5741	0.0	0.0	0.0	0.0	0	0	0	0	59	0	0	0	0	0	0	0	0	0	0	0	0	0	0	0	0	0	56	0	0	0	0	0	0	0	0	0	0	0	0	0	0	0	0	0	0	0	0	0	0	0	0	0	0	0	0	0	0	0	0.0	0.0	0.0	0.0	0.000172	0.0	0.0	0.0	0.0	0.0	0.0	0.0	0.0	1.0	0.0	0.0	0.0	0.0	
118	118	4199.007632626	11185.824	11185.824	0.031111	0.0	0	0	0	0	116	0	0	0	0	0.0	0.0	0.0	0.0	0.195337	0.0	0.0	0.0	0.0	0.0	0.0	0.0	0.0	4111.62	0.0	0.0	0.0	0.0	0.0	0.0	0.0	0.0	35.445	0.0	0.0	0.0	0.0	0	0	0	0	59	0	0	0	0	0	0	0	0	0	0	0	0	0	0	0	0	0	57	0	0	0	0	0	0	0	0	0	0	0	0	0	0	0	0	0	0	0	0	0	0	0	0	0	0	0	0	0	0	0	0.0	0.0	0.0	0.0	0.000155	0.0	0.0	0.0	0.0	0.0	0.0	0.0	0.0	1.0	0.0	0.0	0.0	0.0	
119	119	4242.714678573	11184.824	11184.824	0.029897	0.0	0	0	0	0	117	0	0	0	0	0.0	0.0	0.0	0.0	0.275804	0.0	0.0	0.0	0.0	0.0	0.0	0.0	0.0	4155.32	0.0	0.0	0.0	0.0	0.0	0.0	0.0	0.0	35.5156	0.0	0.0	0.0	0.0	0	0	0	0	60	0	0	0	0	0	0	0	0	0	0	0	0	0	0	0	0	0	57	0	0	0	0	0	0	0	0	0	0	0	0	0	0	0	0	0	0	0	0	0	0	0	0	0	0	0	0	0	0	0	0.0	0.0	0.0	0.0	0.000219	0.0	0.0	0.0	0.0	0.0	0.0	0.0	0.0	1.0	0.0	0.0	0.0	0.0	
120	120	4259.72447208	11184.824	11184.824	0.027476	0.0	0	0	0	0	118	0	0	0	0	0.0	0.0	0.0	0.0	0.248223	0.0	0.0	0.0	0.0	0.0	0.0	0.0	0.0	4172.33	0.0	0.0	0.0	0.0	0.0	0.0	0.0	0.0	35.3588	0.0	0.0	0.0	0.0	0	0	0	0	60	0	0	0	0	0	0	0	0	0	0	0	0	0	0	0	0	0	58	0	0	0	0	0	0	0	0	0	0	0	0	0	0	0	0	0	0	0	0	0	0	0	0	0	0	0	0	0	0	0	0.0	0.0	0.0	0.0	0.000199	0.0	0.0	0.0	0.0	0.0	0.0	0.0	0.0	1.0	0.0	0.0	0.0	0.0	
121	121	4286.544892035	11182.324	11182.324	0.026587	0.0	0	0	0	0	119	0	0	0	0	0.0	0.0	0.0	0.0	0.323401	0.0	0.0	0.0	0.0	0.0	0.0	0.0	0.0	4199.15	0.0	0.0	0.0	0.0	0.0	0.0	0.0	0.0	35.287	0.0	0.0	0.0	0.0	0	0	0	0	61	0	0	0	0	0	0	0	0	0	0	0	0	0	0	0	0	0	58	0	0	0	0	0	0	0	0	0	0	0	0	0	0	0	0	0	0	0	0	0	0	0	0	0	0	0	0	0	0	0	0.0	0.0	0.0	0.0	0.00026	0.0	0.0	0.0	0.0	0.0	0.0	0.0	0.0	1.0	0.0	0.0	0.0	0.0	
122	122	4303.302373506	11182.324	11182.324	0.025244	0.0	0	0	0	0	120	0	0	0	0	0.0	0.0	0.0	0.0	0.291061	0.0	0.0	0.0	0.0	0.0	0.0	0.0	0.0	4215.91	0.0	0.0	0.0	0.0	0.0	0.0	0.0	0.0	35.1326	0.0	0.0	0.0	0.0	0	0	0	0	61	0	0	0	0	0	0	0	0	0	0	0	0	0	0	0	0	0	59	0	0	0	0	0	0	0	0	0	0	0	0	0	0	0	0	0	0	0	0	0	0	0	0	0	0	0	0	0	0	0	0.0	0.0	0.0	0.0	0.000236	0.0	0.0	0.0	0.0	0.0	0.0	0.0	0.0	1.0	0.0	0.0	0.0	0.0	
123	123	4319.117254558	11182.324	11182.324	0.02444	0.0	0	0	0	0	121	0	0	0	0	0.0	0.0	0.0	0.0	0.261955	0.0	0.0	0.0	0.0	0.0	0.0	0.0	0.0	4231.73	0.0	0.0	0.0	0.0	0.0	0.0	0.0	0.0	34.9729	0.0	0.0	0.0	0.0	0	0	0	0	61	0	0	0	0	0	0	0	0	0	0	0	0	0	0	0	0	0	60	0	0	0	0	0	0	0	0	0	0	0	0	0	0	0	0	0	0	0	0	0	0	0	0	0	0	0	0	0	0	0	0.0	0.0	0.0	0.0	0.000214	0.0	0.0	0.0	0.0	0.0	0.0	0.0	0.0	1.0	0.0	0.0	0.0	0.0	
124	124	4334.672199738	11182.324	11182.324	0.023704	0.0	0	0	0	0	122	0	0	0	0	0.0	0.0	0.0	0.0	0.235759	0.0	0.0	0.0	0.0	0.0	0.0	0.0	0.0	4247.28	0.0	0.0	0.0	0.0	0.0	0.0	0.0	0.0	34.8138	0.0	0.0	0.0	0.0	0	0	0	0	61	0	0	0	0	0	0	0	0	0	0	0	0	0	0	0	0	0	61	0	0	0	0	0	0	0	0	0	0	0	0	0	0	0	0	0	0	0	0	0	0	0	0	0	0	0	0	0	0	0	0.0	0.0	0.0	0.0	0.000195	0.0	0.0	0.0	0.0	0.0	0.0	0.0	0.0	1.0	0.0	0.0	0.0	0.0	
125	125	4351.897642192	11182.324	11182.324	0.023002	0.0	0	0	0	0	123	0	0	0	0	0.0	0.0	0.0	0.0	0.212183	0.0	0.0	0.0	0.0	0.0	0.0	0.0	0.0	4264.51	0.0	0.0	0.0	0.0	0.0	0.0	0.0	0.0	34.6708	0.0	0.0	0.0	0.0	0	0	0	0	61	0	0	0	0	0	0	0	0	0	0	0	0	0	0	0	0	0	62	0	0	0	0	0	0	0	0	0	0	0	0	0	0	0	0	0	0	0	0	0	0	0	0	0	0	0	0	0	0	0	0.0	0.0	0.0	0.0	0.000177	0.0	0.0	0.0	0.0	0.0	0.0	0.0	0.0	1.0	0.0	0.0	0.0	0.0	
126	126	4388.540407528	11182.324	11182.324	0.022249	0.0	0	0	0	0	124	0	0	0	0	0.0	0.0	0.0	0.0	0.190965	0.0	0.0	0.0	0.0	0.0	0.0	0.0	0.0	4301.15	0.0	0.0	0.0	0.0	0.0	0.0	0.0	0.0	34.6867	0.0	0.0	0.0	0.0	0	0	0	0	61	0	0	0	0	0	0	0	0	0	0	0	0	0	0	0	0	0	63	0	0	0	0	0	0	0	0	0	0	0	0	0	0	0	0	0	0	0	0	0	0	0	0	0	0	0	0	0	0	0	0.0	0.0	0.0	0.0	0.000159	0.0	0.0	0.0	0.0	0.0	0.0	0.0	0.0	1.0	0.0	0.0	0.0	0.0	
127	127	4403.64879459	11182.324	11182.324	0.020728	0.0	0	0	0	0	125	0	0	0	0	0.0	0.0	0.0	0.0	0.171868	0.0	0.0	0.0	0.0	0.0	0.0	0.0	0.0	4316.26	0.0	0.0	0.0	0.0	0.0	0.0	0.0	0.0	34.5301	0.0	0.0	0.0	0.0	0	0	0	0	61	0	0	0	0	0	0	0	0	0	0	0	0	0	0	0	0	0	64	0	0	0	0	0	0	0	0	0	0	0	0	0	0	0	0	0	0	0	0	0	0	0	0	0	0	0	0	0	0	0	0.0	0.0	0.0	0.0	0.000144	0.0	0.0	0.0	0.0	0.0	0.0	0.0	0.0	1.0	0.0	0.0	0.0	0.0	
128	128	4420.088300239	11182.324	11182.324	0.020131	0.0	0	0	0	0	126	0	0	0	0	0.0	0.0	0.0	0.0	0.154682	0.0	0.0	0.0	0.0	0.0	0.0	0.0	0.0	4332.7	0.0	0.0	0.0	0.0	0.0	0.0	0.0	0.0	34.3865	0.0	0.0	0.0	0.0	0	0	0	0	61	0	0	0	0	0	0	0	0	0	0	0	0	0	0	0	0	0	65	0	0	0	0	0	0	0	0	0	0	0	0	0	0	0	0	0	0	0	0	0	0	0	0	0	0	0	0	0	0	0	0.0	0.0	0.0	0.0	0.000131	0.0	0.0	0.0	0.0	0.0	0.0	0.0	0.0	1.0	0.0	0.0	0.0	0.0	
129	129	4437.83838174	11182.324	11182.324	0.019502	0.0	0	0	0	0	127	0	0	0	0	0.0	0.0	0.0	0.0	0.139213	0.0	0.0	0.0	0.0	0.0	0.0	0.0	0.0	4350.45	0.0	0.0	0.0	0.0	0.0	0.0	0.0	0.0	34.2555	0.0	0.0	0.0	0.0	0	0	0	0	61	0	0	0	0	0	0	0	0	0	0	0	0	0	0	0	0	0	66	0	0	0	0	0	0	0	0	0	0	0	0	0	0	0	0	0	0	0	0	0	0	0	0	0	0	0	0	0	0	0	0.0	0.0	0.0	0.0	0.000119	0.0	0.0	0.0	0.0	0.0	0.0	0.0	0.0	1.0	0.0	0.0	0.0	0.0	
130	130	4472.002819703	11182.324	11182.324	0.018844	0.0	0	0	0	0	128	0	0	0	0	0.0	0.0	0.0	0.0	0.125292	0.0	0.0	0.0	0.0	0.0	0.0	0.0	0.0	4384.61	0.0	0.0	0.0	0.0	0.0	0.0	0.0	0.0	34.2548	0.0	0.0	0.0	0.0	0	0	0	0	61	0	0	0	0	0	0	0	0	0	0	0	0	0	0	0	0	0	67	0	0	0	0	0	0	0	0	0	0	0	0	0	0	0	0	0	0	0	0	0	0	0	0	0	0	0	0	0	0	0	0.0	0.0	0.0	0.0	0.000107	0.0	0.0	0.0	0.0	0.0	0.0	0.0	0.0	1.0	0.0	0.0	0.0	0.0	
131	131	4490.568235692	11164.324	11164.324	0.01764	0.0	0	0	0	0	129	0	0	0	0	0.0	0.0	0.0	0.0	0.212763	0.0	0.0	0.0	0.0	0.0	0.0	0.0	0.0	4403.18	0.0	0.0	0.0	0.0	0.0	0.0	0.0	0.0	34.1332	0.0	0.0	0.0	0.0	0	0	0	0	62	0	0	0	0	0	0	0	0	0	0	0	0	0	0	0	0	0	67	0	0	0	0	0	0	0	0	0	0	0	0	0	0	0	0	0	0	0	0	0	0	0	0	0	0	0	0	0	0	0	0.0	0.0	0.0	0.0	0.000183	0.0	0.0	0.0	0.0	0.0	0.0	0.0	0.0	1.0	0.0	0.0	0.0	0.0	
132	132	4508.576976479	11164.324	11164.324	0.017018	0.0	0	0	0	0	130	0	0	0	0	0.0	0.0	0.0	0.0	0.191487	0.0	0.0	0.0	0.0	0.0	0.0	0.0	0.0	4421.19	0.0	0.0	0.0	0.0	0.0	0.0	0.0	0.0	34.0091	0.0	0.0	0.0	0.0	0	0	0	0	62	0	0	0	0	0	0	0	0	0	0	0	0	0	0	0	0	0	68	0	0	0	0	0	0	0	0	0	0	0	0	0	0	0	0	0	0	0	0	0	0	0	0	0	0	0	0	0	0	0	0.0	0.0	0.0	0.0	0.000166	0.0	0.0	0.0	0.0	0.0	0.0	0.0	0.0	1.0	0.0	0.0	0.0	0.0	
133	133	4530.877109196	11164.324	11164.324	0.016436	0.0	0	0	0	0	131	0	0	0	0	0.0	0.0	0.0	0.0	0.172338	0.0	0.0	0.0	0.0	0.0	0.0	0.0	0.0	4443.49	0.0	0.0	0.0	0.0	0.0	0.0	0.0	0.0	33.9197	0.0	0.0	0.0	0.0	0	0	0	0	62	0	0	0	0	0	0	0	0	0	0	0	0	0	0	0	0	0	69	0	0	0	0	0	0	0	0	0	0	0	0	0	0	0	0	0	0	0	0	0	0	0	0	0	0	0	0	0	0	0	0.0	0.0	0.0	0.0	0.00015	0.0	0.0	0.0	0.0	0.0	0.0	0.0	0.0	1.0	0.0	0.0	0.0	0.0	
134	134	4549.592470265	11159.824	11159.824	0.015743	0.0	0	0	0	0	132	0	0	0	0	0.0	0.0	0.0	0.0	0.255104	0.0	0.0	0.0	0.0	0.0	0.0	0.0	0.0	4462.2	0.0	0.0	0.0	0.0	0.0	0.0	0.0	0.0	33.8046	0.0	0.0	0.0	0.0	0	0	0	0	63	0	0	0	0	0	0	0	0	0	0	0	0	0	0	0	0	0	69	0	0	0	0	0	0	0	0	0	0	0	0	0	0	0	0	0	0	0	0	0	0	0	0	0	0	0	0	0	0	0	0.0	0.0	0.0	0.0	0.000223	0.0	0.0	0.0	0.0	0.0	0.0	0.0	0.0	1.0	0.0	0.0	0.0	0.0	
135	135	4568.825162184	11159.824	11159.824	0.015184	0.0	0	0	0	0	133	0	0	0	0	0.0	0.0	0.0	0.0	0.229594	0.0	0.0	0.0	0.0	0.0	0.0	0.0	0.0	4481.43	0.0	0.0	0.0	0.0	0.0	0.0	0.0	0.0	33.695	0.0	0.0	0.0	0.0	0	0	0	0	63	0	0	0	0	0	0	0	0	0	0	0	0	0	0	0	0	0	70	0	0	0	0	0	0	0	0	0	0	0	0	0	0	0	0	0	0	0	0	0	0	0	0	0	0	0	0	0	0	0	0.0	0.0	0.0	0.0	0.000202	0.0	0.0	0.0	0.0	0.0	0.0	0.0	0.0	1.0	0.0	0.0	0.0	0.0	
136	136	4586.03544861	11159.824	11159.824	0.01463	0.0	0	0	0	0	134	0	0	0	0	0.0	0.0	0.0	0.0	0.206634	0.0	0.0	0.0	0.0	0.0	0.0	0.0	0.0	4498.64	0.0	0.0	0.0	0.0	0.0	0.0	0.0	0.0	33.572	0.0	0.0	0.0	0.0	0	0	0	0	63	0	0	0	0	0	0	0	0	0	0	0	0	0	0	0	0	0	71	0	0	0	0	0	0	0	0	0	0	0	0	0	0	0	0	0	0	0	0	0	0	0	0	0	0	0	0	0	0	0	0.0	0.0	0.0	0.0	0.000183	0.0	0.0	0.0	0.0	0.0	0.0	0.0	0.0	1.0	0.0	0.0	0.0	0.0	
137	137	4612.112446664	11139.824	11139.824	0.014151	0.0	0	0	0	0	135	0	0	0	0	0.0	0.0	0.0	0.0	0.285971	0.0	0.0	0.0	0.0	0.0	0.0	0.0	0.0	4524.72	0.0	0.0	0.0	0.0	0.0	0.0	0.0	0.0	33.5164	0.0	0.0	0.0	0.0	0	0	0	0	64	0	0	0	0	0	0	0	0	0	0	0	0	0	0	0	0	0	71	0	0	0	0	0	0	0	0	0	0	0	0	0	0	0	0	0	0	0	0	0	0	0	0	0	0	0	0	0	0	0	0.0	0.0	0.0	0.0	0.000255	0.0	0.0	0.0	0.0	0.0	0.0	0.0	0.0	1.0	0.0	0.0	0.0	0.0	
138	138	4628.223903235	11139.824	11139.824	0.013456	0.0	0	0	0	0	136	0	0	0	0	0.0	0.0	0.0	0.0	0.257374	0.0	0.0	0.0	0.0	0.0	0.0	0.0	0.0	4540.83	0.0	0.0	0.0	0.0	0.0	0.0	0.0	0.0	33.3885	0.0	0.0	0.0	0.0	0	0	0	0	64	0	0	0	0	0	0	0	0	0	0	0	0	0	0	0	0	0	72	0	0	0	0	0	0	0	0	0	0	0	0	0	0	0	0	0	0	0	0	0	0	0	0	0	0	0	0	0	0	0	0.0	0.0	0.0	0.0	0.000231	0.0	0.0	0.0	0.0	0.0	0.0	0.0	0.0	1.0	0.0	0.0	0.0	0.0	
139	139	4656.233553493	11139.824	11139.824	0.013043	0.0	0	0	0	0	137	0	0	0	0	0.0	0.0	0.0	0.0	0.231636	0.0	0.0	0.0	0.0	0.0	0.0	0.0	0.0	4568.84	0.0	0.0	0.0	0.0	0.0	0.0	0.0	0.0	33.3492	0.0	0.0	0.0	0.0	0	0	0	0	64	0	0	0	0	0	0	0	0	0	0	0	0	0	0	0	0	0	73	0	0	0	0	0	0	0	0	0	0	0	0	0	0	0	0	0	0	0	0	0	0	0	0	0	0	0	0	0	0	0	0.0	0.0	0.0	0.0	0.000208	0.0	0.0	0.0	0.0	0.0	0.0	0.0	0.0	1.0	0.0	0.0	0.0	0.0	
140	140	4671.289263682	11139.824	11139.824	0.012356	0.0	0	0	0	0	138	0	0	0	0	0.0	0.0	0.0	0.0	0.208473	0.0	0.0	0.0	0.0	0.0	0.0	0.0	0.0	4583.9	0.0	0.0	0.0	0.0	0.0	0.0	0.0	0.0	33.2166	0.0	0.0	0.0	0.0	0	0	0	0	64	0	0	0	0	0	0	0	0	0	0	0	0	0	0	0	0	0	74	0	0	0	0	0	0	0	0	0	0	0	0	0	0	0	0	0	0	0	0	0	0	0	0	0	0	0	0	0	0	0	0.0	0.0	0.0	0.0	0.000189	0.0	0.0	0.0	0.0	0.0	0.0	0.0	0.0	1.0	0.0	0.0	0.0	0.0	
141	141	4691.621719503	11139.824	11139.824	0.012001	0.0	0	0	0	0	139	0	0	0	0	0.0	0.0	0.0	0.0	0.187626	0.0	0.0	0.0	0.0	0.0	0.0	0.0	0.0	4604.23	0.0	0.0	0.0	0.0	0.0	0.0	0.0	0.0	33.124	0.0	0.0	0.0	0.0	0	0	0	0	64	0	0	0	0	0	0	0	0	0	0	0	0	0	0	0	0	0	75	0	0	0	0	0	0	0	0	0	0	0	0	0	0	0	0	0	0	0	0	0	0	0	0	0	0	0	0	0	0	0	0.0	0.0	0.0	0.0	0.000171	0.0	0.0	0.0	0.0	0.0	0.0	0.0	0.0	1.0	0.0	0.0	0.0	0.0	
142	142	4721.660257083	11139.824	11139.824	0.011539	0.0	0	0	0	0	140	0	0	0	0	0.0	0.0	0.0	0.0	0.168863	0.0	0.0	0.0	0.0	0.0	0.0	0.0	0.0	4634.27	0.0	0.0	0.0	0.0	0.0	0.0	0.0	0.0	33.1019	0.0	0.0	0.0	0.0	0	0	0	0	64	0	0	0	0	0	0	0	0	0	0	0	0	0	0	0	0	0	76	0	0	0	0	0	0	0	0	0	0	0	0	0	0	0	0	0	0	0	0	0	0	0	0	0	0	0	0	0	0	0	0.0	0.0	0.0	0.0	0.000154	0.0	0.0	0.0	0.0	0.0	0.0	0.0	0.0	1.0	0.0	0.0	0.0	0.0	
143	143	4748.376479661	11139.824	11139.824	0.010888	0.0	0	0	0	0	141	0	0	0	0	0.0	0.0	0.0	0.0	0.151977	0.0	0.0	0.0	0.0	0.0	0.0	0.0	0.0	4660.98	0.0	0.0	0.0	0.0	0.0	0.0	0.0	0.0	33.0566	0.0	0.0	0.0	0.0	0	0	0	0	64	0	0	0	0	0	0	0	0	0	0	0	0	0	0	0	0	0	77	0	0	0	0	0	0	0	0	0	0	0	0	0	0	0	0	0	0	0	0	0	0	0	0	0	0	0	0	0	0	0	0.0	0.0	0.0	0.0	0.000139	0.0	0.0	0.0	0.0	0.0	0.0	0.0	0.0	1.0	0.0	0.0	0.0	0.0	
144	144	4767.10225522	11139.824	11139.824	0.01034	0.0	0	0	0	0	142	0	0	0	0	0.0	0.0	0.0	0.0	0.136779	0.0	0.0	0.0	0.0	0.0	0.0	0.0	0.0	4679.71	0.0	0.0	0.0	0.0	0.0	0.0	0.0	0.0	32.9557	0.0	0.0	0.0	0.0	0	0	0	0	64	0	0	0	0	0	0	0	0	0	0	0	0	0	0	0	0	0	78	0	0	0	0	0	0	0	0	0	0	0	0	0	0	0	0	0	0	0	0	0	0	0	0	0	0	0	0	0	0	0	0.0	0.0	0.0	0.0	0.000126	0.0	0.0	0.0	0.0	0.0	0.0	0.0	0.0	1.0	0.0	0.0	0.0	0.0	
145	145	4782.338710691	11139.824	11139.824	0.009973	0.0	0	0	0	0	143	0	0	0	0	0.0	0.0	0.0	0.0	0.123101	0.0	0.0	0.0	0.0	0.0	0.0	0.0	0.0	4694.95	0.0	0.0	0.0	0.0	0.0	0.0	0.0	0.0	32.8318	0.0	0.0	0.0	0.0	0	0	0	0	64	0	0	0	0	0	0	0	0	0	0	0	0	0	0	0	0	0	79	0	0	0	0	0	0	0	0	0	0	0	0	0	0	0	0	0	0	0	0	0	0	0	0	0	0	0	0	0	0	0	0.0	0.0	0.0	0.0	0.000114	0.0	0.0	0.0	0.0	0.0	0.0	0.0	0.0	1.0	0.0	0.0	0.0	0.0	
146	146	4801.521959149	11102.809	11102.809	0.009683	0.0	0	0	0	0	144	0	0	0	0	0.0	0.0	0.0	0.0	0.210791	0.0	0.0	0.0	0.0	0.0	0.0	0.0	0.0	4714.13	0.0	0.0	0.0	0.0	0.0	0.0	0.0	0.0	32.737	0.0	0.0	0.0	0.0	0	0	0	0	65	0	0	0	0	0	0	0	0	0	0	0	0	0	0	0	0	0	79	0	0	0	0	0	0	0	0	0	0	0	0	0	0	0	0	0	0	0	0	0	0	0	0	0	0	0	0	0	0	0	0.0	0.0	0.0	0.0	0.000197	0.0	0.0	0.0	0.0	0.0	0.0	0.0	0.0	1.0	0.0	0.0	0.0	0.0	
147	147	4816.951048158	11102.809	11102.809	0.009331	0.0	0	0	0	0	145	0	0	0	0	0.0	0.0	0.0	0.0	0.189712	0.0	0.0	0.0	0.0	0.0	0.0	0.0	0.0	4729.56	0.0	0.0	0.0	0.0	0.0	0.0	0.0	0.0	32.6176	0.0	0.0	0.0	0.0	0	0	0	0	65	0	0	0	0	0	0	0	0	0	0	0	0	0	0	0	0	0	80	0	0	0	0	0	0	0	0	0	0	0	0	0	0	0	0	0	0	0	0	0	0	0	0	0	0	0	0	0	0	0	0.0	0.0	0.0	0.0	0.000178	0.0	0.0	0.0	0.0	0.0	0.0	0.0	0.0	1.0	0.0	0.0	0.0	0.0	
148	148	4837.519248825	11102.809	11102.809	0.009057	0.0	0	0	0	0	146	0	0	0	0	0.0	0.0	0.0	0.0	0.170741	0.0	0.0	0.0	0.0	0.0	0.0	0.0	0.0	4750.13	0.0	0.0	0.0	0.0	0.0	0.0	0.0	0.0	32.5351	0.0	0.0	0.0	0.0	0	0	0	0	65	0	0	0	0	0	0	0	0	0	0	0	0	0	0	0	0	0	81	0	0	0	0	0	0	0	0	0	0	0	0	0	0	0	0	0	0	0	0	0	0	0	0	0	0	0	0	0	0	0	0.0	0.0	0.0	0.0	0.000161	0.0	0.0	0.0	0.0	0.0	0.0	0.0	0.0	1.0	0.0	0.0	0.0	0.0	
149	149	4884.157317517	11102.809	11102.809	0.008704	0.0	0	0	0	0	147	0	0	0	0	0.0	0.0	0.0	0.0	0.153667	0.0	0.0	0.0	0.0	0.0	0.0	0.0	0.0	4796.77	0.0	0.0	0.0	0.0	0.0	0.0	0.0	0.0	32.6311	0.0	0.0	0.0	0.0	0	0	0	0	65	0	0	0	0	0	0	0	0	0	0	0	0	0	0	0	0	0	82	0	0	0	0	0	0	0	0	0	0	0	0	0	0	0	0	0	0	0	0	0	0	0	0	0	0	0	0	0	0	0	0.0	0.0	0.0	0.0	0.000144	0.0	0.0	0.0	0.0	0.0	0.0	0.0	0.0	1.0	0.0	0.0	0.0	0.0	
150	150	4899.312054736	11102.809	11102.809	0.007954	0.0	0	0	0	0	148	0	0	0	0	0.0	0.0	0.0	0.0	0.1383	0.0	0.0	0.0	0.0	0.0	0.0	0.0	0.0	4811.92	0.0	0.0	0.0	0.0	0.0	0.0	0.0	0.0	32.513	0.0	0.0	0.0	0.0	0	0	0	0	65	0	0	0	0	0	0	0	0	0	0	0	0	0	0	0	0	0	83	0	0	0	0	0	0	0	0	0	0	0	0	0	0	0	0	0	0	0	0	0	0	0	0	0	0	0	0	0	0	0	0.0	0.0	0.0	0.0	0.000131	0.0	0.0	0.0	0.0	0.0	0.0	0.0	0.0	1.0	0.0	0.0	0.0	0.0	
151	151	4914.800811271	11102.809	11102.809	0.007724	0.0	0	0	0	0	149	0	0	0	0	0.0	0.0	0.0	0.0	0.12447	0.0	0.0	0.0	0.0	0.0	0.0	0.0	0.0	4827.41	0.0	0.0	0.0	0.0	0.0	0.0	0.0	0.0	32.3987	0.0	0.0	0.0	0.0	0	0	0	0	65	0	0	0	0	0	0	0	0	0	0	0	0	0	0	0	0	0	84	0	0	0	0	0	0	0	0	0	0	0	0	0	0	0	0	0	0	0	0	0	0	0	0	0	0	0	0	0	0	0	0.0	0.0	0.0	0.0	0.000119	0.0	0.0	0.0	0.0	0.0	0.0	0.0	0.0	1.0	0.0	0.0	0.0	0.0	
152	152	4938.615415906	11100.809	11100.809	0.007496	0.0	0	0	0	0	150	0	0	0	0	0.0	0.0	0.0	0.0	0.212023	0.0	0.0	0.0	0.0	0.0	0.0	0.0	0.0	4851.22	0.0	0.0	0.0	0.0	0.0	0.0	0.0	0.0	32.3415	0.0	0.0	0.0	0.0	0	0	0	0	66	0	0	0	0	0	0	0	0	0	0	0	0	0	0	0	0	0	84	0	0	0	0	0	0	0	0	0	0	0	0	0	0	0	0	0	0	0	0	0	0	0	0	0	0	0	0	0	0	0	0.0	0.0	0.0	0.0	0.000203	0.0	0.0	0.0	0.0	0.0	0.0	0.0	0.0	1.0	0.0	0.0	0.0	0.0	
153	153	4960.836604567	11100.809	11100.809	0.007159	0.0	0	0	0	0	151	0	0	0	0	0.0	0.0	0.0	0.0	0.190821	0.0	0.0	0.0	0.0	0.0	0.0	0.0	0.0	4873.44	0.0	0.0	0.0	0.0	0.0	0.0	0.0	0.0	32.2745	0.0	0.0	0.0	0.0	0	0	0	0	66	0	0	0	0	0	0	0	0	0	0	0	0	0	0	0	0	0	85	0	0	0	0	0	0	0	0	0	0	0	0	0	0	0	0	0	0	0	0	0	0	0	0	0	0	0	0	0	0	0	0.0	0.0	0.0	0.0	0.000183	0.0	0.0	0.0	0.0	0.0	0.0	0.0	0.0	1.0	0.0	0.0	0.0	0.0	
154	154	4976.123557528	11100.809	11100.809	0.006858	0.0	0	0	0	0	152	0	0	0	0	0.0	0.0	0.0	0.0	0.171739	0.0	0.0	0.0	0.0	0.0	0.0	0.0	0.0	4888.73	0.0	0.0	0.0	0.0	0.0	0.0	0.0	0.0	32.1627	0.0	0.0	0.0	0.0	0	0	0	0	66	0	0	0	0	0	0	0	0	0	0	0	0	0	0	0	0	0	86	0	0	0	0	0	0	0	0	0	0	0	0	0	0	0	0	0	0	0	0	0	0	0	0	0	0	0	0	0	0	0	0.0	0.0	0.0	0.0	0.000166	0.0	0.0	0.0	0.0	0.0	0.0	0.0	0.0	1.0	0.0	0.0	0.0	0.0	
155	155	4993.709701555	11100.809	11100.809	0.006658	0.0	0	0	0	0	153	0	0	0	0	0.0	0.0	0.0	0.0	0.154565	0.0	0.0	0.0	0.0	0.0	0.0	0.0	0.0	4906.32	0.0	0.0	0.0	0.0	0.0	0.0	0.0	0.0	32.0674	0.0	0.0	0.0	0.0	0	0	0	0	66	0	0	0	0	0	0	0	0	0	0	0	0	0	0	0	0	0	87	0	0	0	0	0	0	0	0	0	0	0	0	0	0	0	0	0	0	0	0	0	0	0	0	0	0	0	0	0	0	0	0.0	0.0	0.0	0.0	0.00015	0.0	0.0	0.0	0.0	0.0	0.0	0.0	0.0	1.0	0.0	0.0	0.0	0.0	
156	156	5074.29286665	11099.412	11099.412	0.006436	0.0	0	0	0	0	154	0	0	0	0	0.0	0.0	0.0	0.0	0.239108	0.0	0.0	0.0	0.0	0.0	0.0	0.0	0.0	4986.9	0.0	0.0	0.0	0.0	0.0	0.0	0.0	0.0	32.3825	0.0	0.0	0.0	0.0	0	0	0	0	67	0	0	0	0	0	0	0	0	0	0	0	0	0	0	0	0	0	87	0	0	0	0	0	0	0	0	0	0	0	0	0	0	0	0	0	0	0	0	0	0	0	0	0	0	0	0	0	0	0	0.0	0.0	0.0	0.0	0.000228	0.0	0.0	0.0	0.0	0.0	0.0	0.0	0.0	1.0	0.0	0.0	0.0	0.0	
157	157	5094.073700841	11099.412	11099.412	0.005508	0.0	0	0	0	0	155	0	0	0	0	0.0	0.0	0.0	0.0	0.215197	0.0	0.0	0.0	0.0	0.0	0.0	0.0	0.0	5006.68	0.0	0.0	0.0	0.0	0.0	0.0	0.0	0.0	32.3012	0.0	0.0	0.0	0.0	0	0	0	0	67	0	0	0	0	0	0	0	0	0	0	0	0	0	0	0	0	0	88	0	0	0	0	0	0	0	0	0	0	0	0	0	0	0	0	0	0	0	0	0	0	0	0	0	0	0	0	0	0	0	0.0	0.0	0.0	0.0	0.000206	0.0	0.0	0.0	0.0	0.0	0.0	0.0	0.0	1.0	0.0	0.0	0.0	0.0	
158	158	5127.83041564	11091.912	11091.912	0.005301	0.0	0	0	0	0	156	0	0	0	0	0.0	0.0	0.0	0.0	0.293678	0.0	0.0	0.0	0.0	0.0	0.0	0.0	0.0	5040.44	0.0	0.0	0.0	0.0	0.0	0.0	0.0	0.0	32.3105	0.0	0.0	0.0	0.0	0	0	0	0	68	0	0	0	0	0	0	0	0	0	0	0	0	0	0	0	0	0	88	0	0	0	0	0	0	0	0	0	0	0	0	0	0	0	0	0	0	0	0	0	0	0	0	0	0	0	0	0	0	0	0.0	0.0	0.0	0.0	0.000281	0.0	0.0	0.0	0.0	0.0	0.0	0.0	0.0	1.0	0.0	0.0	0.0	0.0	
159	159	5146.587517755	11091.912	11091.912	0.004966	0.0	0	0	0	0	157	0	0	0	0	0.0	0.0	0.0	0.0	0.26431	0.0	0.0	0.0	0.0	0.0	0.0	0.0	0.0	5059.2	0.0	0.0	0.0	0.0	0.0	0.0	0.0	0.0	32.2242	0.0	0.0	0.0	0.0	0	0	0	0	68	0	0	0	0	0	0	0	0	0	0	0	0	0	0	0	0	0	89	0	0	0	0	0	0	0	0	0	0	0	0	0	0	0	0	0	0	0	0	0	0	0	0	0	0	0	0	0	0	0	0.0	0.0	0.0	0.0	0.000255	0.0	0.0	0.0	0.0	0.0	0.0	0.0	0.0	1.0	0.0	0.0	0.0	0.0	
160	160	5163.499904919	11089.912	11089.912	0.00479	0.0	0	0	0	0	158	0	0	0	0	0.0	0.0	0.0	0.0	0.337879	0.0	0.0	0.0	0.0	0.0	0.0	0.0	0.0	5076.11	0.0	0.0	0.0	0.0	0.0	0.0	0.0	0.0	32.1273	0.0	0.0	0.0	0.0	0	0	0	0	69	0	0	0	0	0	0	0	0	0	0	0	0	0	0	0	0	0	89	0	0	0	0	0	0	0	0	0	0	0	0	0	0	0	0	0	0	0	0	0	0	0	0	0	0	0	0	0	0	0	0.0	0.0	0.0	0.0	0.000327	0.0	0.0	0.0	0.0	0.0	0.0	0.0	0.0	1.0	0.0	0.0	0.0	0.0	
161	161	5178.523665783	11089.912	11089.912	0.004636	0.0	0	0	0	0	159	0	0	0	0	0.0	0.0	0.0	0.0	0.304091	0.0	0.0	0.0	0.0	0.0	0.0	0.0	0.0	5091.13	0.0	0.0	0.0	0.0	0.0	0.0	0.0	0.0	32.0197	0.0	0.0	0.0	0.0	0	0	0	0	69	0	0	0	0	0	0	0	0	0	0	0	0	0	0	0	0	0	90	0	0	0	0	0	0	0	0	0	0	0	0	0	0	0	0	0	0	0	0	0	0	0	0	0	0	0	0	0	0	0	0.0	0.0	0.0	0.0	0.000297	0.0	0.0	0.0	0.0	0.0	0.0	0.0	0.0	1.0	0.0	0.0	0.0	0.0	
162	162	5201.327242447	11089.912	11089.912	0.004503	0.0	0	0	0	0	160	0	0	0	0	0.0	0.0	0.0	0.0	0.273682	0.0	0.0	0.0	0.0	0.0	0.0	0.0	0.0	5113.93	0.0	0.0	0.0	0.0	0.0	0.0	0.0	0.0	31.9621	0.0	0.0	0.0	0.0	0	0	0	0	69	0	0	0	0	0	0	0	0	0	0	0	0	0	0	0	0	0	91	0	0	0	0	0	0	0	0	0	0	0	0	0	0	0	0	0	0	0	0	0	0	0	0	0	0	0	0	0	0	0	0.0	0.0	0.0	0.0	0.000268	0.0	0.0	0.0	0.0	0.0	0.0	0.0	0.0	1.0	0.0	0.0	0.0	0.0	
163	163	5220.131599579	11089.912	11089.912	0.004309	0.0	0	0	0	0	161	0	0	0	0	0.0	0.0	0.0	0.0	0.246314	0.0	0.0	0.0	0.0	0.0	0.0	0.0	0.0	5132.74	0.0	0.0	0.0	0.0	0.0	0.0	0.0	0.0	31.8804	0.0	0.0	0.0	0.0	0	0	0	0	69	0	0	0	0	0	0	0	0	0	0	0	0	0	0	0	0	0	92	0	0	0	0	0	0	0	0	0	0	0	0	0	0	0	0	0	0	0	0	0	0	0	0	0	0	0	0	0	0	0	0.0	0.0	0.0	0.0	0.000242	0.0	0.0	0.0	0.0	0.0	0.0	0.0	0.0	1.0	0.0	0.0	0.0	0.0	
164	164	5246.959670517	11089.912	11089.912	0.004155	0.0	0	0	0	0	162	0	0	0	0	0.0	0.0	0.0	0.0	0.221682	0.0	0.0	0.0	0.0	0.0	0.0	0.0	0.0	5159.57	0.0	0.0	0.0	0.0	0.0	0.0	0.0	0.0	31.8492	0.0	0.0	0.0	0.0	0	0	0	0	69	0	0	0	0	0	0	0	0	0	0	0	0	0	0	0	0	0	93	0	0	0	0	0	0	0	0	0	0	0	0	0	0	0	0	0	0	0	0	0	0	0	0	0	0	0	0	0	0	0	0.0	0.0	0.0	0.0	0.000219	0.0	0.0	0.0	0.0	0.0	0.0	0.0	0.0	1.0	0.0	0.0	0.0	0.0	
165	165	5262.135712671	11089.912	11089.912	0.003945	0.0	0	0	0	0	163	0	0	0	0	0.0	0.0	0.0	0.0	0.199514	0.0	0.0	0.0	0.0	0.0	0.0	0.0	0.0	5174.74	0.0	0.0	0.0	0.0	0.0	0.0	0.0	0.0	31.7469	0.0	0.0	0.0	0.0	0	0	0	0	69	0	0	0	0	0	0	0	0	0	0	0	0	0	0	0	0	0	94	0	0	0	0	0	0	0	0	0	0	0	0	0	0	0	0	0	0	0	0	0	0	0	0	0	0	0	0	0	0	0	0.0	0.0	0.0	0.0	0.000198	0.0	0.0	0.0	0.0	0.0	0.0	0.0	0.0	1.0	0.0	0.0	0.0	0.0	
166	166	5279.974740397	11089.912	11089.912	0.003831	0.0	0	0	0	0	164	0	0	0	0	0.0	0.0	0.0	0.0	0.179563	0.0	0.0	0.0	0.0	0.0	0.0	0.0	0.0	5192.58	0.0	0.0	0.0	0.0	0.0	0.0	0.0	0.0	31.6621	0.0	0.0	0.0	0.0	0	0	0	0	69	0	0	0	0	0	0	0	0	0	0	0	0	0	0	0	0	0	95	0	0	0	0	0	0	0	0	0	0	0	0	0	0	0	0	0	0	0	0	0	0	0	0	0	0	0	0	0	0	0	0.0	0.0	0.0	0.0	0.000179	0.0	0.0	0.0	0.0	0.0	0.0	0.0	0.0	1.0	0.0	0.0	0.0	0.0	
167	167	5296.873658132	11089.912	11089.912	0.003701	0.0	0	0	0	0	165	0	0	0	0	0.0	0.0	0.0	0.0	0.161606	0.0	0.0	0.0	0.0	0.0	0.0	0.0	0.0	5209.48	0.0	0.0	0.0	0.0	0.0	0.0	0.0	0.0	31.5726	0.0	0.0	0.0	0.0	0	0	0	0	69	0	0	0	0	0	0	0	0	0	0	0	0	0	0	0	0	0	96	0	0	0	0	0	0	0	0	0	0	0	0	0	0	0	0	0	0	0	0	0	0	0	0	0	0	0	0	0	0	0	0.0	0.0	0.0	0.0	0.000162	0.0	0.0	0.0	0.0	0.0	0.0	0.0	0.0	1.0	0.0	0.0	0.0	0.0	
168	168	5312.247069691	11089.912	11089.912	0.003582	0.0	0	0	0	0	166	0	0	0	0	0.0	0.0	0.0	0.0	0.145446	0.0	0.0	0.0	0.0	0.0	0.0	0.0	0.0	5224.85	0.0	0.0	0.0	0.0	0.0	0.0	0.0	0.0	31.475	0.0	0.0	0.0	0.0	0	0	0	0	69	0	0	0	0	0	0	0	0	0	0	0	0	0	0	0	0	0	97	0	0	0	0	0	0	0	0	0	0	0	0	0	0	0	0	0	0	0	0	0	0	0	0	0	0	0	0	0	0	0	0.0	0.0	0.0	0.0	0.000147	0.0	0.0	0.0	0.0	0.0	0.0	0.0	0.0	1.0	0.0	0.0	0.0	0.0	
169	169	5493.24519468	11074.971	11074.971	0.003477	0.0	0	0	0	0	167	0	0	0	0	0.0	0.0	0.0	0.0	0.230901	0.0	0.0	0.0	0.0	0.0	0.0	0.0	0.0	5405.85	0.0	0.0	0.0	0.0	0.0	0.0	0.0	0.0	32.3704	0.0	0.0	0.0	0.0	0	0	0	0	70	0	0	0	0	0	0	0	0	0	0	0	0	0	0	0	0	0	97	0	0	0	0	0	0	0	0	0	0	0	0	0	0	0	0	0	0	0	0	0	0	0	0	0	0	0	0	0	0	0	0.0	0.0	0.0	0.0	0.00022	0.0	0.0	0.0	0.0	0.0	0.0	0.0	0.0	1.0	0.0	0.0	0.0	0.0	
170	170	5511.689569831	11074.971	11074.971	0.002451	0.0	0	0	0	0	168	0	0	0	0	0.0	0.0	0.0	0.0	0.207811	0.0	0.0	0.0	0.0	0.0	0.0	0.0	0.0	5424.3	0.0	0.0	0.0	0.0	0.0	0.0	0.0	0.0	32.2875	0.0	0.0	0.0	0.0	0	0	0	0	70	0	0	0	0	0	0	0	0	0	0	0	0	0	0	0	0	0	98	0	0	0	0	0	0	0	0	0	0	0	0	0	0	0	0	0	0	0	0	0	0	0	0	0	0	0	0	0	0	0	0.0	0.0	0.0	0.0	0.000199	0.0	0.0	0.0	0.0	0.0	0.0	0.0	0.0	1.0	0.0	0.0	0.0	0.0	
171	171	5533.10877345	11074.971	11074.971	0.002365	0.0	0	0	0	0	169	0	0	0	0	0.0	0.0	0.0	0.0	0.18703	0.0	0.0	0.0	0.0	0.0	0.0	0.0	0.0	5445.72	0.0	0.0	0.0	0.0	0.0	0.0	0.0	0.0	32.2232	0.0	0.0	0.0	0.0	0	0	0	0	70	0	0	0	0	0	0	0	0	0	0	0	0	0	0	0	0	0	99	0	0	0	0	0	0	0	0	0	0	0	0	0	0	0	0	0	0	0	0	0	0	0	0	0	0	0	0	0	0	0	0.0	0.0	0.0	0.0	0.00018	0.0	0.0	0.0	0.0	0.0	0.0	0.0	0.0	1.0	0.0	0.0	0.0	0.0	
172	172	5569.036828736	11074.971	11074.971	0.002269	0.0	0	0	0	0	170	0	0	0	0	0.0	0.0	0.0	0.0	0.168327	0.0	0.0	0.0	0.0	0.0	0.0	0.0	0.0	5481.64	0.0	0.0	0.0	0.0	0.0	0.0	0.0	0.0	32.245	0.0	0.0	0.0	0.0	0	0	0	0	70	0	0	0	0	0	0	0	0	0	0	0	0	0	0	0	0	0	100	0	0	0	0	0	0	0	0	0	0	0	0	0	0	0	0	0	0	0	0	0	0	0	0	0	0	0	0	0	0	0	0.0	0.0	0.0	0.0	0.000162	0.0	0.0	0.0	0.0	0.0	0.0	0.0	0.0	1.0	0.0	0.0	0.0	0.0	
173	173	5584.045298714	11074.971	11074.971	0.002117	0.0	0	0	0	0	171	0	0	0	0	0.0	0.0	0.0	0.0	0.151494	0.0	0.0	0.0	0.0	0.0	0.0	0.0	0.0	5496.65	0.0	0.0	0.0	0.0	0.0	0.0	0.0	0.0	32.1442	0.0	0.0	0.0	0.0	0	0	0	0	70	0	0	0	0	0	0	0	0	0	0	0	0	0	0	0	0	0	101	0	0	0	0	0	0	0	0	0	0	0	0	0	0	0	0	0	0	0	0	0	0	0	0	0	0	0	0	0	0	0	0.0	0.0	0.0	0.0	0.000147	0.0	0.0	0.0	0.0	0.0	0.0	0.0	0.0	1.0	0.0	0.0	0.0	0.0	
174	174	5601.239705726	11071.971	11071.971	0.002056	0.0	0	0	0	0	172	0	0	0	0	0.0	0.0	0.0	0.0	0.236345	0.0	0.0	0.0	0.0	0.0	0.0	0.0	0.0	5513.85	0.0	0.0	0.0	0.0	0.0	0.0	0.0	0.0	32.0573	0.0	0.0	0.0	0.0	0	0	0	0	71	0	0	0	0	0	0	0	0	0	0	0	0	0	0	0	0	0	101	0	0	0	0	0	0	0	0	0	0	0	0	0	0	0	0	0	0	0	0	0	0	0	0	0	0	0	0	0	0	0	0.0	0.0	0.0	0.0	0.00023	0.0	0.0	0.0	0.0	0.0	0.0	0.0	0.0	1.0	0.0	0.0	0.0	0.0	
175	175	5619.322025805	11071.971	11071.971	0.001989	0.0	0	0	0	0	173	0	0	0	0	0.0	0.0	0.0	0.0	0.21271	0.0	0.0	0.0	0.0	0.0	0.0	0.0	0.0	5531.93	0.0	0.0	0.0	0.0	0.0	0.0	0.0	0.0	31.9765	0.0	0.0	0.0	0.0	0	0	0	0	71	0	0	0	0	0	0	0	0	0	0	0	0	0	0	0	0	0	102	0	0	0	0	0	0	0	0	0	0	0	0	0	0	0	0	0	0	0	0	0	0	0	0	0	0	0	0	0	0	0	0.0	0.0	0.0	0.0	0.000208	0.0	0.0	0.0	0.0	0.0	0.0	0.0	0.0	1.0	0.0	0.0	0.0	0.0	
176	176	5636.622250681	11071.971	11071.971	0.001921	0.0	0	0	0	0	174	0	0	0	0	0.0	0.0	0.0	0.0	0.191439	0.0	0.0	0.0	0.0	0.0	0.0	0.0	0.0	5549.23	0.0	0.0	0.0	0.0	0.0	0.0	0.0	0.0	31.8921	0.0	0.0	0.0	0.0	0	0	0	0	71	0	0	0	0	0	0	0	0	0	0	0	0	0	0	0	0	0	103	0	0	0	0	0	0	0	0	0	0	0	0	0	0	0	0	0	0	0	0	0	0	0	0	0	0	0	0	0	0	0	0.0	0.0	0.0	0.0	0.000188	0.0	0.0	0.0	0.0	0.0	0.0	0.0	0.0	1.0	0.0	0.0	0.0	0.0	
177	177	5660.652683376	11071.971	11071.971	0.001858	0.0	0	0	0	0	175	0	0	0	0	0.0	0.0	0.0	0.0	0.172295	0.0	0.0	0.0	0.0	0.0	0.0	0.0	0.0	5573.26	0.0	0.0	0.0	0.0	0.0	0.0	0.0	0.0	31.8472	0.0	0.0	0.0	0.0	0	0	0	0	71	0	0	0	0	0	0	0	0	0	0	0	0	0	0	0	0	0	104	0	0	0	0	0	0	0	0	0	0	0	0	0	0	0	0	0	0	0	0	0	0	0	0	0	0	0	0	0	0	0	0.0	0.0	0.0	0.0	0.00017	0.0	0.0	0.0	0.0	0.0	0.0	0.0	0.0	1.0	0.0	0.0	0.0	0.0	
178	178	5676.531054367	11071.971	11071.971	0.001773	0.0	0	0	0	0	176	0	0	0	0	0.0	0.0	0.0	0.0	0.155066	0.0	0.0	0.0	0.0	0.0	0.0	0.0	0.0	5589.14	0.0	0.0	0.0	0.0	0.0	0.0	0.0	0.0	31.7565	0.0	0.0	0.0	0.0	0	0	0	0	71	0	0	0	0	0	0	0	0	0	0	0	0	0	0	0	0	0	105	0	0	0	0	0	0	0	0	0	0	0	0	0	0	0	0	0	0	0	0	0	0	0	0	0	0	0	0	0	0	0	0.0	0.0	0.0	0.0	0.000154	0.0	0.0	0.0	0.0	0.0	0.0	0.0	0.0	1.0	0.0	0.0	0.0	0.0	
179	179	5695.592189629	11071.971	11071.971	0.00172	0.0	0	0	0	0	177	0	0	0	0	0.0	0.0	0.0	0.0	0.139559	0.0	0.0	0.0	0.0	0.0	0.0	0.0	0.0	5608.2	0.0	0.0	0.0	0.0	0.0	0.0	0.0	0.0	31.6847	0.0	0.0	0.0	0.0	0	0	0	0	71	0	0	0	0	0	0	0	0	0	0	0	0	0	0	0	0	0	106	0	0	0	0	0	0	0	0	0	0	0	0	0	0	0	0	0	0	0	0	0	0	0	0	0	0	0	0	0	0	0	0.0	0.0	0.0	0.0	0.000139	0.0	0.0	0.0	0.0	0.0	0.0	0.0	0.0	1.0	0.0	0.0	0.0	0.0	
180	180	5712.379982529	11071.971	11071.971	0.001658	0.0	0	0	0	0	178	0	0	0	0	0.0	0.0	0.0	0.0	0.125603	0.0	0.0	0.0	0.0	0.0	0.0	0.0	0.0	5624.99	0.0	0.0	0.0	0.0	0.0	0.0	0.0	0.0	31.6011	0.0	0.0	0.0	0.0	0	0	0	0	71	0	0	0	0	0	0	0	0	0	0	0	0	0	0	0	0	0	107	0	0	0	0	0	0	0	0	0	0	0	0	0	0	0	0	0	0	0	0	0	0	0	0	0	0	0	0	0	0	0	0.0	0.0	0.0	0.0	0.000126	0.0	0.0	0.0	0.0	0.0	0.0	0.0	0.0	1.0	0.0	0.0	0.0	0.0	
181	181	5732.291705229	11071.971	11071.971	0.001605	0.0	0	0	0	0	179	0	0	0	0	0.0	0.0	0.0	0.0	0.113043	0.0	0.0	0.0	0.0	0.0	0.0	0.0	0.0	5644.9	0.0	0.0	0.0	0.0	0.0	0.0	0.0	0.0	31.5357	0.0	0.0	0.0	0.0	0	0	0	0	71	0	0	0	0	0	0	0	0	0	0	0	0	0	0	0	0	0	108	0	0	0	0	0	0	0	0	0	0	0	0	0	0	0	0	0	0	0	0	0	0	0	0	0	0	0	0	0	0	0	0.0	0.0	0.0	0.0	0.000114	0.0	0.0	0.0	0.0	0.0	0.0	0.0	0.0	1.0	0.0	0.0	0.0	0.0	
182	182	5774.454060781	11071.971	11071.971	0.001544	0.0	0	0	0	0	180	0	0	0	0	0.0	0.0	0.0	0.0	0.101739	0.0	0.0	0.0	0.0	0.0	0.0	0.0	0.0	5687.06	0.0	0.0	0.0	0.0	0.0	0.0	0.0	0.0	31.5948	0.0	0.0	0.0	0.0	0	0	0	0	71	0	0	0	0	0	0	0	0	0	0	0	0	0	0	0	0	0	109	0	0	0	0	0	0	0	0	0	0	0	0	0	0	0	0	0	0	0	0	0	0	0	0	0	0	0	0	0	0	0	0.0	0.0	0.0	0.0	0.000102	0.0	0.0	0.0	0.0	0.0	0.0	0.0	0.0	1.0	0.0	0.0	0.0	0.0	
183	183	5793.564765746	11071.971	11071.971	0.001423	0.0	0	0	0	0	181	0	0	0	0	0.0	0.0	0.0	0.0	0.091565	0.0	0.0	0.0	0.0	0.0	0.0	0.0	0.0	5706.17	0.0	0.0	0.0	0.0	0.0	0.0	0.0	0.0	31.5258	0.0	0.0	0.0	0.0	0	0	0	0	71	0	0	0	0	0	0	0	0	0	0	0	0	0	0	0	0	0	110	0	0	0	0	0	0	0	0	0	0	0	0	0	0	0	0	0	0	0	0	0	0	0	0	0	0	0	0	0	0	0	0.0	0.0	0.0	0.0	9.2e-5	0.0	0.0	0.0	0.0	0.0	0.0	0.0	0.0	1.0	0.0	0.0	0.0	0.0	
184	184	5822.549692909	11071.971	11071.971	0.001372	0.0	0	0	0	0	182	0	0	0	0	0.0	0.0	0.0	0.0	0.082408	0.0	0.0	0.0	0.0	0.0	0.0	0.0	0.0	5735.16	0.0	0.0	0.0	0.0	0.0	0.0	0.0	0.0	31.5119	0.0	0.0	0.0	0.0	0	0	0	0	71	0	0	0	0	0	0	0	0	0	0	0	0	0	0	0	0	0	111	0	0	0	0	0	0	0	0	0	0	0	0	0	0	0	0	0	0	0	0	0	0	0	0	0	0	0	0	0	0	0	0.0	0.0	0.0	0.0	8.3e-5	0.0	0.0	0.0	0.0	0.0	0.0	0.0	0.0	1.0	0.0	0.0	0.0	0.0	
185	185	5843.117270316	11070.971	11070.971	0.001297	0.0	0	0	0	0	183	0	0	0	0	0.0	0.0	0.0	0.0	0.174168	0.0	0.0	0.0	0.0	0.0	0.0	0.0	0.0	5755.72	0.0	0.0	0.0	0.0	0.0	0.0	0.0	0.0	31.452	0.0	0.0	0.0	0.0	0	0	0	0	72	0	0	0	0	0	0	0	0	0	0	0	0	0	0	0	0	0	111	0	0	0	0	0	0	0	0	0	0	0	0	0	0	0	0	0	0	0	0	0	0	0	0	0	0	0	0	0	0	0	0.0	0.0	0.0	0.0	0.000176	0.0	0.0	0.0	0.0	0.0	0.0	0.0	0.0	1.0	0.0	0.0	0.0	0.0	
186	186	5867.549246798	11070.971	11070.971	0.001246	0.0	0	0	0	0	184	0	0	0	0	0.0	0.0	0.0	0.0	0.156751	0.0	0.0	0.0	0.0	0.0	0.0	0.0	0.0	5780.16	0.0	0.0	0.0	0.0	0.0	0.0	0.0	0.0	31.4139	0.0	0.0	0.0	0.0	0	0	0	0	72	0	0	0	0	0	0	0	0	0	0	0	0	0	0	0	0	0	112	0	0	0	0	0	0	0	0	0	0	0	0	0	0	0	0	0	0	0	0	0	0	0	0	0	0	0	0	0	0	0	0.0	0.0	0.0	0.0	0.000159	0.0	0.0	0.0	0.0	0.0	0.0	0.0	0.0	1.0	0.0	0.0	0.0	0.0	
187	187	5892.240215462	11050.25	11050.25	0.001189	0.0	0	0	0	0	185	0	0	0	0	0.0	0.0	0.0	0.0	0.241076	0.0	0.0	0.0	0.0	0.0	0.0	0.0	0.0	5804.85	0.0	0.0	0.0	0.0	0.0	0.0	0.0	0.0	31.3776	0.0	0.0	0.0	0.0	0	0	0	0	73	0	0	0	0	0	0	0	0	0	0	0	0	0	0	0	0	0	112	0	0	0	0	0	0	0	0	0	0	0	0	0	0	0	0	0	0	0	0	0	0	0	0	0	0	0	0	0	0	0	0.0	0.0	0.0	0.0	0.000245	0.0	0.0	0.0	0.0	0.0	0.0	0.0	0.0	1.0	0.0	0.0	0.0	0.0	
188	188	5912.162738408	11050.25	11050.25	0.001134	0.0	0	0	0	0	186	0	0	0	0	0.0	0.0	0.0	0.0	0.216968	0.0	0.0	0.0	0.0	0.0	0.0	0.0	0.0	5824.77	0.0	0.0	0.0	0.0	0.0	0.0	0.0	0.0	31.316	0.0	0.0	0.0	0.0	0	0	0	0	73	0	0	0	0	0	0	0	0	0	0	0	0	0	0	0	0	0	113	0	0	0	0	0	0	0	0	0	0	0	0	0	0	0	0	0	0	0	0	0	0	0	0	0	0	0	0	0	0	0	0.0	0.0	0.0	0.0	0.000221	0.0	0.0	0.0	0.0	0.0	0.0	0.0	0.0	1.0	0.0	0.0	0.0	0.0	
189	189	5940.217604749	11050.25	11050.25	0.001091	0.0	0	0	0	0	187	0	0	0	0	0.0	0.0	0.0	0.0	0.195271	0.0	0.0	0.0	0.0	0.0	0.0	0.0	0.0	5852.82	0.0	0.0	0.0	0.0	0.0	0.0	0.0	0.0	31.2985	0.0	0.0	0.0	0.0	0	0	0	0	73	0	0	0	0	0	0	0	0	0	0	0	0	0	0	0	0	0	114	0	0	0	0	0	0	0	0	0	0	0	0	0	0	0	0	0	0	0	0	0	0	0	0	0	0	0	0	0	0	0	0.0	0.0	0.0	0.0	0.000199	0.0	0.0	0.0	0.0	0.0	0.0	0.0	0.0	1.0	0.0	0.0	0.0	0.0	
190	190	5957.329242649	11050.25	11050.25	0.001033	0.0	0	0	0	0	188	0	0	0	0	0.0	0.0	0.0	0.0	0.175744	0.0	0.0	0.0	0.0	0.0	0.0	0.0	0.0	5869.94	0.0	0.0	0.0	0.0	0.0	0.0	0.0	0.0	31.2231	0.0	0.0	0.0	0.0	0	0	0	0	73	0	0	0	0	0	0	0	0	0	0	0	0	0	0	0	0	0	115	0	0	0	0	0	0	0	0	0	0	0	0	0	0	0	0	0	0	0	0	0	0	0	0	0	0	0	0	0	0	0	0.0	0.0	0.0	0.0	0.00018	0.0	0.0	0.0	0.0	0.0	0.0	0.0	0.0	1.0	0.0	0.0	0.0	0.0	
191	191	5976.973810021	11050.25	11050.25	0.001	0.0	0	0	0	0	189	0	0	0	0	0.0	0.0	0.0	0.0	0.15817	0.0	0.0	0.0	0.0	0.0	0.0	0.0	0.0	5889.58	0.0	0.0	0.0	0.0	0.0	0.0	0.0	0.0	31.1618	0.0	0.0	0.0	0.0	0	0	0	0	73	0	0	0	0	0	0	0	0	0	0	0	0	0	0	0	0	0	116	0	0	0	0	0	0	0	0	0	0	0	0	0	0	0	0	0	0	0	0	0	0	0	0	0	0	0	0	0	0	0	0.0	0.0	0.0	0.0	0.000163	0.0	0.0	0.0	0.0	0.0	0.0	0.0	0.0	1.0	0.0	0.0	0.0	0.0	
192	192	5996.298650005	11050.25	11050.25	0.000962	0.0	0	0	0	0	190	0	0	0	0	0.0	0.0	0.0	0.0	0.142353	0.0	0.0	0.0	0.0	0.0	0.0	0.0	0.0	5908.91	0.0	0.0	0.0	0.0	0.0	0.0	0.0	0.0	31.0995	0.0	0.0	0.0	0.0	0	0	0	0	73	0	0	0	0	0	0	0	0	0	0	0	0	0	0	0	0	0	117	0	0	0	0	0	0	0	0	0	0	0	0	0	0	0	0	0	0	0	0	0	0	0	0	0	0	0	0	0	0	0	0.0	0.0	0.0	0.0	0.000147	0.0	0.0	0.0	0.0	0.0	0.0	0.0	0.0	1.0	0.0	0.0	0.0	0.0	
193	193	6023.048980092	11050.25	11050.25	0.000927	0.0	0	0	0	0	191	0	0	0	0	0.0	0.0	0.0	0.0	0.128118	0.0	0.0	0.0	0.0	0.0	0.0	0.0	0.0	5935.66	0.0	0.0	0.0	0.0	0.0	0.0	0.0	0.0	31.0767	0.0	0.0	0.0	0.0	0	0	0	0	73	0	0	0	0	0	0	0	0	0	0	0	0	0	0	0	0	0	118	0	0	0	0	0	0	0	0	0	0	0	0	0	0	0	0	0	0	0	0	0	0	0	0	0	0	0	0	0	0	0	0.0	0.0	0.0	0.0	0.000133	0.0	0.0	0.0	0.0	0.0	0.0	0.0	0.0	1.0	0.0	0.0	0.0	0.0	
194	194	6039.239868653	11050.25	11050.25	0.00088	0.0	0	0	0	0	192	0	0	0	0	0.0	0.0	0.0	0.0	0.115306	0.0	0.0	0.0	0.0	0.0	0.0	0.0	0.0	5951.85	0.0	0.0	0.0	0.0	0.0	0.0	0.0	0.0	30.9992	0.0	0.0	0.0	0.0	0	0	0	0	73	0	0	0	0	0	0	0	0	0	0	0	0	0	0	0	0	0	119	0	0	0	0	0	0	0	0	0	0	0	0	0	0	0	0	0	0	0	0	0	0	0	0	0	0	0	0	0	0	0	0.0	0.0	0.0	0.0	0.00012	0.0	0.0	0.0	0.0	0.0	0.0	0.0	0.0	1.0	0.0	0.0	0.0	0.0	
195	195	6061.941127843	11047.485	11047.485	0.000853	0.0	0	0	0	0	193	0	0	0	0	0.0	0.0	0.0	0.0	0.203775	0.0	0.0	0.0	0.0	0.0	0.0	0.0	0.0	5974.55	0.0	0.0	0.0	0.0	0.0	0.0	0.0	0.0	30.9562	0.0	0.0	0.0	0.0	0	0	0	0	74	0	0	0	0	0	0	0	0	0	0	0	0	0	0	0	0	0	119	0	0	0	0	0	0	0	0	0	0	0	0	0	0	0	0	0	0	0	0	0	0	0	0	0	0	0	0	0	0	0	0.0	0.0	0.0	0.0	0.000213	0.0	0.0	0.0	0.0	0.0	0.0	0.0	0.0	1.0	0.0	0.0	0.0	0.0	
196	196	6082.491823769	11046.485	11046.485	0.000817	0.0	0	0	0	0	194	0	0	0	0	0.0	0.0	0.0	0.0	0.283398	0.0	0.0	0.0	0.0	0.0	0.0	0.0	0.0	5995.1	0.0	0.0	0.0	0.0	0.0	0.0	0.0	0.0	30.9026	0.0	0.0	0.0	0.0	0	0	0	0	75	0	0	0	0	0	0	0	0	0	0	0	0	0	0	0	0	0	119	0	0	0	0	0	0	0	0	0	0	0	0	0	0	0	0	0	0	0	0	0	0	0	0	0	0	0	0	0	0	0	0.0	0.0	0.0	0.0	0.000297	0.0	0.0	0.0	0.0	0.0	0.0	0.0	0.0	1.0	0.0	0.0	0.0	0.0	
197	197	6100.340501955	11046.485	11046.485	0.000785	0.0	0	0	0	0	195	0	0	0	0	0.0	0.0	0.0	0.0	0.255058	0.0	0.0	0.0	0.0	0.0	0.0	0.0	0.0	6012.95	0.0	0.0	0.0	0.0	0.0	0.0	0.0	0.0	30.8356	0.0	0.0	0.0	0.0	0	0	0	0	75	0	0	0	0	0	0	0	0	0	0	0	0	0	0	0	0	0	120	0	0	0	0	0	0	0	0	0	0	0	0	0	0	0	0	0	0	0	0	0	0	0	0	0	0	0	0	0	0	0	0.0	0.0	0.0	0.0	0.000268	0.0	0.0	0.0	0.0	0.0	0.0	0.0	0.0	1.0	0.0	0.0	0.0	0.0	
198	198	6117.412165022	11046.485	11046.485	0.000758	0.0	0	0	0	0	196	0	0	0	0	0.0	0.0	0.0	0.0	0.229552	0.0	0.0	0.0	0.0	0.0	0.0	0.0	0.0	6030.02	0.0	0.0	0.0	0.0	0.0	0.0	0.0	0.0	30.7654	0.0	0.0	0.0	0.0	0	0	0	0	75	0	0	0	0	0	0	0	0	0	0	0	0	0	0	0	0	0	121	0	0	0	0	0	0	0	0	0	0	0	0	0	0	0	0	0	0	0	0	0	0	0	0	0	0	0	0	0	0	0	0.0	0.0	0.0	0.0	0.000243	0.0	0.0	0.0	0.0	0.0	0.0	0.0	0.0	1.0	0.0	0.0	0.0	0.0	
199	199	6150.483709293	11046.485	11046.485	0.000734	0.0	0	0	0	0	197	0	0	0	0	0.0	0.0	0.0	0.0	0.206597	0.0	0.0	0.0	0.0	0.0	0.0	0.0	0.0	6063.09	0.0	0.0	0.0	0.0	0.0	0.0	0.0	0.0	30.7771	0.0	0.0	0.0	0.0	0	0	0	0	75	0	0	0	0	0	0	0	0	0	0	0	0	0	0	0	0	0	122	0	0	0	0	0	0	0	0	0	0	0	0	0	0	0	0	0	0	0	0	0	0	0	0	0	0	0	0	0	0	0	0.0	0.0	0.0	0.0	0.000218	0.0	0.0	0.0	0.0	0.0	0.0	0.0	0.0	1.0	0.0	0.0	0.0	0.0	
200	200	6176.023200981	11046.485	11046.485	0.000688	0.0	0	0	0	0	198	0	0	0	0	0.0	0.0	0.0	0.0	0.185937	0.0	0.0	0.0	0.0	0.0	0.0	0.0	0.0	6088.63	0.0	0.0	0.0	0.0	0.0	0.0	0.0	0.0	30.7507	0.0	0.0	0.0	0.0	0	0	0	0	75	0	0	0	0	0	0	0	0	0	0	0	0	0	0	0	0	0	123	0	0	0	0	0	0	0	0	0	0	0	0	0	0	0	0	0	0	0	0	0	0	0	0	0	0	0	0	0	0	0	0.0	0.0	0.0	0.0	0.000197	0.0	0.0	0.0	0.0	0.0	0.0	0.0	0.0	1.0	0.0	0.0	0.0	0.0	
201	201	6196.76107208	11046.485	11046.485	0.000655	0.0	0	0	0	0	199	0	0	0	0	0.0	0.0	0.0	0.0	0.167343	0.0	0.0	0.0	0.0	0.0	0.0	0.0	0.0	6109.37	0.0	0.0	0.0	0.0	0.0	0.0	0.0	0.0	30.7003	0.0	0.0	0.0	0.0	0	0	0	0	75	0	0	0	0	0	0	0	0	0	0	0	0	0	0	0	0	0	124	0	0	0	0	0	0	0	0	0	0	0	0	0	0	0	0	0	0	0	0	0	0	0	0	0	0	0	0	0	0	0	0.0	0.0	0.0	0.0	0.000178	0.0	0.0	0.0	0.0	0.0	0.0	0.0	0.0	1.0	0.0	0.0	0.0	0.0	
202	202	6233.025793612	11044.485	11044.485	0.000629	0.0	0	0	0	0	200	0	0	0	0	0.0	0.0	0.0	0.0	0.250609	0.0	0.0	0.0	0.0	0.0	0.0	0.0	0.0	6145.63	0.0	0.0	0.0	0.0	0.0	0.0	0.0	0.0	30.7282	0.0	0.0	0.0	0.0	0	0	0	0	76	0	0	0	0	0	0	0	0	0	0	0	0	0	0	0	0	0	124	0	0	0	0	0	0	0	0	0	0	0	0	0	0	0	0	0	0	0	0	0	0	0	0	0	0	0	0	0	0	0	0.0	0.0	0.0	0.0	0.000265	0.0	0.0	0.0	0.0	0.0	0.0	0.0	0.0	1.0	0.0	0.0	0.0	0.0	
203	203	6264.614307772	11044.485	11044.485	0.000587	0.0	0	0	0	0	201	0	0	0	0	0.0	0.0	0.0	0.0	0.225548	0.0	0.0	0.0	0.0	0.0	0.0	0.0	0.0	6177.22	0.0	0.0	0.0	0.0	0.0	0.0	0.0	0.0	30.7324	0.0	0.0	0.0	0.0	0	0	0	0	76	0	0	0	0	0	0	0	0	0	0	0	0	0	0	0	0	0	125	0	0	0	0	0	0	0	0	0	0	0	0	0	0	0	0	0	0	0	0	0	0	0	0	0	0	0	0	0	0	0	0.0	0.0	0.0	0.0	0.000239	0.0	0.0	0.0	0.0	0.0	0.0	0.0	0.0	1.0	0.0	0.0	0.0	0.0	
204	204	6286.691595129	11044.485	11044.485	0.000552	0.0	0	0	0	0	202	0	0	0	0	0.0	0.0	0.0	0.0	0.202993	0.0	0.0	0.0	0.0	0.0	0.0	0.0	0.0	6199.3	0.0	0.0	0.0	0.0	0.0	0.0	0.0	0.0	30.6896	0.0	0.0	0.0	0.0	0	0	0	0	76	0	0	0	0	0	0	0	0	0	0	0	0	0	0	0	0	0	126	0	0	0	0	0	0	0	0	0	0	0	0	0	0	0	0	0	0	0	0	0	0	0	0	0	0	0	0	0	0	0	0.0	0.0	0.0	0.0	0.000216	0.0	0.0	0.0	0.0	0.0	0.0	0.0	0.0	1.0	0.0	0.0	0.0	0.0	
205	205	6471.921024248	11007.691	11007.691	0.000529	0.0	0	0	0	0	203	0	0	0	0	0.0	0.0	0.0	0.0	0.282694	0.0	0.0	0.0	0.0	0.0	0.0	0.0	0.0	6384.53	0.0	0.0	0.0	0.0	0.0	0.0	0.0	0.0	31.4509	0.0	0.0	0.0	0.0	0	0	0	0	77	0	0	0	0	0	0	0	0	0	0	0	0	0	0	0	0	0	126	0	0	0	0	0	0	0	0	0	0	0	0	0	0	0	0	0	0	0	0	0	0	0	0	0	0	0	0	0	0	0	0.0	0.0	0.0	0.0	0.000286	0.0	0.0	0.0	0.0	0.0	0.0	0.0	0.0	1.0	0.0	0.0	0.0	0.0	
206	206	6487.116091785	11007.691	11007.691	0.00037	0.0	0	0	0	0	204	0	0	0	0	0.0	0.0	0.0	0.0	0.254425	0.0	0.0	0.0	0.0	0.0	0.0	0.0	0.0	6399.72	0.0	0.0	0.0	0.0	0.0	0.0	0.0	0.0	31.3712	0.0	0.0	0.0	0.0	0	0	0	0	77	0	0	0	0	0	0	0	0	0	0	0	0	0	0	0	0	0	127	0	0	0	0	0	0	0	0	0	0	0	0	0	0	0	0	0	0	0	0	0	0	0	0	0	0	0	0	0	0	0	0.0	0.0	0.0	0.0	0.000259	0.0	0.0	0.0	0.0	0.0	0.0	0.0	0.0	1.0	0.0	0.0	0.0	0.0	
207	207	6506.954804621	11007.691	11007.691	0.000359	0.0	0	0	0	0	205	0	0	0	0	0.0	0.0	0.0	0.0	0.228982	0.0	0.0	0.0	0.0	0.0	0.0	0.0	0.0	6419.56	0.0	0.0	0.0	0.0	0.0	0.0	0.0	0.0	31.3149	0.0	0.0	0.0	0.0	0	0	0	0	77	0	0	0	0	0	0	0	0	0	0	0	0	0	0	0	0	0	128	0	0	0	0	0	0	0	0	0	0	0	0	0	0	0	0	0	0	0	0	0	0	0	0	0	0	0	0	0	0	0	0.0	0.0	0.0	0.0	0.000234	0.0	0.0	0.0	0.0	0.0	0.0	0.0	0.0	1.0	0.0	0.0	0.0	0.0	
208	208	6525.311277046	11007.691	11007.691	0.000346	0.0	0	0	0	0	206	0	0	0	0	0.0	0.0	0.0	0.0	0.206084	0.0	0.0	0.0	0.0	0.0	0.0	0.0	0.0	6437.92	0.0	0.0	0.0	0.0	0.0	0.0	0.0	0.0	31.252	0.0	0.0	0.0	0.0	0	0	0	0	77	0	0	0	0	0	0	0	0	0	0	0	0	0	0	0	0	0	129	0	0	0	0	0	0	0	0	0	0	0	0	0	0	0	0	0	0	0	0	0	0	0	0	0	0	0	0	0	0	0	0.0	0.0	0.0	0.0	0.000211	0.0	0.0	0.0	0.0	0.0	0.0	0.0	0.0	1.0	0.0	0.0	0.0	0.0	
209	209	6555.251251975	11007.691	11007.691	0.000333	0.0	0	0	0	0	207	0	0	0	0	0.0	0.0	0.0	0.0	0.185476	0.0	0.0	0.0	0.0	0.0	0.0	0.0	0.0	6467.86	0.0	0.0	0.0	0.0	0.0	0.0	0.0	0.0	31.2457	0.0	0.0	0.0	0.0	0	0	0	0	77	0	0	0	0	0	0	0	0	0	0	0	0	0	0	0	0	0	130	0	0	0	0	0	0	0	0	0	0	0	0	0	0	0	0	0	0	0	0	0	0	0	0	0	0	0	0	0	0	0	0.0	0.0	0.0	0.0	0.00019	0.0	0.0	0.0	0.0	0.0	0.0	0.0	0.0	1.0	0.0	0.0	0.0	0.0	
210	210	6572.116967974	11007.691	11007.691	0.000315	0.0	0	0	0	0	208	0	0	0	0	0.0	0.0	0.0	0.0	0.166928	0.0	0.0	0.0	0.0	0.0	0.0	0.0	0.0	6484.72	0.0	0.0	0.0	0.0	0.0	0.0	0.0	0.0	31.1766	0.0	0.0	0.0	0.0	0	0	0	0	77	0	0	0	0	0	0	0	0	0	0	0	0	0	0	0	0	0	131	0	0	0	0	0	0	0	0	0	0	0	0	0	0	0	0	0	0	0	0	0	0	0	0	0	0	0	0	0	0	0	0.0	0.0	0.0	0.0	0.000172	0.0	0.0	0.0	0.0	0.0	0.0	0.0	0.0	1.0	0.0	0.0	0.0	0.0	
211	211	6598.303681562	11007.691	11007.691	0.000305	0.0	0	0	0	0	209	0	0	0	0	0.0	0.0	0.0	0.0	0.150235	0.0	0.0	0.0	0.0	0.0	0.0	0.0	0.0	6510.91	0.0	0.0	0.0	0.0	0.0	0.0	0.0	0.0	31.1527	0.0	0.0	0.0	0.0	0	0	0	0	77	0	0	0	0	0	0	0	0	0	0	0	0	0	0	0	0	0	132	0	0	0	0	0	0	0	0	0	0	0	0	0	0	0	0	0	0	0	0	0	0	0	0	0	0	0	0	0	0	0	0.0	0.0	0.0	0.0	0.000155	0.0	0.0	0.0	0.0	0.0	0.0	0.0	0.0	1.0	0.0	0.0	0.0	0.0	
212	212	6623.252162112	11007.691	11007.691	0.00029	0.0	0	0	0	0	210	0	0	0	0	0.0	0.0	0.0	0.0	0.135212	0.0	0.0	0.0	0.0	0.0	0.0	0.0	0.0	6535.86	0.0	0.0	0.0	0.0	0.0	0.0	0.0	0.0	31.1231	0.0	0.0	0.0	0.0	0	0	0	0	77	0	0	0	0	0	0	0	0	0	0	0	0	0	0	0	0	0	133	0	0	0	0	0	0	0	0	0	0	0	0	0	0	0	0	0	0	0	0	0	0	0	0	0	0	0	0	0	0	0	0.0	0.0	0.0	0.0	0.00014	0.0	0.0	0.0	0.0	0.0	0.0	0.0	0.0	1.0	0.0	0.0	0.0	0.0	
213	213	6660.939453038	11007.691	11007.691	0.000276	0.0	0	0	0	0	211	0	0	0	0	0.0	0.0	0.0	0.0	0.121691	0.0	0.0	0.0	0.0	0.0	0.0	0.0	0.0	6573.55	0.0	0.0	0.0	0.0	0.0	0.0	0.0	0.0	31.1542	0.0	0.0	0.0	0.0	0	0	0	0	77	0	0	0	0	0	0	0	0	0	0	0	0	0	0	0	0	0	134	0	0	0	0	0	0	0	0	0	0	0	0	0	0	0	0	0	0	0	0	0	0	0	0	0	0	0	0	0	0	0	0.0	0.0	0.0	0.0	0.000125	0.0	0.0	0.0	0.0	0.0	0.0	0.0	0.0	1.0	0.0	0.0	0.0	0.0	
214	214	6676.741368198	11007.691	11007.691	0.000257	0.0	0	0	0	0	212	0	0	0	0	0.0	0.0	0.0	0.0	0.109521	0.0	0.0	0.0	0.0	0.0	0.0	0.0	0.0	6589.35	0.0	0.0	0.0	0.0	0.0	0.0	0.0	0.0	31.0818	0.0	0.0	0.0	0.0	0	0	0	0	77	0	0	0	0	0	0	0	0	0	0	0	0	0	0	0	0	0	135	0	0	0	0	0	0	0	0	0	0	0	0	0	0	0	0	0	0	0	0	0	0	0	0	0	0	0	0	0	0	0	0.0	0.0	0.0	0.0	0.000113	0.0	0.0	0.0	0.0	0.0	0.0	0.0	0.0	1.0	0.0	0.0	0.0	0.0	
215	215	6697.148247057	11007.691	11007.691	0.000249	0.0	0	0	0	0	213	0	0	0	0	0.0	0.0	0.0	0.0	0.098569	0.0	0.0	0.0	0.0	0.0	0.0	0.0	0.0	6609.75	0.0	0.0	0.0	0.0	0.0	0.0	0.0	0.0	31.0317	0.0	0.0	0.0	0.0	0	0	0	0	77	0	0	0	0	0	0	0	0	0	0	0	0	0	0	0	0	0	136	0	0	0	0	0	0	0	0	0	0	0	0	0	0	0	0	0	0	0	0	0	0	0	0	0	0	0	0	0	0	0	0.0	0.0	0.0	0.0	0.000102	0.0	0.0	0.0	0.0	0.0	0.0	0.0	0.0	1.0	0.0	0.0	0.0	0.0	
216	216	6717.406260953	11007.691	11007.691	0.000239	0.0	0	0	0	0	214	0	0	0	0	0.0	0.0	0.0	0.0	0.088712	0.0	0.0	0.0	0.0	0.0	0.0	0.0	0.0	6630.01	0.0	0.0	0.0	0.0	0.0	0.0	0.0	0.0	30.9814	0.0	0.0	0.0	0.0	0	0	0	0	77	0	0	0	0	0	0	0	0	0	0	0	0	0	0	0	0	0	137	0	0	0	0	0	0	0	0	0	0	0	0	0	0	0	0	0	0	0	0	0	0	0	0	0	0	0	0	0	0	0	0.0	0.0	0.0	0.0	9.2e-5	0.0	0.0	0.0	0.0	0.0	0.0	0.0	0.0	1.0	0.0	0.0	0.0	0.0	
217	217	6732.176735568	11007.691	11007.691	0.00023	0.0	0	0	0	0	215	0	0	0	0	0.0	0.0	0.0	0.0	0.079841	0.0	0.0	0.0	0.0	0.0	0.0	0.0	0.0	6644.78	0.0	0.0	0.0	0.0	0.0	0.0	0.0	0.0	30.906	0.0	0.0	0.0	0.0	0	0	0	0	77	0	0	0	0	0	0	0	0	0	0	0	0	0	0	0	0	0	138	0	0	0	0	0	0	0	0	0	0	0	0	0	0	0	0	0	0	0	0	0	0	0	0	0	0	0	0	0	0	0	0.0	0.0	0.0	0.0	8.4e-5	0.0	0.0	0.0	0.0	0.0	0.0	0.0	0.0	1.0	0.0	0.0	0.0	0.0	
218	218	6913.155844004	10997.691	10997.691	0.000224	0.0	0	0	0	0	216	0	0	0	0	0.0	0.0	0.0	0.0	0.171857	0.0	0.0	0.0	0.0	0.0	0.0	0.0	0.0	6825.76	0.0	0.0	0.0	0.0	0.0	0.0	0.0	0.0	31.6008	0.0	0.0	0.0	0.0	0	0	0	0	78	0	0	0	0	0	0	0	0	0	0	0	0	0	0	0	0	0	138	0	0	0	0	0	0	0	0	0	0	0	0	0	0	0	0	0	0	0	0	0	0	0	0	0	0	0	0	0	0	0	0.0	0.0	0.0	0.0	0.000172	0.0	0.0	0.0	0.0	0.0	0.0	0.0	0.0	1.0	0.0	0.0	0.0	0.0	
219	219	6928.097753001	10997.691	10997.691	0.000158	0.0	0	0	0	0	217	0	0	0	0	0.0	0.0	0.0	0.0	0.154671	0.0	0.0	0.0	0.0	0.0	0.0	0.0	0.0	6840.7	0.0	0.0	0.0	0.0	0.0	0.0	0.0	0.0	31.524	0.0	0.0	0.0	0.0	0	0	0	0	78	0	0	0	0	0	0	0	0	0	0	0	0	0	0	0	0	0	139	0	0	0	0	0	0	0	0	0	0	0	0	0	0	0	0	0	0	0	0	0	0	0	0	0	0	0	0	0	0	0	0.0	0.0	0.0	0.0	0.000156	0.0	0.0	0.0	0.0	0.0	0.0	0.0	0.0	1.0	0.0	0.0	0.0	0.0	
220	220	6945.337977228	10997.691	10997.691	0.000153	0.0	0	0	0	0	218	0	0	0	0	0.0	0.0	0.0	0.0	0.139204	0.0	0.0	0.0	0.0	0.0	0.0	0.0	0.0	6857.94	0.0	0.0	0.0	0.0	0.0	0.0	0.0	0.0	31.4585	0.0	0.0	0.0	0.0	0	0	0	0	78	0	0	0	0	0	0	0	0	0	0	0	0	0	0	0	0	0	140	0	0	0	0	0	0	0	0	0	0	0	0	0	0	0	0	0	0	0	0	0	0	0	0	0	0	0	0	0	0	0	0.0	0.0	0.0	0.0	0.000141	0.0	0.0	0.0	0.0	0.0	0.0	0.0	0.0	1.0	0.0	0.0	0.0	0.0	
221	221	6962.535783606	10997.691	10997.691	0.000148	0.0	0	0	0	0	219	0	0	0	0	0.0	0.0	0.0	0.0	0.125284	0.0	0.0	0.0	0.0	0.0	0.0	0.0	0.0	6875.14	0.0	0.0	0.0	0.0	0.0	0.0	0.0	0.0	31.3933	0.0	0.0	0.0	0.0	0	0	0	0	78	0	0	0	0	0	0	0	0	0	0	0	0	0	0	0	0	0	141	0	0	0	0	0	0	0	0	0	0	0	0	0	0	0	0	0	0	0	0	0	0	0	0	0	0	0	0	0	0	0	0.0	0.0	0.0	0.0	0.000127	0.0	0.0	0.0	0.0	0.0	0.0	0.0	0.0	1.0	0.0	0.0	0.0	0.0	
222	222	6985.228755969	10997.691	10997.691	0.000143	0.0	0	0	0	0	220	0	0	0	0	0.0	0.0	0.0	0.0	0.112755	0.0	0.0	0.0	0.0	0.0	0.0	0.0	0.0	6897.84	0.0	0.0	0.0	0.0	0.0	0.0	0.0	0.0	31.3538	0.0	0.0	0.0	0.0	0	0	0	0	78	0	0	0	0	0	0	0	0	0	0	0	0	0	0	0	0	0	142	0	0	0	0	0	0	0	0	0	0	0	0	0	0	0	0	0	0	0	0	0	0	0	0	0	0	0	0	0	0	0	0.0	0.0	0.0	0.0	0.000115	0.0	0.0	0.0	0.0	0.0	0.0	0.0	0.0	1.0	0.0	0.0	0.0	0.0	
223	223	7010.374922702	10997.691	10997.691	0.000137	0.0	0	0	0	0	221	0	0	0	0	0.0	0.0	0.0	0.0	0.10148	0.0	0.0	0.0	0.0	0.0	0.0	0.0	0.0	6922.98	0.0	0.0	0.0	0.0	0.0	0.0	0.0	0.0	31.3257	0.0	0.0	0.0	0.0	0	0	0	0	78	0	0	0	0	0	0	0	0	0	0	0	0	0	0	0	0	0	143	0	0	0	0	0	0	0	0	0	0	0	0	0	0	0	0	0	0	0	0	0	0	0	0	0	0	0	0	0	0	0	0.0	0.0	0.0	0.0	0.000103	0.0	0.0	0.0	0.0	0.0	0.0	0.0	0.0	1.0	0.0	0.0	0.0	0.0	
224	224	7029.122556153	10968.574	10968.574	0.000131	0.0	0	0	0	0	222	0	0	0	0	0.0	0.0	0.0	0.0	0.191332	0.0	0.0	0.0	0.0	0.0	0.0	0.0	0.0	6941.73	0.0	0.0	0.0	0.0	0.0	0.0	0.0	0.0	31.269	0.0	0.0	0.0	0.0	0	0	0	0	79	0	0	0	0	0	0	0	0	0	0	0	0	0	0	0	0	0	143	0	0	0	0	0	0	0	0	0	0	0	0	0	0	0	0	0	0	0	0	0	0	0	0	0	0	0	0	0	0	0	0.0	0.0	0.0	0.0	0.000196	0.0	0.0	0.0	0.0	0.0	0.0	0.0	0.0	1.0	0.0	0.0	0.0	0.0	
225	225	7045.04095759	10968.574	10968.574	0.000126	0.0	0	0	0	0	223	0	0	0	0	0.0	0.0	0.0	0.0	0.172199	0.0	0.0	0.0	0.0	0.0	0.0	0.0	0.0	6957.65	0.0	0.0	0.0	0.0	0.0	0.0	0.0	0.0	31.2002	0.0	0.0	0.0	0.0	0	0	0	0	79	0	0	0	0	0	0	0	0	0	0	0	0	0	0	0	0	0	144	0	0	0	0	0	0	0	0	0	0	0	0	0	0	0	0	0	0	0	0	0	0	0	0	0	0	0	0	0	0	0	0.0	0.0	0.0	0.0	0.000177	0.0	0.0	0.0	0.0	0.0	0.0	0.0	0.0	1.0	0.0	0.0	0.0	0.0	
226	226	7064.392468892	10968.574	10968.574	0.000122	0.0	0	0	0	0	224	0	0	0	0	0.0	0.0	0.0	0.0	0.154979	0.0	0.0	0.0	0.0	0.0	0.0	0.0	0.0	6977.0	0.0	0.0	0.0	0.0	0.0	0.0	0.0	0.0	31.1473	0.0	0.0	0.0	0.0	0	0	0	0	79	0	0	0	0	0	0	0	0	0	0	0	0	0	0	0	0	0	145	0	0	0	0	0	0	0	0	0	0	0	0	0	0	0	0	0	0	0	0	0	0	0	0	0	0	0	0	0	0	0	0.0	0.0	0.0	0.0	0.00016	0.0	0.0	0.0	0.0	0.0	0.0	0.0	0.0	1.0	0.0	0.0	0.0	0.0	
227	227	7100.935767536	10968.574	10968.574	0.000118	0.0	0	0	0	0	225	0	0	0	0	0.0	0.0	0.0	0.0	0.139481	0.0	0.0	0.0	0.0	0.0	0.0	0.0	0.0	7013.54	0.0	0.0	0.0	0.0	0.0	0.0	0.0	0.0	31.1713	0.0	0.0	0.0	0.0	0	0	0	0	79	0	0	0	0	0	0	0	0	0	0	0	0	0	0	0	0	0	146	0	0	0	0	0	0	0	0	0	0	0	0	0	0	0	0	0	0	0	0	0	0	0	0	0	0	0	0	0	0	0	0.0	0.0	0.0	0.0	0.000144	0.0	0.0	0.0	0.0	0.0	0.0	0.0	0.0	1.0	0.0	0.0	0.0	0.0	
228	228	7116.498294125	10968.574	10968.574	0.00011	0.0	0	0	0	0	226	0	0	0	0	0.0	0.0	0.0	0.0	0.125533	0.0	0.0	0.0	0.0	0.0	0.0	0.0	0.0	7029.1	0.0	0.0	0.0	0.0	0.0	0.0	0.0	0.0	31.1022	0.0	0.0	0.0	0.0	0	0	0	0	79	0	0	0	0	0	0	0	0	0	0	0	0	0	0	0	0	0	147	0	0	0	0	0	0	0	0	0	0	0	0	0	0	0	0	0	0	0	0	0	0	0	0	0	0	0	0	0	0	0	0.0	0.0	0.0	0.0	0.00013	0.0	0.0	0.0	0.0	0.0	0.0	0.0	0.0	1.0	0.0	0.0	0.0	0.0	
229	229	7297.523739247	10931.853	10931.853	0.000106	0.0	0	0	0	0	227	0	0	0	0	0.0	0.0	0.0	0.0	0.21298	0.0	0.0	0.0	0.0	0.0	0.0	0.0	0.0	7210.13	0.0	0.0	0.0	0.0	0.0	0.0	0.0	0.0	31.7627	0.0	0.0	0.0	0.0	0	0	0	0	80	0	0	0	0	0	0	0	0	0	0	0	0	0	0	0	0	0	147	0	0	0	0	0	0	0	0	0	0	0	0	0	0	0	0	0	0	0	0	0	0	0	0	0	0	0	0	0	0	0	0.0	0.0	0.0	0.0	0.000211	0.0	0.0	0.0	0.0	0.0	0.0	0.0	0.0	1.0	0.0	0.0	0.0	0.0	
230	229	7297.52376482	10931.853	10931.853	7.5e-5	0.0	0	0	0	0	227	0	0	0	0	0.0	0.0	0.0	0.0	0.21298	0.0	0.0	0.0	0.0	0.0	0.0	0.0	0.0	7210.13	0.0	0.0	0.0	0.0	0.0	0.0	0.0	0.0	31.7627	0.0	0.0	0.0	0.0	0	0	0	0	80	0	0	0	0	0	0	0	0	0	0	0	0	0	0	0	0	0	147	0	0	0	0	0	0	0	0	0	0	0	0	0	0	0	0	0	0	0	0	0	0	0	0	0	0	0	0	0	0	0	0.0	0.0	0.0	0.0	0.000211	0.0	0.0	0.0	0.0	0.0	0.0	0.0	0.0	1.0	0.0	0.0	0.0	0.0	
