indexLine	algoIter	time	best obj	current obj	T	probdelta1	nb uses 1	nb uses 2	nb uses 3	nb uses 4	nb uses 5	nb uses 6	nb uses 7	nb uses 8	nb uses 9	score 1	score 2	score 3	score 4	score 5	score 6	score 7	score 8	score 9	duration 1	duration 2	duration 3	duration 4	duration 5	duration 6	duration 7	duration 8	duration 9	avgDuration 1	avgDuration 2	avgDuration 3	avgDuration 4	avgDuration 5	avgDuration 6	avgDuration 7	avgDuration 8	avgDuration 9	sigmas1 1	sigmas1 2	sigmas1 3	sigmas1 4	sigmas1 5	sigmas1 6	sigmas1 7	sigmas1 8	sigmas1 9	sigmas2 1	sigmas2 2	sigmas2 3	sigmas2 4	sigmas2 5	sigmas2 6	sigmas2 7	sigmas2 8	sigmas2 9	sigmas3 1	sigmas3 2	sigmas3 3	sigmas3 4	sigmas3 5	sigmas3 6	sigmas3 7	sigmas3 8	sigmas3 9	sigmas4 1	sigmas4 2	sigmas4 3	sigmas4 4	sigmas4 5	sigmas4 6	sigmas4 7	sigmas4 8	sigmas4 9	sigmas5 1	sigmas5 2	sigmas5 3	sigmas5 4	sigmas5 5	sigmas5 6	sigmas5 7	sigmas5 8	sigmas5 9	sigmas6 1	sigmas6 2	sigmas6 3	sigmas6 4	sigmas6 5	sigmas6 6	sigmas6 7	sigmas6 8	sigmas6 9	weight 1	weight 2	weight 3	weight 4	weight 5	weight 6	weight 7	weight 8	weight 9	proba 1	proba 2	proba 3	proba 4	proba 5	proba 6	proba 7	proba 8	proba 9	
1	1	97.422622917	2997.45	2997.45	100.0	0.99005	0	0	0	0	0	0	0	0	0	0.0	0.0	0.0	0.0	0.0	0.0	0.0	0.0	0.0	0.0	0.0	0.0	0.0	0.0	0.0	0.0	0.0	0.0	0.0	0.0	0.0	0.0	0.0	0.0	0.0	0.0	0.0	0	0	0	0	0	0	0	0	0	0	0	0	0	0	0	0	0	0	0	0	0	0	0	0	0	0	0	0	0	0	0	0	0	0	0	0	0	0	0	0	0	0	0	0	0	0	0	0	0	0	0	0	0	0	0.0	0.0	0.0	0.0	0.0	0.0	0.0	0.0	0.0	0.0	0.0	0.0	0.0	0.0	0.0	0.0	0.0	0.0	
2	2	97.878007385	2997.45	2997.45	100.0	0.99005	0	0	0	0	0	0	0	0	0	0.0	0.0	0.0	0.0	1.0	0.0	0.0	0.0	0.0	0.0	0.0	0.0	0.0	0.0	0.0	0.0	0.0	0.0	0.0	0.0	0.0	0.0	0.455364	0.0	0.0	0.0	0.0	0	0	0	0	0	0	0	0	0	0	0	0	0	0	0	0	0	0	0	0	0	0	0	0	0	0	0	0	0	0	0	0	0	0	0	0	0	0	0	0	0	0	0	0	0	0	0	0	0	0	0	0	0	0	0.0	0.0	0.0	0.0	4.82262	0.0	0.0	0.0	0.0	0.0	0.0	0.0	0.0	0.0	0.0	0.0	0.0	0.0	
3	3	115.725404724	2704.7	2704.7	100.0	0.99005	0	0	0	0	1	0	0	0	0	0.0	0.0	0.0	0.0	1.0	0.0	0.0	0.0	0.0	0.0	0.0	0.0	0.0	17.8474	0.0	0.0	0.0	0.0	0.0	0.0	0.0	0.0	17.8474	0.0	0.0	0.0	0.0	0	0	0	0	1	0	0	0	0	0	0	0	0	0	0	0	0	0	0	0	0	0	0	0	0	0	0	0	0	0	0	0	0	0	0	0	0	0	0	0	0	0	0	0	0	0	0	0	0	0	0	0	0	0	0.0	0.0	0.0	0.0	0.003139	0.0	0.0	0.0	0.0	0.0	0.0	0.0	0.0	1.0	0.0	0.0	0.0	0.0	
4	4	139.055773859	2697.2	2697.2	80.0534	0.987586	0	0	0	0	2	0	0	0	0	0.0	0.0	0.0	0.0	1.0	0.0	0.0	0.0	0.0	0.0	0.0	0.0	0.0	41.1777	0.0	0.0	0.0	0.0	0.0	0.0	0.0	0.0	20.5889	0.0	0.0	0.0	0.0	0	0	0	0	2	0	0	0	0	0	0	0	0	0	0	0	0	0	0	0	0	0	0	0	0	0	0	0	0	0	0	0	0	0	0	0	0	0	0	0	0	0	0	0	0	0	0	0	0	0	0	0	0	0	0.0	0.0	0.0	0.0	0.002359	0.0	0.0	0.0	0.0	0.0	0.0	0.0	0.0	1.0	0.0	0.0	0.0	0.0	
5	5	156.762548577	2615.5	2615.5	76.5422	0.98702	0	0	0	0	3	0	0	0	0	0.0	0.0	0.0	0.0	1.0	0.0	0.0	0.0	0.0	0.0	0.0	0.0	0.0	58.8845	0.0	0.0	0.0	0.0	0.0	0.0	0.0	0.0	19.6282	0.0	0.0	0.0	0.0	0	0	0	0	3	0	0	0	0	0	0	0	0	0	0	0	0	0	0	0	0	0	0	0	0	0	0	0	0	0	0	0	0	0	0	0	0	0	0	0	0	0	0	0	0	0	0	0	0	0	0	0	0	0	0.0	0.0	0.0	0.0	0.002596	0.0	0.0	0.0	0.0	0.0	0.0	0.0	0.0	1.0	0.0	0.0	0.0	0.0	
6	6	207.346395606	2532.65	2532.65	73.9805	0.986574	0	0	0	0	4	0	0	0	0	0.0	0.0	0.0	0.0	1.0	0.0	0.0	0.0	0.0	0.0	0.0	0.0	0.0	109.468	0.0	0.0	0.0	0.0	0.0	0.0	0.0	0.0	27.3671	0.0	0.0	0.0	0.0	0	0	0	0	4	0	0	0	0	0	0	0	0	0	0	0	0	0	0	0	0	0	0	0	0	0	0	0	0	0	0	0	0	0	0	0	0	0	0	0	0	0	0	0	0	0	0	0	0	0	0	0	0	0	0.0	0.0	0.0	0.0	0.001335	0.0	0.0	0.0	0.0	0.0	0.0	0.0	0.0	1.0	0.0	0.0	0.0	0.0	
7	7	387.382072474	2490.8	2490.8	67.125	0.985213	0	0	0	0	5	0	0	0	0	0.0	0.0	0.0	0.0	1.0	0.0	0.0	0.0	0.0	0.0	0.0	0.0	0.0	289.504	0.0	0.0	0.0	0.0	0.0	0.0	0.0	0.0	57.9008	0.0	0.0	0.0	0.0	0	0	0	0	5	0	0	0	0	0	0	0	0	0	0	0	0	0	0	0	0	0	0	0	0	0	0	0	0	0	0	0	0	0	0	0	0	0	0	0	0	0	0	0	0	0	0	0	0	0	0	0	0	0	0.0	0.0	0.0	0.0	0.000298	0.0	0.0	0.0	0.0	0.0	0.0	0.0	0.0	1.0	0.0	0.0	0.0	0.0	
8	8	402.451368141	2490.8	2490.8	47.4866	0.979162	0	0	0	0	6	0	0	0	0	0.0	0.0	0.0	0.0	0.9	0.0	0.0	0.0	0.0	0.0	0.0	0.0	0.0	304.573	0.0	0.0	0.0	0.0	0.0	0.0	0.0	0.0	50.7622	0.0	0.0	0.0	0.0	0	0	0	0	5	0	0	0	0	0	0	0	0	0	0	0	0	0	0	0	0	0	1	0	0	0	0	0	0	0	0	0	0	0	0	0	0	0	0	0	0	0	0	0	0	0	0	0	0	0	0	0	0	0	0.0	0.0	0.0	0.0	0.000349	0.0	0.0	0.0	0.0	0.0	0.0	0.0	0.0	1.0	0.0	0.0	0.0	0.0	
9	9	454.67761898	2476.8	2476.8	46.1306	0.978556	0	0	0	0	7	0	0	0	0	0.0	0.0	0.0	0.0	0.91	0.0	0.0	0.0	0.0	0.0	0.0	0.0	0.0	356.799	0.0	0.0	0.0	0.0	0.0	0.0	0.0	0.0	50.9713	0.0	0.0	0.0	0.0	0	0	0	0	6	0	0	0	0	0	0	0	0	0	0	0	0	0	0	0	0	0	1	0	0	0	0	0	0	0	0	0	0	0	0	0	0	0	0	0	0	0	0	0	0	0	0	0	0	0	0	0	0	0	0.0	0.0	0.0	0.0	0.00035	0.0	0.0	0.0	0.0	0.0	0.0	0.0	0.0	1.0	0.0	0.0	0.0	0.0	
10	10	466.539252729	2473.75	2473.75	41.7239	0.976318	0	0	0	0	8	0	0	0	0	0.0	0.0	0.0	0.0	0.919	0.0	0.0	0.0	0.0	0.0	0.0	0.0	0.0	368.661	0.0	0.0	0.0	0.0	0.0	0.0	0.0	0.0	46.0826	0.0	0.0	0.0	0.0	0	0	0	0	7	0	0	0	0	0	0	0	0	0	0	0	0	0	0	0	0	0	1	0	0	0	0	0	0	0	0	0	0	0	0	0	0	0	0	0	0	0	0	0	0	0	0	0	0	0	0	0	0	0	0.0	0.0	0.0	0.0	0.000433	0.0	0.0	0.0	0.0	0.0	0.0	0.0	0.0	1.0	0.0	0.0	0.0	0.0	
11	11	477.97442032	2463.75	2463.75	40.7832	0.975778	0	0	0	0	9	0	0	0	0	0.0	0.0	0.0	0.0	0.9271	0.0	0.0	0.0	0.0	0.0	0.0	0.0	0.0	380.096	0.0	0.0	0.0	0.0	0.0	0.0	0.0	0.0	42.2329	0.0	0.0	0.0	0.0	0	0	0	0	8	0	0	0	0	0	0	0	0	0	0	0	0	0	0	0	0	0	1	0	0	0	0	0	0	0	0	0	0	0	0	0	0	0	0	0	0	0	0	0	0	0	0	0	0	0	0	0	0	0	0.0	0.0	0.0	0.0	0.00052	0.0	0.0	0.0	0.0	0.0	0.0	0.0	0.0	1.0	0.0	0.0	0.0	0.0	
12	12	492.889741245	2435.05	2435.05	39.8965	0.975247	0	0	0	0	10	0	0	0	0	0.0	0.0	0.0	0.0	0.93439	0.0	0.0	0.0	0.0	0.0	0.0	0.0	0.0	395.011	0.0	0.0	0.0	0.0	0.0	0.0	0.0	0.0	39.5011	0.0	0.0	0.0	0.0	0	0	0	0	9	0	0	0	0	0	0	0	0	0	0	0	0	0	0	0	0	0	1	0	0	0	0	0	0	0	0	0	0	0	0	0	0	0	0	0	0	0	0	0	0	0	0	0	0	0	0	0	0	0	0.0	0.0	0.0	0.0	0.000599	0.0	0.0	0.0	0.0	0.0	0.0	0.0	0.0	1.0	0.0	0.0	0.0	0.0	
13	13	506.295525549	2435.05	2435.05	38.7687	0.974536	0	0	0	0	11	0	0	0	0	0.0	0.0	0.0	0.0	0.840951	0.0	0.0	0.0	0.0	0.0	0.0	0.0	0.0	408.417	0.0	0.0	0.0	0.0	0.0	0.0	0.0	0.0	37.1288	0.0	0.0	0.0	0.0	0	0	0	0	9	0	0	0	0	0	0	0	0	0	0	0	0	0	0	0	0	0	2	0	0	0	0	0	0	0	0	0	0	0	0	0	0	0	0	0	0	0	0	0	0	0	0	0	0	0	0	0	0	0	0.0	0.0	0.0	0.0	0.00061	0.0	0.0	0.0	0.0	0.0	0.0	0.0	0.0	1.0	0.0	0.0	0.0	0.0	
14	14	523.171267433	2426.8	2426.8	37.7823	0.97388	0	0	0	0	12	0	0	0	0	0.0	0.0	0.0	0.0	0.856856	0.0	0.0	0.0	0.0	0.0	0.0	0.0	0.0	425.293	0.0	0.0	0.0	0.0	0.0	0.0	0.0	0.0	35.4411	0.0	0.0	0.0	0.0	0	0	0	0	10	0	0	0	0	0	0	0	0	0	0	0	0	0	0	0	0	0	2	0	0	0	0	0	0	0	0	0	0	0	0	0	0	0	0	0	0	0	0	0	0	0	0	0	0	0	0	0	0	0	0.0	0.0	0.0	0.0	0.000682	0.0	0.0	0.0	0.0	0.0	0.0	0.0	0.0	1.0	0.0	0.0	0.0	0.0	
15	15	622.873613161	2410.3	2410.3	36.5762	0.97303	0	0	0	0	13	0	0	0	0	0.0	0.0	0.0	0.0	0.87117	0.0	0.0	0.0	0.0	0.0	0.0	0.0	0.0	524.995	0.0	0.0	0.0	0.0	0.0	0.0	0.0	0.0	40.3843	0.0	0.0	0.0	0.0	0	0	0	0	11	0	0	0	0	0	0	0	0	0	0	0	0	0	0	0	0	0	2	0	0	0	0	0	0	0	0	0	0	0	0	0	0	0	0	0	0	0	0	0	0	0	0	0	0	0	0	0	0	0	0.0	0.0	0.0	0.0	0.000534	0.0	0.0	0.0	0.0	0.0	0.0	0.0	0.0	1.0	0.0	0.0	0.0	0.0	
16	16	640.282026781	2409.8	2409.8	30.1965	0.967426	0	0	0	0	14	0	0	0	0	0.0	0.0	0.0	0.0	0.884053	0.0	0.0	0.0	0.0	0.0	0.0	0.0	0.0	542.404	0.0	0.0	0.0	0.0	0.0	0.0	0.0	0.0	38.7431	0.0	0.0	0.0	0.0	0	0	0	0	12	0	0	0	0	0	0	0	0	0	0	0	0	0	0	0	0	0	2	0	0	0	0	0	0	0	0	0	0	0	0	0	0	0	0	0	0	0	0	0	0	0	0	0	0	0	0	0	0	0	0.0	0.0	0.0	0.0	0.000589	0.0	0.0	0.0	0.0	0.0	0.0	0.0	0.0	1.0	0.0	0.0	0.0	0.0	
17	17	652.165555192	2409.8	2409.8	29.2026	0.966336	0	0	0	0	15	0	0	0	0	0.0	0.0	0.0	0.0	0.795648	0.0	0.0	0.0	0.0	0.0	0.0	0.0	0.0	554.287	0.0	0.0	0.0	0.0	0.0	0.0	0.0	0.0	36.9525	0.0	0.0	0.0	0.0	0	0	0	0	12	0	0	0	0	0	0	0	0	0	0	0	0	0	0	0	0	0	3	0	0	0	0	0	0	0	0	0	0	0	0	0	0	0	0	0	0	0	0	0	0	0	0	0	0	0	0	0	0	0	0.0	0.0	0.0	0.0	0.000583	0.0	0.0	0.0	0.0	0.0	0.0	0.0	0.0	1.0	0.0	0.0	0.0	0.0	
18	18	749.756354854	2408.8	2408.8	28.543	0.965572	0	0	0	0	16	0	0	0	0	0.0	0.0	0.0	0.0	0.816083	0.0	0.0	0.0	0.0	0.0	0.0	0.0	0.0	651.878	0.0	0.0	0.0	0.0	0.0	0.0	0.0	0.0	40.7424	0.0	0.0	0.0	0.0	0	0	0	0	13	0	0	0	0	0	0	0	0	0	0	0	0	0	0	0	0	0	3	0	0	0	0	0	0	0	0	0	0	0	0	0	0	0	0	0	0	0	0	0	0	0	0	0	0	0	0	0	0	0	0.0	0.0	0.0	0.0	0.000492	0.0	0.0	0.0	0.0	0.0	0.0	0.0	0.0	1.0	0.0	0.0	0.0	0.0	
19	19	869.648079861	2404.8	2404.8	23.6603	0.958616	0	0	0	0	17	0	0	0	0	0.0	0.0	0.0	0.0	0.834475	0.0	0.0	0.0	0.0	0.0	0.0	0.0	0.0	771.77	0.0	0.0	0.0	0.0	0.0	0.0	0.0	0.0	45.3982	0.0	0.0	0.0	0.0	0	0	0	0	14	0	0	0	0	0	0	0	0	0	0	0	0	0	0	0	0	0	3	0	0	0	0	0	0	0	0	0	0	0	0	0	0	0	0	0	0	0	0	0	0	0	0	0	0	0	0	0	0	0	0.0	0.0	0.0	0.0	0.000405	0.0	0.0	0.0	0.0	0.0	0.0	0.0	0.0	1.0	0.0	0.0	0.0	0.0	
20	20	965.571248786	2367.85	2367.85	18.7898	0.948171	0	0	0	0	18	0	0	0	0	0.0	0.0	0.0	0.0	0.851027	0.0	0.0	0.0	0.0	0.0	0.0	0.0	0.0	867.693	0.0	0.0	0.0	0.0	0.0	0.0	0.0	0.0	48.2052	0.0	0.0	0.0	0.0	0	0	0	0	15	0	0	0	0	0	0	0	0	0	0	0	0	0	0	0	0	0	3	0	0	0	0	0	0	0	0	0	0	0	0	0	0	0	0	0	0	0	0	0	0	0	0	0	0	0	0	0	0	0	0.0	0.0	0.0	0.0	0.000366	0.0	0.0	0.0	0.0	0.0	0.0	0.0	0.0	1.0	0.0	0.0	0.0	0.0	
21	21	1025.244249768	2366.35	2366.35	15.6255	0.938007	0	0	0	0	19	0	0	0	0	0.0	0.0	0.0	0.0	0.865925	0.0	0.0	0.0	0.0	0.0	0.0	0.0	0.0	927.366	0.0	0.0	0.0	0.0	0.0	0.0	0.0	0.0	48.8087	0.0	0.0	0.0	0.0	0	0	0	0	16	0	0	0	0	0	0	0	0	0	0	0	0	0	0	0	0	0	3	0	0	0	0	0	0	0	0	0	0	0	0	0	0	0	0	0	0	0	0	0	0	0	0	0	0	0	0	0	0	0	0.0	0.0	0.0	0.0	0.000363	0.0	0.0	0.0	0.0	0.0	0.0	0.0	0.0	1.0	0.0	0.0	0.0	0.0	
22	22	1046.530244779	2350.85	2350.85	13.932	0.930738	0	0	0	0	20	0	0	0	0	0.0	0.0	0.0	0.0	0.879332	0.0	0.0	0.0	0.0	0.0	0.0	0.0	0.0	948.652	0.0	0.0	0.0	0.0	0.0	0.0	0.0	0.0	47.4326	0.0	0.0	0.0	0.0	0	0	0	0	17	0	0	0	0	0	0	0	0	0	0	0	0	0	0	0	0	0	3	0	0	0	0	0	0	0	0	0	0	0	0	0	0	0	0	0	0	0	0	0	0	0	0	0	0	0	0	0	0	0	0.0	0.0	0.0	0.0	0.000391	0.0	0.0	0.0	0.0	0.0	0.0	0.0	0.0	1.0	0.0	0.0	0.0	0.0	
23	23	1057.430220468	2350.85	2350.85	13.3734	0.927952	0	0	0	0	21	0	0	0	0	0.0	0.0	0.0	0.0	0.791399	0.0	0.0	0.0	0.0	0.0	0.0	0.0	0.0	959.552	0.0	0.0	0.0	0.0	0.0	0.0	0.0	0.0	45.6929	0.0	0.0	0.0	0.0	0	0	0	0	17	0	0	0	0	0	0	0	0	0	0	0	0	0	0	0	0	0	4	0	0	0	0	0	0	0	0	0	0	0	0	0	0	0	0	0	0	0	0	0	0	0	0	0	0	0	0	0	0	0	0.0	0.0	0.0	0.0	0.000379	0.0	0.0	0.0	0.0	0.0	0.0	0.0	0.0	1.0	0.0	0.0	0.0	0.0	
24	24	1120.586034464	2349.85	2349.85	13.0961	0.926484	0	0	0	0	22	0	0	0	0	0.0	0.0	0.0	0.0	0.812259	0.0	0.0	0.0	0.0	0.0	0.0	0.0	0.0	1022.71	0.0	0.0	0.0	0.0	0.0	0.0	0.0	0.0	46.4867	0.0	0.0	0.0	0.0	0	0	0	0	18	0	0	0	0	0	0	0	0	0	0	0	0	0	0	0	0	0	4	0	0	0	0	0	0	0	0	0	0	0	0	0	0	0	0	0	0	0	0	0	0	0	0	0	0	0	0	0	0	0	0.0	0.0	0.0	0.0	0.000376	0.0	0.0	0.0	0.0	0.0	0.0	0.0	0.0	1.0	0.0	0.0	0.0	0.0	
25	25	1127.86542063	2317.95	2317.95	11.5988	0.917396	0	0	0	0	23	0	0	0	0	0.0	0.0	0.0	0.0	0.831033	0.0	0.0	0.0	0.0	0.0	0.0	0.0	0.0	1029.99	0.0	0.0	0.0	0.0	0.0	0.0	0.0	0.0	44.782	0.0	0.0	0.0	0.0	0	0	0	0	19	0	0	0	0	0	0	0	0	0	0	0	0	0	0	0	0	0	4	0	0	0	0	0	0	0	0	0	0	0	0	0	0	0	0	0	0	0	0	0	0	0	0	0	0	0	0	0	0	0	0.0	0.0	0.0	0.0	0.000414	0.0	0.0	0.0	0.0	0.0	0.0	0.0	0.0	1.0	0.0	0.0	0.0	0.0	
26	26	1142.956851435	2317.95	2317.95	11.4376	0.916282	0	0	0	0	24	0	0	0	0	0.0	0.0	0.0	0.0	0.74793	0.0	0.0	0.0	0.0	0.0	0.0	0.0	0.0	1045.08	0.0	0.0	0.0	0.0	0.0	0.0	0.0	0.0	43.5449	0.0	0.0	0.0	0.0	0	0	0	0	19	0	0	0	0	0	0	0	0	0	0	0	0	0	0	0	0	0	5	0	0	0	0	0	0	0	0	0	0	0	0	0	0	0	0	0	0	0	0	0	0	0	0	0	0	0	0	0	0	0	0.0	0.0	0.0	0.0	0.000394	0.0	0.0	0.0	0.0	0.0	0.0	0.0	0.0	1.0	0.0	0.0	0.0	0.0	
27	27	1152.362666616	2315.95	2315.95	11.1105	0.913927	0	0	0	0	25	0	0	0	0	0.0	0.0	0.0	0.0	0.773137	0.0	0.0	0.0	0.0	0.0	0.0	0.0	0.0	1054.48	0.0	0.0	0.0	0.0	0.0	0.0	0.0	0.0	42.1794	0.0	0.0	0.0	0.0	0	0	0	0	20	0	0	0	0	0	0	0	0	0	0	0	0	0	0	0	0	0	5	0	0	0	0	0	0	0	0	0	0	0	0	0	0	0	0	0	0	0	0	0	0	0	0	0	0	0	0	0	0	0	0.0	0.0	0.0	0.0	0.000435	0.0	0.0	0.0	0.0	0.0	0.0	0.0	0.0	1.0	0.0	0.0	0.0	0.0	
28	28	1163.65968096	2315.95	2315.95	10.9114	0.912427	0	0	0	0	26	0	0	0	0	0.0	0.0	0.0	0.0	0.695823	0.0	0.0	0.0	0.0	0.0	0.0	0.0	0.0	1065.78	0.0	0.0	0.0	0.0	0.0	0.0	0.0	0.0	40.9916	0.0	0.0	0.0	0.0	0	0	0	0	20	0	0	0	0	0	0	0	0	0	0	0	0	0	0	0	0	0	6	0	0	0	0	0	0	0	0	0	0	0	0	0	0	0	0	0	0	0	0	0	0	0	0	0	0	0	0	0	0	0	0.0	0.0	0.0	0.0	0.000414	0.0	0.0	0.0	0.0	0.0	0.0	0.0	0.0	1.0	0.0	0.0	0.0	0.0	
29	29	1173.819898252	2315.95	2315.95	10.677	0.910593	0	0	0	0	27	0	0	0	0	0.0	0.0	0.0	0.0	0.626241	0.0	0.0	0.0	0.0	0.0	0.0	0.0	0.0	1075.94	0.0	0.0	0.0	0.0	0.0	0.0	0.0	0.0	39.8497	0.0	0.0	0.0	0.0	0	0	0	0	20	0	0	0	0	0	0	0	0	0	0	0	0	0	0	0	0	0	7	0	0	0	0	0	0	0	0	0	0	0	0	0	0	0	0	0	0	0	0	0	0	0	0	0	0	0	0	0	0	0	0.0	0.0	0.0	0.0	0.000394	0.0	0.0	0.0	0.0	0.0	0.0	0.0	0.0	1.0	0.0	0.0	0.0	0.0	
30	30	1184.391079056	2315.95	2315.95	10.4705	0.908912	0	0	0	0	28	0	0	0	0	0.0	0.0	0.0	0.0	0.563617	0.0	0.0	0.0	0.0	0.0	0.0	0.0	0.0	1086.51	0.0	0.0	0.0	0.0	0.0	0.0	0.0	0.0	38.804	0.0	0.0	0.0	0.0	0	0	0	0	20	0	0	0	0	0	0	0	0	0	0	0	0	0	0	0	0	0	8	0	0	0	0	0	0	0	0	0	0	0	0	0	0	0	0	0	0	0	0	0	0	0	0	0	0	0	0	0	0	0	0.0	0.0	0.0	0.0	0.000374	0.0	0.0	0.0	0.0	0.0	0.0	0.0	0.0	1.0	0.0	0.0	0.0	0.0	
31	31	1248.219742243	2315.95	2315.95	10.2598	0.907132	0	0	0	0	29	0	0	0	0	0.0	0.0	0.0	0.0	0.507255	0.0	0.0	0.0	0.0	0.0	0.0	0.0	0.0	1150.34	0.0	0.0	0.0	0.0	0.0	0.0	0.0	0.0	39.6669	0.0	0.0	0.0	0.0	0	0	0	0	20	0	0	0	0	0	0	0	0	0	0	0	0	0	0	0	0	0	9	0	0	0	0	0	0	0	0	0	0	0	0	0	0	0	0	0	0	0	0	0	0	0	0	0	0	0	0	0	0	0	0.0	0.0	0.0	0.0	0.000322	0.0	0.0	0.0	0.0	0.0	0.0	0.0	0.0	1.0	0.0	0.0	0.0	0.0	
32	32	1262.142200419	2315.95	2315.95	9.07504	0.895662	0	0	0	0	30	0	0	0	0	0.0	0.0	0.0	0.0	0.45653	0.0	0.0	0.0	0.0	0.0	0.0	0.0	0.0	1164.26	0.0	0.0	0.0	0.0	0.0	0.0	0.0	0.0	38.8088	0.0	0.0	0.0	0.0	0	0	0	0	20	0	0	0	0	0	0	0	0	0	0	0	0	0	0	0	0	0	10	0	0	0	0	0	0	0	0	0	0	0	0	0	0	0	0	0	0	0	0	0	0	0	0	0	0	0	0	0	0	0	0.0	0.0	0.0	0.0	0.000303	0.0	0.0	0.0	0.0	0.0	0.0	0.0	0.0	1.0	0.0	0.0	0.0	0.0	
33	33	1269.12762972	2315.95	2315.95	8.83537	0.892989	0	0	0	0	31	0	0	0	0	0.0	0.0	0.0	0.0	0.410877	0.0	0.0	0.0	0.0	0.0	0.0	0.0	0.0	1171.25	0.0	0.0	0.0	0.0	0.0	0.0	0.0	0.0	37.7822	0.0	0.0	0.0	0.0	0	0	0	0	20	0	0	0	0	0	0	0	0	0	0	0	0	0	0	0	0	0	11	0	0	0	0	0	0	0	0	0	0	0	0	0	0	0	0	0	0	0	0	0	0	0	0	0	0	0	0	0	0	0	0.0	0.0	0.0	0.0	0.000288	0.0	0.0	0.0	0.0	0.0	0.0	0.0	0.0	1.0	0.0	0.0	0.0	0.0	
34	34	1353.139318148	2315.95	2315.95	8.71751	0.891623	0	0	0	0	32	0	0	0	0	0.0	0.0	0.0	0.0	0.369789	0.0	0.0	0.0	0.0	0.0	0.0	0.0	0.0	1255.26	0.0	0.0	0.0	0.0	0.0	0.0	0.0	0.0	39.2269	0.0	0.0	0.0	0.0	0	0	0	0	20	0	0	0	0	0	0	0	0	0	0	0	0	0	0	0	0	0	12	0	0	0	0	0	0	0	0	0	0	0	0	0	0	0	0	0	0	0	0	0	0	0	0	0	0	0	0	0	0	0	0.0	0.0	0.0	0.0	0.00024	0.0	0.0	0.0	0.0	0.0	0.0	0.0	0.0	1.0	0.0	0.0	0.0	0.0	
35	35	1375.342288812	2315.95	2315.95	7.41738	0.873874	0	0	0	0	33	0	0	0	0	0.0	0.0	0.0	0.0	0.33281	0.0	0.0	0.0	0.0	0.0	0.0	0.0	0.0	1277.46	0.0	0.0	0.0	0.0	0.0	0.0	0.0	0.0	38.711	0.0	0.0	0.0	0.0	0	0	0	0	20	0	0	0	0	0	0	0	0	0	0	0	0	0	0	0	0	0	13	0	0	0	0	0	0	0	0	0	0	0	0	0	0	0	0	0	0	0	0	0	0	0	0	0	0	0	0	0	0	0	0.0	0.0	0.0	0.0	0.000222	0.0	0.0	0.0	0.0	0.0	0.0	0.0	0.0	1.0	0.0	0.0	0.0	0.0	
36	36	1449.821979756	2315.95	2315.95	7.10743	0.868752	0	0	0	0	34	0	0	0	0	0.0	0.0	0.0	0.0	0.299529	0.0	0.0	0.0	0.0	0.0	0.0	0.0	0.0	1351.94	0.0	0.0	0.0	0.0	0.0	0.0	0.0	0.0	39.763	0.0	0.0	0.0	0.0	0	0	0	0	20	0	0	0	0	0	0	0	0	0	0	0	0	0	0	0	0	0	14	0	0	0	0	0	0	0	0	0	0	0	0	0	0	0	0	0	0	0	0	0	0	0	0	0	0	0	0	0	0	0	0.0	0.0	0.0	0.0	0.000189	0.0	0.0	0.0	0.0	0.0	0.0	0.0	0.0	1.0	0.0	0.0	0.0	0.0	
37	38	1468.187874588	2315.95	2315.95	6.15385	0.850016	0	0	0	0	36	0	0	0	0	0.0	0.0	0.0	0.0	0.242619	0.0	0.0	0.0	0.0	0.0	0.0	0.0	0.0	1370.31	0.0	0.0	0.0	0.0	0.0	0.0	0.0	0.0	38.0641	0.0	0.0	0.0	0.0	0	0	0	0	20	0	0	0	0	0	0	0	0	0	0	0	0	0	0	0	0	0	16	0	0	0	0	0	0	0	0	0	0	0	0	0	0	0	0	0	0	0	0	0	0	0	0	0	0	0	0	0	0	0	0.0	0.0	0.0	0.0	0.000167	0.0	0.0	0.0	0.0	0.0	0.0	0.0	0.0	1.0	0.0	0.0	0.0	0.0	
38	39	1485.039848587	2315.95	2315.95	5.94559	0.845192	0	0	0	0	37	0	0	0	0	0.0	0.0	0.0	0.0	0.218357	0.0	0.0	0.0	0.0	0.0	0.0	0.0	0.0	1387.16	0.0	0.0	0.0	0.0	0.0	0.0	0.0	0.0	37.4908	0.0	0.0	0.0	0.0	0	0	0	0	20	0	0	0	0	0	0	0	0	0	0	0	0	0	0	0	0	0	17	0	0	0	0	0	0	0	0	0	0	0	0	0	0	0	0	0	0	0	0	0	0	0	0	0	0	0	0	0	0	0	0.0	0.0	0.0	0.0	0.000155	0.0	0.0	0.0	0.0	0.0	0.0	0.0	0.0	1.0	0.0	0.0	0.0	0.0	
39	40	1492.911957902	2315.95	2315.95	5.75606	0.840524	0	0	0	0	38	0	0	0	0	0.0	0.0	0.0	0.0	0.196521	0.0	0.0	0.0	0.0	0.0	0.0	0.0	0.0	1395.03	0.0	0.0	0.0	0.0	0.0	0.0	0.0	0.0	36.7114	0.0	0.0	0.0	0.0	0	0	0	0	20	0	0	0	0	0	0	0	0	0	0	0	0	0	0	0	0	0	18	0	0	0	0	0	0	0	0	0	0	0	0	0	0	0	0	0	0	0	0	0	0	0	0	0	0	0	0	0	0	0	0.0	0.0	0.0	0.0	0.000146	0.0	0.0	0.0	0.0	0.0	0.0	0.0	0.0	1.0	0.0	0.0	0.0	0.0	
40	41	1500.04699262	2315.95	2315.95	5.6696	0.8383	0	0	0	0	39	0	0	0	0	0.0	0.0	0.0	0.0	0.176869	0.0	0.0	0.0	0.0	0.0	0.0	0.0	0.0	1402.17	0.0	0.0	0.0	0.0	0.0	0.0	0.0	0.0	35.953	0.0	0.0	0.0	0.0	0	0	0	0	20	0	0	0	0	0	0	0	0	0	0	0	0	0	0	0	0	0	19	0	0	0	0	0	0	0	0	0	0	0	0	0	0	0	0	0	0	0	0	0	0	0	0	0	0	0	0	0	0	0	0.0	0.0	0.0	0.0	0.000137	0.0	0.0	0.0	0.0	0.0	0.0	0.0	0.0	1.0	0.0	0.0	0.0	0.0	
41	42	1545.569331302	2315.95	2315.95	5.59237	0.83626	0	0	0	0	40	0	0	0	0	0.0	0.0	0.0	0.0	0.159182	0.0	0.0	0.0	0.0	0.0	0.0	0.0	0.0	1447.69	0.0	0.0	0.0	0.0	0.0	0.0	0.0	0.0	36.1923	0.0	0.0	0.0	0.0	0	0	0	0	20	0	0	0	0	0	0	0	0	0	0	0	0	0	0	0	0	0	20	0	0	0	0	0	0	0	0	0	0	0	0	0	0	0	0	0	0	0	0	0	0	0	0	0	0	0	0	0	0	0	0.0	0.0	0.0	0.0	0.000122	0.0	0.0	0.0	0.0	0.0	0.0	0.0	0.0	1.0	0.0	0.0	0.0	0.0	
42	43	1550.321370272	2304.45	2304.45	5.12376	0.822695	0	0	0	0	41	0	0	0	0	0.0	0.0	0.0	0.0	0.243264	0.0	0.0	0.0	0.0	0.0	0.0	0.0	0.0	1452.44	0.0	0.0	0.0	0.0	0.0	0.0	0.0	0.0	35.4254	0.0	0.0	0.0	0.0	0	0	0	0	21	0	0	0	0	0	0	0	0	0	0	0	0	0	0	0	0	0	20	0	0	0	0	0	0	0	0	0	0	0	0	0	0	0	0	0	0	0	0	0	0	0	0	0	0	0	0	0	0	0	0.0	0.0	0.0	0.0	0.000194	0.0	0.0	0.0	0.0	0.0	0.0	0.0	0.0	1.0	0.0	0.0	0.0	0.0	
43	44	1556.904969002	2304.45	2304.45	5.07716	0.821223	0	0	0	0	42	0	0	0	0	0.0	0.0	0.0	0.0	0.218937	0.0	0.0	0.0	0.0	0.0	0.0	0.0	0.0	1459.03	0.0	0.0	0.0	0.0	0.0	0.0	0.0	0.0	34.7387	0.0	0.0	0.0	0.0	0	0	0	0	21	0	0	0	0	0	0	0	0	0	0	0	0	0	0	0	0	0	21	0	0	0	0	0	0	0	0	0	0	0	0	0	0	0	0	0	0	0	0	0	0	0	0	0	0	0	0	0	0	0	0.0	0.0	0.0	0.0	0.000181	0.0	0.0	0.0	0.0	0.0	0.0	0.0	0.0	1.0	0.0	0.0	0.0	0.0	
44	46	1569.852185275	2304.45	2304.45	5.00922	0.819032	0	0	0	0	44	0	0	0	0	0.0	0.0	0.0	0.0	0.177339	0.0	0.0	0.0	0.0	0.0	0.0	0.0	0.0	1471.97	0.0	0.0	0.0	0.0	0.0	0.0	0.0	0.0	33.4539	0.0	0.0	0.0	0.0	0	0	0	0	21	0	0	0	0	0	0	0	0	0	0	0	0	0	0	0	0	0	23	0	0	0	0	0	0	0	0	0	0	0	0	0	0	0	0	0	0	0	0	0	0	0	0	0	0	0	0	0	0	0	0.0	0.0	0.0	0.0	0.000158	0.0	0.0	0.0	0.0	0.0	0.0	0.0	0.0	1.0	0.0	0.0	0.0	0.0	
45	47	1579.203691172	2304.45	2304.45	4.89006	0.815058	0	0	0	0	45	0	0	0	0	0.0	0.0	0.0	0.0	0.159605	0.0	0.0	0.0	0.0	0.0	0.0	0.0	0.0	1481.32	0.0	0.0	0.0	0.0	0.0	0.0	0.0	0.0	32.9183	0.0	0.0	0.0	0.0	0	0	0	0	21	0	0	0	0	0	0	0	0	0	0	0	0	0	0	0	0	0	24	0	0	0	0	0	0	0	0	0	0	0	0	0	0	0	0	0	0	0	0	0	0	0	0	0	0	0	0	0	0	0	0.0	0.0	0.0	0.0	0.000147	0.0	0.0	0.0	0.0	0.0	0.0	0.0	0.0	1.0	0.0	0.0	0.0	0.0	
46	48	1583.580035454	2304.45	2304.45	4.80294	0.81204	0	0	0	0	46	0	0	0	0	0.0	0.0	0.0	0.0	0.143645	0.0	0.0	0.0	0.0	0.0	0.0	0.0	0.0	1485.7	0.0	0.0	0.0	0.0	0.0	0.0	0.0	0.0	32.2978	0.0	0.0	0.0	0.0	0	0	0	0	21	0	0	0	0	0	0	0	0	0	0	0	0	0	0	0	0	0	25	0	0	0	0	0	0	0	0	0	0	0	0	0	0	0	0	0	0	0	0	0	0	0	0	0	0	0	0	0	0	0	0.0	0.0	0.0	0.0	0.000138	0.0	0.0	0.0	0.0	0.0	0.0	0.0	0.0	1.0	0.0	0.0	0.0	0.0	
47	51	1598.816689041	2304.45	2304.45	4.75479	0.810329	0	0	0	0	49	0	0	0	0	0.0	0.0	0.0	0.0	0.104717	0.0	0.0	0.0	0.0	0.0	0.0	0.0	0.0	1500.94	0.0	0.0	0.0	0.0	0.0	0.0	0.0	0.0	30.6314	0.0	0.0	0.0	0.0	0	0	0	0	21	0	0	0	0	0	0	0	0	0	0	0	0	0	0	0	0	0	28	0	0	0	0	0	0	0	0	0	0	0	0	0	0	0	0	0	0	0	0	0	0	0	0	0	0	0	0	0	0	0	0.0	0.0	0.0	0.0	0.000112	0.0	0.0	0.0	0.0	0.0	0.0	0.0	0.0	1.0	0.0	0.0	0.0	0.0	
48	52	1606.684732247	2304.45	2304.45	4.62521	0.805569	0	0	0	0	50	0	0	0	0	0.0	0.0	0.0	0.0	0.094245	0.0	0.0	0.0	0.0	0.0	0.0	0.0	0.0	1508.81	0.0	0.0	0.0	0.0	0.0	0.0	0.0	0.0	30.1761	0.0	0.0	0.0	0.0	0	0	0	0	21	0	0	0	0	0	0	0	0	0	0	0	0	0	0	0	0	0	29	0	0	0	0	0	0	0	0	0	0	0	0	0	0	0	0	0	0	0	0	0	0	0	0	0	0	0	0	0	0	0	0.0	0.0	0.0	0.0	0.000103	0.0	0.0	0.0	0.0	0.0	0.0	0.0	0.0	1.0	0.0	0.0	0.0	0.0	
49	53	1612.808100158	2304.45	2304.45	4.55578	0.802919	0	0	0	0	51	0	0	0	0	0.0	0.0	0.0	0.0	0.084821	0.0	0.0	0.0	0.0	0.0	0.0	0.0	0.0	1514.93	0.0	0.0	0.0	0.0	0.0	0.0	0.0	0.0	29.7045	0.0	0.0	0.0	0.0	0	0	0	0	21	0	0	0	0	0	0	0	0	0	0	0	0	0	0	0	0	0	30	0	0	0	0	0	0	0	0	0	0	0	0	0	0	0	0	0	0	0	0	0	0	0	0	0	0	0	0	0	0	0	0.0	0.0	0.0	0.0	9.6e-5	0.0	0.0	0.0	0.0	0.0	0.0	0.0	0.0	1.0	0.0	0.0	0.0	0.0	
50	54	1630.010596272	2304.45	2304.45	4.50246	0.800835	0	0	0	0	52	0	0	0	0	0.0	0.0	0.0	0.0	0.076339	0.0	0.0	0.0	0.0	0.0	0.0	0.0	0.0	1532.13	0.0	0.0	0.0	0.0	0.0	0.0	0.0	0.0	29.4641	0.0	0.0	0.0	0.0	0	0	0	0	21	0	0	0	0	0	0	0	0	0	0	0	0	0	0	0	0	0	31	0	0	0	0	0	0	0	0	0	0	0	0	0	0	0	0	0	0	0	0	0	0	0	0	0	0	0	0	0	0	0	0.0	0.0	0.0	0.0	8.8e-5	0.0	0.0	0.0	0.0	0.0	0.0	0.0	0.0	1.0	0.0	0.0	0.0	0.0	
51	55	1684.190175614	2304.45	2304.45	4.356	0.794876	0	0	0	0	53	0	0	0	0	0.0	0.0	0.0	0.0	0.068705	0.0	0.0	0.0	0.0	0.0	0.0	0.0	0.0	1586.31	0.0	0.0	0.0	0.0	0.0	0.0	0.0	0.0	29.9304	0.0	0.0	0.0	0.0	0	0	0	0	21	0	0	0	0	0	0	0	0	0	0	0	0	0	0	0	0	0	32	0	0	0	0	0	0	0	0	0	0	0	0	0	0	0	0	0	0	0	0	0	0	0	0	0	0	0	0	0	0	0	0.0	0.0	0.0	0.0	7.7e-5	0.0	0.0	0.0	0.0	0.0	0.0	0.0	0.0	1.0	0.0	0.0	0.0	0.0	
52	57	1771.244481192	2304.45	2304.45	3.92202	0.774939	0	0	0	0	55	0	0	0	0	0.0	0.0	0.0	0.0	0.055651	0.0	0.0	0.0	0.0	0.0	0.0	0.0	0.0	1673.37	0.0	0.0	0.0	0.0	0.0	0.0	0.0	0.0	30.4248	0.0	0.0	0.0	0.0	0	0	0	0	21	0	0	0	0	0	0	0	0	0	0	0	0	0	0	0	0	0	34	0	0	0	0	0	0	0	0	0	0	0	0	0	0	0	0	0	0	0	0	0	0	0	0	0	0	0	0	0	0	0	0.0	0.0	0.0	0.0	6.0e-5	0.0	0.0	0.0	0.0	0.0	0.0	0.0	0.0	1.0	0.0	0.0	0.0	0.0	
53	58	1886.765600439	2304.45	2304.45	3.32024	0.739943	0	0	0	0	56	0	0	0	0	0.0	0.0	0.0	0.0	0.050086	0.0	0.0	0.0	0.0	0.0	0.0	0.0	0.0	1788.89	0.0	0.0	0.0	0.0	0.0	0.0	0.0	0.0	31.9444	0.0	0.0	0.0	0.0	0	0	0	0	21	0	0	0	0	0	0	0	0	0	0	0	0	0	0	0	0	0	35	0	0	0	0	0	0	0	0	0	0	0	0	0	0	0	0	0	0	0	0	0	0	0	0	0	0	0	0	0	0	0	0.0	0.0	0.0	0.0	4.9e-5	0.0	0.0	0.0	0.0	0.0	0.0	0.0	0.0	1.0	0.0	0.0	0.0	0.0	
54	59	1899.729073587	2304.45	2304.45	2.65901	0.686548	0	0	0	0	57	0	0	0	0	0.0	0.0	0.0	0.0	0.045077	0.0	0.0	0.0	0.0	0.0	0.0	0.0	0.0	1801.85	0.0	0.0	0.0	0.0	0.0	0.0	0.0	0.0	31.6114	0.0	0.0	0.0	0.0	0	0	0	0	21	0	0	0	0	0	0	0	0	0	0	0	0	0	0	0	0	0	36	0	0	0	0	0	0	0	0	0	0	0	0	0	0	0	0	0	0	0	0	0	0	0	0	0	0	0	0	0	0	0	0.0	0.0	0.0	0.0	4.5e-5	0.0	0.0	0.0	0.0	0.0	0.0	0.0	0.0	1.0	0.0	0.0	0.0	0.0	
55	60	1920.159035333	2304.45	2304.45	2.59356	0.680063	0	0	0	0	58	0	0	0	0	0.0	0.0	0.0	0.0	0.04057	0.0	0.0	0.0	0.0	0.0	0.0	0.0	0.0	1822.28	0.0	0.0	0.0	0.0	0.0	0.0	0.0	0.0	31.4186	0.0	0.0	0.0	0.0	0	0	0	0	21	0	0	0	0	0	0	0	0	0	0	0	0	0	0	0	0	0	37	0	0	0	0	0	0	0	0	0	0	0	0	0	0	0	0	0	0	0	0	0	0	0	0	0	0	0	0	0	0	0	0.0	0.0	0.0	0.0	4.1e-5	0.0	0.0	0.0	0.0	0.0	0.0	0.0	0.0	1.0	0.0	0.0	0.0	0.0	
56	61	1943.047664888	2304.45	2304.45	2.49367	0.66964	0	0	0	0	59	0	0	0	0	0.0	0.0	0.0	0.0	0.036513	0.0	0.0	0.0	0.0	0.0	0.0	0.0	0.0	1845.17	0.0	0.0	0.0	0.0	0.0	0.0	0.0	0.0	31.274	0.0	0.0	0.0	0.0	0	0	0	0	21	0	0	0	0	0	0	0	0	0	0	0	0	0	0	0	0	0	38	0	0	0	0	0	0	0	0	0	0	0	0	0	0	0	0	0	0	0	0	0	0	0	0	0	0	0	0	0	0	0	0.0	0.0	0.0	0.0	3.7e-5	0.0	0.0	0.0	0.0	0.0	0.0	0.0	0.0	1.0	0.0	0.0	0.0	0.0	
57	63	1960.211818492	2304.45	2304.45	2.38442	0.657448	0	0	0	0	61	0	0	0	0	0.0	0.0	0.0	0.0	0.029575	0.0	0.0	0.0	0.0	0.0	0.0	0.0	0.0	1862.33	0.0	0.0	0.0	0.0	0.0	0.0	0.0	0.0	30.53	0.0	0.0	0.0	0.0	0	0	0	0	21	0	0	0	0	0	0	0	0	0	0	0	0	0	0	0	0	0	40	0	0	0	0	0	0	0	0	0	0	0	0	0	0	0	0	0	0	0	0	0	0	0	0	0	0	0	0	0	0	0	0.0	0.0	0.0	0.0	3.2e-5	0.0	0.0	0.0	0.0	0.0	0.0	0.0	0.0	1.0	0.0	0.0	0.0	0.0	
58	64	2087.014361071	2304.45	2304.45	2.30887	0.648488	0	0	0	0	62	0	0	0	0	0.0	0.0	0.0	0.0	0.026618	0.0	0.0	0.0	0.0	0.0	0.0	0.0	0.0	1989.13	0.0	0.0	0.0	0.0	0.0	0.0	0.0	0.0	32.0828	0.0	0.0	0.0	0.0	0	0	0	0	21	0	0	0	0	0	0	0	0	0	0	0	0	0	0	0	0	0	41	0	0	0	0	0	0	0	0	0	0	0	0	0	0	0	0	0	0	0	0	0	0	0	0	0	0	0	0	0	0	0	0.0	0.0	0.0	0.0	2.6e-5	0.0	0.0	0.0	0.0	0.0	0.0	0.0	0.0	1.0	0.0	0.0	0.0	0.0	
59	65	2094.290913151	2304.45	2304.45	1.80938	0.575409	0	0	0	0	63	0	0	0	0	0.0	0.0	0.0	0.0	0.023956	0.0	0.0	0.0	0.0	0.0	0.0	0.0	0.0	1996.41	0.0	0.0	0.0	0.0	0.0	0.0	0.0	0.0	31.6891	0.0	0.0	0.0	0.0	0	0	0	0	21	0	0	0	0	0	0	0	0	0	0	0	0	0	0	0	0	0	42	0	0	0	0	0	0	0	0	0	0	0	0	0	0	0	0	0	0	0	0	0	0	0	0	0	0	0	0	0	0	0	0.0	0.0	0.0	0.0	2.4e-5	0.0	0.0	0.0	0.0	0.0	0.0	0.0	0.0	1.0	0.0	0.0	0.0	0.0	
60	66	2107.970709835	2304.45	2304.45	1.78425	0.570946	0	0	0	0	64	0	0	0	0	0.0	0.0	0.0	0.0	0.02156	0.0	0.0	0.0	0.0	0.0	0.0	0.0	0.0	2010.09	0.0	0.0	0.0	0.0	0.0	0.0	0.0	0.0	31.4077	0.0	0.0	0.0	0.0	0	0	0	0	21	0	0	0	0	0	0	0	0	0	0	0	0	0	0	0	0	0	43	0	0	0	0	0	0	0	0	0	0	0	0	0	0	0	0	0	0	0	0	0	0	0	0	0	0	0	0	0	0	0	0.0	0.0	0.0	0.0	2.2e-5	0.0	0.0	0.0	0.0	0.0	0.0	0.0	0.0	1.0	0.0	0.0	0.0	0.0	
61	67	2114.151810484	2304.45	2304.45	1.73794	0.562483	0	0	0	0	65	0	0	0	0	0.0	0.0	0.0	0.0	0.019404	0.0	0.0	0.0	0.0	0.0	0.0	0.0	0.0	2016.27	0.0	0.0	0.0	0.0	0.0	0.0	0.0	0.0	31.0196	0.0	0.0	0.0	0.0	0	0	0	0	21	0	0	0	0	0	0	0	0	0	0	0	0	0	0	0	0	0	44	0	0	0	0	0	0	0	0	0	0	0	0	0	0	0	0	0	0	0	0	0	0	0	0	0	0	0	0	0	0	0	0.0	0.0	0.0	0.0	2.0e-5	0.0	0.0	0.0	0.0	0.0	0.0	0.0	0.0	1.0	0.0	0.0	0.0	0.0	
62	68	2124.509481078	2304.45	2304.45	1.71741	0.558627	0	0	0	0	66	0	0	0	0	0.0	0.0	0.0	0.0	0.017464	0.0	0.0	0.0	0.0	0.0	0.0	0.0	0.0	2026.63	0.0	0.0	0.0	0.0	0.0	0.0	0.0	0.0	30.7065	0.0	0.0	0.0	0.0	0	0	0	0	21	0	0	0	0	0	0	0	0	0	0	0	0	0	0	0	0	0	45	0	0	0	0	0	0	0	0	0	0	0	0	0	0	0	0	0	0	0	0	0	0	0	0	0	0	0	0	0	0	0	0.0	0.0	0.0	0.0	1.9e-5	0.0	0.0	0.0	0.0	0.0	0.0	0.0	0.0	1.0	0.0	0.0	0.0	0.0	
63	69	2134.578433198	2304.45	2304.45	1.68355	0.552123	0	0	0	0	67	0	0	0	0	0.0	0.0	0.0	0.0	0.015717	0.0	0.0	0.0	0.0	0.0	0.0	0.0	0.0	2036.7	0.0	0.0	0.0	0.0	0.0	0.0	0.0	0.0	30.3985	0.0	0.0	0.0	0.0	0	0	0	0	21	0	0	0	0	0	0	0	0	0	0	0	0	0	0	0	0	0	46	0	0	0	0	0	0	0	0	0	0	0	0	0	0	0	0	0	0	0	0	0	0	0	0	0	0	0	0	0	0	0	0.0	0.0	0.0	0.0	1.7e-5	0.0	0.0	0.0	0.0	0.0	0.0	0.0	0.0	1.0	0.0	0.0	0.0	0.0	
64	70	2143.735316855	2304.45	2304.45	1.65127	0.54575	0	0	0	0	68	0	0	0	0	0.0	0.0	0.0	0.0	0.014146	0.0	0.0	0.0	0.0	0.0	0.0	0.0	0.0	2045.86	0.0	0.0	0.0	0.0	0.0	0.0	0.0	0.0	30.0861	0.0	0.0	0.0	0.0	0	0	0	0	21	0	0	0	0	0	0	0	0	0	0	0	0	0	0	0	0	0	47	0	0	0	0	0	0	0	0	0	0	0	0	0	0	0	0	0	0	0	0	0	0	0	0	0	0	0	0	0	0	0	0.0	0.0	0.0	0.0	1.6e-5	0.0	0.0	0.0	0.0	0.0	0.0	0.0	0.0	1.0	0.0	0.0	0.0	0.0	
65	71	2158.32773844	2304.45	2304.45	1.62246	0.539912	0	0	0	0	69	0	0	0	0	0.0	0.0	0.0	0.0	0.012731	0.0	0.0	0.0	0.0	0.0	0.0	0.0	0.0	2060.45	0.0	0.0	0.0	0.0	0.0	0.0	0.0	0.0	29.8616	0.0	0.0	0.0	0.0	0	0	0	0	21	0	0	0	0	0	0	0	0	0	0	0	0	0	0	0	0	0	48	0	0	0	0	0	0	0	0	0	0	0	0	0	0	0	0	0	0	0	0	0	0	0	0	0	0	0	0	0	0	0	0.0	0.0	0.0	0.0	1.4e-5	0.0	0.0	0.0	0.0	0.0	0.0	0.0	0.0	1.0	0.0	0.0	0.0	0.0	
66	73	2179.520397424	2304.45	2304.45	1.57628	0.53025	0	0	0	0	71	0	0	0	0	0.0	0.0	0.0	0.0	0.010312	0.0	0.0	0.0	0.0	0.0	0.0	0.0	0.0	2081.64	0.0	0.0	0.0	0.0	0.0	0.0	0.0	0.0	29.3189	0.0	0.0	0.0	0.0	0	0	0	0	21	0	0	0	0	0	0	0	0	0	0	0	0	0	0	0	0	0	50	0	0	0	0	0	0	0	0	0	0	0	0	0	0	0	0	0	0	0	0	0	0	0	0	0	0	0	0	0	0	0	0.0	0.0	0.0	0.0	1.2e-5	0.0	0.0	0.0	0.0	0.0	0.0	0.0	0.0	1.0	0.0	0.0	0.0	0.0	
67	74	2187.816074722	2304.45	2304.45	1.51459	0.516726	0	0	0	0	72	0	0	0	0	0.0	0.0	0.0	0.0	0.009281	0.0	0.0	0.0	0.0	0.0	0.0	0.0	0.0	2089.94	0.0	0.0	0.0	0.0	0.0	0.0	0.0	0.0	29.0269	0.0	0.0	0.0	0.0	0	0	0	0	21	0	0	0	0	0	0	0	0	0	0	0	0	0	0	0	0	0	51	0	0	0	0	0	0	0	0	0	0	0	0	0	0	0	0	0	0	0	0	0	0	0	0	0	0	0	0	0	0	0	0.0	0.0	0.0	0.0	1.1e-5	0.0	0.0	0.0	0.0	0.0	0.0	0.0	0.0	1.0	0.0	0.0	0.0	0.0	
68	75	2196.628450175	2292.45	2292.45	1.49063	0.51127	0	0	0	0	73	0	0	0	0	0.0	0.0	0.0	0.0	0.108353	0.0	0.0	0.0	0.0	0.0	0.0	0.0	0.0	2098.75	0.0	0.0	0.0	0.0	0.0	0.0	0.0	0.0	28.75	0.0	0.0	0.0	0.0	0	0	0	0	22	0	0	0	0	0	0	0	0	0	0	0	0	0	0	0	0	0	51	0	0	0	0	0	0	0	0	0	0	0	0	0	0	0	0	0	0	0	0	0	0	0	0	0	0	0	0	0	0	0	0.0	0.0	0.0	0.0	0.000131	0.0	0.0	0.0	0.0	0.0	0.0	0.0	0.0	1.0	0.0	0.0	0.0	0.0	
69	76	2208.185157643	2292.45	2292.45	1.46559	0.505444	0	0	0	0	74	0	0	0	0	0.0	0.0	0.0	0.0	0.097518	0.0	0.0	0.0	0.0	0.0	0.0	0.0	0.0	2110.31	0.0	0.0	0.0	0.0	0.0	0.0	0.0	0.0	28.5176	0.0	0.0	0.0	0.0	0	0	0	0	22	0	0	0	0	0	0	0	0	0	0	0	0	0	0	0	0	0	52	0	0	0	0	0	0	0	0	0	0	0	0	0	0	0	0	0	0	0	0	0	0	0	0	0	0	0	0	0	0	0	0.0	0.0	0.0	0.0	0.00012	0.0	0.0	0.0	0.0	0.0	0.0	0.0	0.0	1.0	0.0	0.0	0.0	0.0	
70	79	2225.283275538	2292.45	2292.45	1.43119	0.497221	0	0	0	0	77	0	0	0	0	0.0	0.0	0.0	0.0	0.07109	0.0	0.0	0.0	0.0	0.0	0.0	0.0	0.0	2127.4	0.0	0.0	0.0	0.0	0.0	0.0	0.0	0.0	27.6286	0.0	0.0	0.0	0.0	0	0	0	0	22	0	0	0	0	0	0	0	0	0	0	0	0	0	0	0	0	0	55	0	0	0	0	0	0	0	0	0	0	0	0	0	0	0	0	0	0	0	0	0	0	0	0	0	0	0	0	0	0	0	0.0	0.0	0.0	0.0	9.3e-5	0.0	0.0	0.0	0.0	0.0	0.0	0.0	0.0	1.0	0.0	0.0	0.0	0.0	
71	80	2235.653075291	2292.45	2292.45	1.38704	0.486285	0	0	0	0	78	0	0	0	0	0.0	0.0	0.0	0.0	0.063981	0.0	0.0	0.0	0.0	0.0	0.0	0.0	0.0	2137.77	0.0	0.0	0.0	0.0	0.0	0.0	0.0	0.0	27.4073	0.0	0.0	0.0	0.0	0	0	0	0	22	0	0	0	0	0	0	0	0	0	0	0	0	0	0	0	0	0	56	0	0	0	0	0	0	0	0	0	0	0	0	0	0	0	0	0	0	0	0	0	0	0	0	0	0	0	0	0	0	0	0.0	0.0	0.0	0.0	8.5e-5	0.0	0.0	0.0	0.0	0.0	0.0	0.0	0.0	1.0	0.0	0.0	0.0	0.0	
72	81	2291.041649983	2292.45	2292.45	1.35966	0.479277	0	0	0	0	79	0	0	0	0	0.0	0.0	0.0	0.0	0.057583	0.0	0.0	0.0	0.0	0.0	0.0	0.0	0.0	2193.16	0.0	0.0	0.0	0.0	0.0	0.0	0.0	0.0	27.7615	0.0	0.0	0.0	0.0	0	0	0	0	22	0	0	0	0	0	0	0	0	0	0	0	0	0	0	0	0	0	57	0	0	0	0	0	0	0	0	0	0	0	0	0	0	0	0	0	0	0	0	0	0	0	0	0	0	0	0	0	0	0	0.0	0.0	0.0	0.0	7.5e-5	0.0	0.0	0.0	0.0	0.0	0.0	0.0	0.0	1.0	0.0	0.0	0.0	0.0	
73	82	2295.181809121	2292.45	2292.45	1.22232	0.441263	0	0	0	0	80	0	0	0	0	0.0	0.0	0.0	0.0	0.051825	0.0	0.0	0.0	0.0	0.0	0.0	0.0	0.0	2197.3	0.0	0.0	0.0	0.0	0.0	0.0	0.0	0.0	27.4663	0.0	0.0	0.0	0.0	0	0	0	0	22	0	0	0	0	0	0	0	0	0	0	0	0	0	0	0	0	0	58	0	0	0	0	0	0	0	0	0	0	0	0	0	0	0	0	0	0	0	0	0	0	0	0	0	0	0	0	0	0	0	0.0	0.0	0.0	0.0	6.9e-5	0.0	0.0	0.0	0.0	0.0	0.0	0.0	0.0	1.0	0.0	0.0	0.0	0.0	
74	83	2310.251641884	2292.45	2292.45	1.21263	0.438388	0	0	0	0	81	0	0	0	0	0.0	0.0	0.0	0.0	0.046642	0.0	0.0	0.0	0.0	0.0	0.0	0.0	0.0	2212.37	0.0	0.0	0.0	0.0	0.0	0.0	0.0	0.0	27.3132	0.0	0.0	0.0	0.0	0	0	0	0	22	0	0	0	0	0	0	0	0	0	0	0	0	0	0	0	0	0	59	0	0	0	0	0	0	0	0	0	0	0	0	0	0	0	0	0	0	0	0	0	0	0	0	0	0	0	0	0	0	0	0.0	0.0	0.0	0.0	6.3e-5	0.0	0.0	0.0	0.0	0.0	0.0	0.0	0.0	1.0	0.0	0.0	0.0	0.0	
75	84	2416.761352049	2292.45	2292.45	1.17801	0.427889	0	0	0	0	82	0	0	0	0	0.0	0.0	0.0	0.0	0.041978	0.0	0.0	0.0	0.0	0.0	0.0	0.0	0.0	2318.88	0.0	0.0	0.0	0.0	0.0	0.0	0.0	0.0	28.279	0.0	0.0	0.0	0.0	0	0	0	0	22	0	0	0	0	0	0	0	0	0	0	0	0	0	0	0	0	0	60	0	0	0	0	0	0	0	0	0	0	0	0	0	0	0	0	0	0	0	0	0	0	0	0	0	0	0	0	0	0	0	0.0	0.0	0.0	0.0	5.2e-5	0.0	0.0	0.0	0.0	0.0	0.0	0.0	0.0	1.0	0.0	0.0	0.0	0.0	
76	85	2431.324259808	2292.45	2292.45	0.95989	0.352824	0	0	0	0	83	0	0	0	0	0.0	0.0	0.0	0.0	0.03778	0.0	0.0	0.0	0.0	0.0	0.0	0.0	0.0	2333.44	0.0	0.0	0.0	0.0	0.0	0.0	0.0	0.0	28.1138	0.0	0.0	0.0	0.0	0	0	0	0	22	0	0	0	0	0	0	0	0	0	0	0	0	0	0	0	0	0	61	0	0	0	0	0	0	0	0	0	0	0	0	0	0	0	0	0	0	0	0	0	0	0	0	0	0	0	0	0	0	0	0.0	0.0	0.0	0.0	4.8e-5	0.0	0.0	0.0	0.0	0.0	0.0	0.0	0.0	1.0	0.0	0.0	0.0	0.0	
77	87	2437.9948036	2292.45	2292.45	0.932615	0.342236	0	0	0	0	85	0	0	0	0	0.0	0.0	0.0	0.0	0.030602	0.0	0.0	0.0	0.0	0.0	0.0	0.0	0.0	2340.11	0.0	0.0	0.0	0.0	0.0	0.0	0.0	0.0	27.5308	0.0	0.0	0.0	0.0	0	0	0	0	22	0	0	0	0	0	0	0	0	0	0	0	0	0	0	0	0	0	63	0	0	0	0	0	0	0	0	0	0	0	0	0	0	0	0	0	0	0	0	0	0	0	0	0	0	0	0	0	0	0	0.0	0.0	0.0	0.0	4.0e-5	0.0	0.0	0.0	0.0	0.0	0.0	0.0	0.0	1.0	0.0	0.0	0.0	0.0	
78	88	2456.829963054	2292.45	2292.45	0.921496	0.337837	0	0	0	0	86	0	0	0	0	0.0	0.0	0.0	0.0	0.027542	0.0	0.0	0.0	0.0	0.0	0.0	0.0	0.0	2358.95	0.0	0.0	0.0	0.0	0.0	0.0	0.0	0.0	27.4297	0.0	0.0	0.0	0.0	0	0	0	0	22	0	0	0	0	0	0	0	0	0	0	0	0	0	0	0	0	0	64	0	0	0	0	0	0	0	0	0	0	0	0	0	0	0	0	0	0	0	0	0	0	0	0	0	0	0	0	0	0	0	0.0	0.0	0.0	0.0	3.7e-5	0.0	0.0	0.0	0.0	0.0	0.0	0.0	0.0	1.0	0.0	0.0	0.0	0.0	
79	89	2472.79987868	2291.95	2291.95	0.888726	0.324585	0	0	0	0	87	0	0	0	0	0.0	0.0	0.0	0.0	0.124788	0.0	0.0	0.0	0.0	0.0	0.0	0.0	0.0	2374.92	0.0	0.0	0.0	0.0	0.0	0.0	0.0	0.0	27.2979	0.0	0.0	0.0	0.0	0	0	0	0	23	0	0	0	0	0	0	0	0	0	0	0	0	0	0	0	0	0	64	0	0	0	0	0	0	0	0	0	0	0	0	0	0	0	0	0	0	0	0	0	0	0	0	0	0	0	0	0	0	0	0.0	0.0	0.0	0.0	0.000167	0.0	0.0	0.0	0.0	0.0	0.0	0.0	0.0	1.0	0.0	0.0	0.0	0.0	
80	90	2479.071366526	2291.95	2291.95	0.861855	0.313396	0	0	0	0	88	0	0	0	0	0.0	0.0	0.0	0.0	0.112309	0.0	0.0	0.0	0.0	0.0	0.0	0.0	0.0	2381.19	0.0	0.0	0.0	0.0	0.0	0.0	0.0	0.0	27.059	0.0	0.0	0.0	0.0	0	0	0	0	23	0	0	0	0	0	0	0	0	0	0	0	0	0	0	0	0	0	65	0	0	0	0	0	0	0	0	0	0	0	0	0	0	0	0	0	0	0	0	0	0	0	0	0	0	0	0	0	0	0	0.0	0.0	0.0	0.0	0.000153	0.0	0.0	0.0	0.0	0.0	0.0	0.0	0.0	1.0	0.0	0.0	0.0	0.0	
81	91	2495.980027395	2291.95	2291.95	0.851527	0.309016	0	0	0	0	89	0	0	0	0	0.0	0.0	0.0	0.0	0.101078	0.0	0.0	0.0	0.0	0.0	0.0	0.0	0.0	2398.1	0.0	0.0	0.0	0.0	0.0	0.0	0.0	0.0	26.9449	0.0	0.0	0.0	0.0	0	0	0	0	23	0	0	0	0	0	0	0	0	0	0	0	0	0	0	0	0	0	66	0	0	0	0	0	0	0	0	0	0	0	0	0	0	0	0	0	0	0	0	0	0	0	0	0	0	0	0	0	0	0	0.0	0.0	0.0	0.0	0.000139	0.0	0.0	0.0	0.0	0.0	0.0	0.0	0.0	1.0	0.0	0.0	0.0	0.0	
82	94	2497.274568377	2291.95	2291.95	0.82291	0.296651	0	0	0	0	92	0	0	0	0	0.0	0.0	0.0	0.0	0.073686	0.0	0.0	0.0	0.0	0.0	0.0	0.0	0.0	2399.39	0.0	0.0	0.0	0.0	0.0	0.0	0.0	0.0	26.0804	0.0	0.0	0.0	0.0	0	0	0	0	23	0	0	0	0	0	0	0	0	0	0	0	0	0	0	0	0	0	69	0	0	0	0	0	0	0	0	0	0	0	0	0	0	0	0	0	0	0	0	0	0	0	0	0	0	0	0	0	0	0	0.0	0.0	0.0	0.0	0.000108	0.0	0.0	0.0	0.0	0.0	0.0	0.0	0.0	1.0	0.0	0.0	0.0	0.0	
83	95	2517.905020897	2291.95	2291.95	0.822243	0.296359	0	0	0	0	93	0	0	0	0	0.0	0.0	0.0	0.0	0.066317	0.0	0.0	0.0	0.0	0.0	0.0	0.0	0.0	2420.02	0.0	0.0	0.0	0.0	0.0	0.0	0.0	0.0	26.0218	0.0	0.0	0.0	0.0	0	0	0	0	23	0	0	0	0	0	0	0	0	0	0	0	0	0	0	0	0	0	70	0	0	0	0	0	0	0	0	0	0	0	0	0	0	0	0	0	0	0	0	0	0	0	0	0	0	0	0	0	0	0	0.0	0.0	0.0	0.0	9.8e-5	0.0	0.0	0.0	0.0	0.0	0.0	0.0	0.0	1.0	0.0	0.0	0.0	0.0	
84	96	2577.740060304	2291.95	2291.95	0.79027	0.282129	0	0	0	0	94	0	0	0	0	0.0	0.0	0.0	0.0	0.059686	0.0	0.0	0.0	0.0	0.0	0.0	0.0	0.0	2479.86	0.0	0.0	0.0	0.0	0.0	0.0	0.0	0.0	26.3815	0.0	0.0	0.0	0.0	0	0	0	0	23	0	0	0	0	0	0	0	0	0	0	0	0	0	0	0	0	0	71	0	0	0	0	0	0	0	0	0	0	0	0	0	0	0	0	0	0	0	0	0	0	0	0	0	0	0	0	0	0	0	0.0	0.0	0.0	0.0	8.6e-5	0.0	0.0	0.0	0.0	0.0	0.0	0.0	0.0	1.0	0.0	0.0	0.0	0.0	
85	97	2709.108297116	2290.45	2290.45	0.704399	0.241799	0	0	0	0	95	0	0	0	0	0.0	0.0	0.0	0.0	0.153717	0.0	0.0	0.0	0.0	0.0	0.0	0.0	0.0	2611.23	0.0	0.0	0.0	0.0	0.0	0.0	0.0	0.0	27.4866	0.0	0.0	0.0	0.0	0	0	0	0	24	0	0	0	0	0	0	0	0	0	0	0	0	0	0	0	0	0	71	0	0	0	0	0	0	0	0	0	0	0	0	0	0	0	0	0	0	0	0	0	0	0	0	0	0	0	0	0	0	0	0.0	0.0	0.0	0.0	0.000203	0.0	0.0	0.0	0.0	0.0	0.0	0.0	0.0	1.0	0.0	0.0	0.0	0.0	
86	99	2718.719670722	2290.45	2290.45	0.546704	0.160551	0	0	0	0	97	0	0	0	0	0.0	0.0	0.0	0.0	0.124511	0.0	0.0	0.0	0.0	0.0	0.0	0.0	0.0	2620.84	0.0	0.0	0.0	0.0	0.0	0.0	0.0	0.0	27.019	0.0	0.0	0.0	0.0	0	0	0	0	24	0	0	0	0	0	0	0	0	0	0	0	0	0	0	0	0	0	73	0	0	0	0	0	0	0	0	0	0	0	0	0	0	0	0	0	0	0	0	0	0	0	0	0	0	0	0	0	0	0	0.0	0.0	0.0	0.0	0.000171	0.0	0.0	0.0	0.0	0.0	0.0	0.0	0.0	1.0	0.0	0.0	0.0	0.0	
87	100	2734.42766049	2290.45	2290.45	0.537172	0.155424	0	0	0	0	98	0	0	0	0	0.0	0.0	0.0	0.0	0.11206	0.0	0.0	0.0	0.0	0.0	0.0	0.0	0.0	2636.55	0.0	0.0	0.0	0.0	0.0	0.0	0.0	0.0	26.9035	0.0	0.0	0.0	0.0	0	0	0	0	24	0	0	0	0	0	0	0	0	0	0	0	0	0	0	0	0	0	74	0	0	0	0	0	0	0	0	0	0	0	0	0	0	0	0	0	0	0	0	0	0	0	0	0	0	0	0	0	0	0	0.0	0.0	0.0	0.0	0.000155	0.0	0.0	0.0	0.0	0.0	0.0	0.0	0.0	1.0	0.0	0.0	0.0	0.0	
88	101	2745.316179531	2290.45	2290.45	0.521193	0.146801	0	0	0	0	99	0	0	0	0	0.0	0.0	0.0	0.0	0.100854	0.0	0.0	0.0	0.0	0.0	0.0	0.0	0.0	2647.44	0.0	0.0	0.0	0.0	0.0	0.0	0.0	0.0	26.7418	0.0	0.0	0.0	0.0	0	0	0	0	24	0	0	0	0	0	0	0	0	0	0	0	0	0	0	0	0	0	75	0	0	0	0	0	0	0	0	0	0	0	0	0	0	0	0	0	0	0	0	0	0	0	0	0	0	0	0	0	0	0	0.0	0.0	0.0	0.0	0.000141	0.0	0.0	0.0	0.0	0.0	0.0	0.0	0.0	1.0	0.0	0.0	0.0	0.0	
89	102	2761.445123467	2290.45	2290.45	0.510397	0.140963	0	0	0	0	100	0	0	0	0	0.0	0.0	0.0	0.0	0.090768	0.0	0.0	0.0	0.0	0.0	0.0	0.0	0.0	2663.56	0.0	0.0	0.0	0.0	0.0	0.0	0.0	0.0	26.6356	0.0	0.0	0.0	0.0	0	0	0	0	24	0	0	0	0	0	0	0	0	0	0	0	0	0	0	0	0	0	76	0	0	0	0	0	0	0	0	0	0	0	0	0	0	0	0	0	0	0	0	0	0	0	0	0	0	0	0	0	0	0	0.0	0.0	0.0	0.0	0.000128	0.0	0.0	0.0	0.0	0.0	0.0	0.0	0.0	1.0	0.0	0.0	0.0	0.0	
90	104	2843.25653421	2290.45	2290.45	0.494412	0.13231	0	0	0	0	102	0	0	0	0	0.0	0.0	0.0	0.0	0.073522	0.0	0.0	0.0	0.0	0.0	0.0	0.0	0.0	2745.38	0.0	0.0	0.0	0.0	0.0	0.0	0.0	0.0	26.9155	0.0	0.0	0.0	0.0	0	0	0	0	24	0	0	0	0	0	0	0	0	0	0	0	0	0	0	0	0	0	78	0	0	0	0	0	0	0	0	0	0	0	0	0	0	0	0	0	0	0	0	0	0	0	0	0	0	0	0	0	0	0	0.0	0.0	0.0	0.0	0.000101	0.0	0.0	0.0	0.0	0.0	0.0	0.0	0.0	1.0	0.0	0.0	0.0	0.0	
91	105	2853.635418498	2287.95	2287.95	0.422801	0.093933	0	0	0	0	103	0	0	0	0	0.0	0.0	0.0	0.0	0.16617	0.0	0.0	0.0	0.0	0.0	0.0	0.0	0.0	2755.76	0.0	0.0	0.0	0.0	0.0	0.0	0.0	0.0	26.7549	0.0	0.0	0.0	0.0	0	0	0	0	25	0	0	0	0	0	0	0	0	0	0	0	0	0	0	0	0	0	78	0	0	0	0	0	0	0	0	0	0	0	0	0	0	0	0	0	0	0	0	0	0	0	0	0	0	0	0	0	0	0	0.0	0.0	0.0	0.0	0.000232	0.0	0.0	0.0	0.0	0.0	0.0	0.0	0.0	1.0	0.0	0.0	0.0	0.0	
92	107	2862.036234854	2287.95	2287.95	0.414121	0.08939	0	0	0	0	105	0	0	0	0	0.0	0.0	0.0	0.0	0.134598	0.0	0.0	0.0	0.0	0.0	0.0	0.0	0.0	2764.16	0.0	0.0	0.0	0.0	0.0	0.0	0.0	0.0	26.3253	0.0	0.0	0.0	0.0	0	0	0	0	25	0	0	0	0	0	0	0	0	0	0	0	0	0	0	0	0	0	80	0	0	0	0	0	0	0	0	0	0	0	0	0	0	0	0	0	0	0	0	0	0	0	0	0	0	0	0	0	0	0	0.0	0.0	0.0	0.0	0.000194	0.0	0.0	0.0	0.0	0.0	0.0	0.0	0.0	1.0	0.0	0.0	0.0	0.0	
93	108	2867.644424346	2287.95	2287.95	0.407809	0.08611	0	0	0	0	106	0	0	0	0	0.0	0.0	0.0	0.0	0.121138	0.0	0.0	0.0	0.0	0.0	0.0	0.0	0.0	2769.76	0.0	0.0	0.0	0.0	0.0	0.0	0.0	0.0	26.1298	0.0	0.0	0.0	0.0	0	0	0	0	25	0	0	0	0	0	0	0	0	0	0	0	0	0	0	0	0	0	81	0	0	0	0	0	0	0	0	0	0	0	0	0	0	0	0	0	0	0	0	0	0	0	0	0	0	0	0	0	0	0	0.0	0.0	0.0	0.0	0.000177	0.0	0.0	0.0	0.0	0.0	0.0	0.0	0.0	1.0	0.0	0.0	0.0	0.0	
94	110	2875.462939043	2287.95	2287.95	0.403108	0.083683	0	0	0	0	108	0	0	0	0	0.0	0.0	0.0	0.0	0.098122	0.0	0.0	0.0	0.0	0.0	0.0	0.0	0.0	2777.58	0.0	0.0	0.0	0.0	0.0	0.0	0.0	0.0	25.7184	0.0	0.0	0.0	0.0	0	0	0	0	25	0	0	0	0	0	0	0	0	0	0	0	0	0	0	0	0	0	83	0	0	0	0	0	0	0	0	0	0	0	0	0	0	0	0	0	0	0	0	0	0	0	0	0	0	0	0	0	0	0	0.0	0.0	0.0	0.0	0.000148	0.0	0.0	0.0	0.0	0.0	0.0	0.0	0.0	1.0	0.0	0.0	0.0	0.0	
95	111	2896.661305015	2287.95	2287.95	0.397417	0.080762	0	0	0	0	109	0	0	0	0	0.0	0.0	0.0	0.0	0.08831	0.0	0.0	0.0	0.0	0.0	0.0	0.0	0.0	2798.78	0.0	0.0	0.0	0.0	0.0	0.0	0.0	0.0	25.6769	0.0	0.0	0.0	0.0	0	0	0	0	25	0	0	0	0	0	0	0	0	0	0	0	0	0	0	0	0	0	84	0	0	0	0	0	0	0	0	0	0	0	0	0	0	0	0	0	0	0	0	0	0	0	0	0	0	0	0	0	0	0	0.0	0.0	0.0	0.0	0.000134	0.0	0.0	0.0	0.0	0.0	0.0	0.0	0.0	1.0	0.0	0.0	0.0	0.0	
96	113	2902.440100178	2287.95	2287.95	0.381232	0.072579	0	0	0	0	111	0	0	0	0	0.0	0.0	0.0	0.0	0.071531	0.0	0.0	0.0	0.0	0.0	0.0	0.0	0.0	2804.56	0.0	0.0	0.0	0.0	0.0	0.0	0.0	0.0	25.2663	0.0	0.0	0.0	0.0	0	0	0	0	25	0	0	0	0	0	0	0	0	0	0	0	0	0	0	0	0	0	86	0	0	0	0	0	0	0	0	0	0	0	0	0	0	0	0	0	0	0	0	0	0	0	0	0	0	0	0	0	0	0	0.0	0.0	0.0	0.0	0.000112	0.0	0.0	0.0	0.0	0.0	0.0	0.0	0.0	1.0	0.0	0.0	0.0	0.0	
97	114	2953.076458486	2287.95	2287.95	0.377332	0.070638	0	0	0	0	112	0	0	0	0	0.0	0.0	0.0	0.0	0.064378	0.0	0.0	0.0	0.0	0.0	0.0	0.0	0.0	2855.2	0.0	0.0	0.0	0.0	0.0	0.0	0.0	0.0	25.4928	0.0	0.0	0.0	0.0	0	0	0	0	25	0	0	0	0	0	0	0	0	0	0	0	0	0	0	0	0	0	87	0	0	0	0	0	0	0	0	0	0	0	0	0	0	0	0	0	0	0	0	0	0	0	0	0	0	0	0	0	0	0	0.0	0.0	0.0	0.0	9.9e-5	0.0	0.0	0.0	0.0	0.0	0.0	0.0	0.0	1.0	0.0	0.0	0.0	0.0	
98	115	2982.257817246	2287.95	2287.95	0.342331	0.053872	0	0	0	0	113	0	0	0	0	0.0	0.0	0.0	0.0	0.05794	0.0	0.0	0.0	0.0	0.0	0.0	0.0	0.0	2884.38	0.0	0.0	0.0	0.0	0.0	0.0	0.0	0.0	25.5255	0.0	0.0	0.0	0.0	0	0	0	0	25	0	0	0	0	0	0	0	0	0	0	0	0	0	0	0	0	0	88	0	0	0	0	0	0	0	0	0	0	0	0	0	0	0	0	0	0	0	0	0	0	0	0	0	0	0	0	0	0	0	0.0	0.0	0.0	0.0	8.9e-5	0.0	0.0	0.0	0.0	0.0	0.0	0.0	0.0	1.0	0.0	0.0	0.0	0.0	
99	116	2998.422741224	2287.95	2287.95	0.323655	0.045515	0	0	0	0	114	0	0	0	0	0.0	0.0	0.0	0.0	0.052146	0.0	0.0	0.0	0.0	0.0	0.0	0.0	0.0	2900.54	0.0	0.0	0.0	0.0	0.0	0.0	0.0	0.0	25.4434	0.0	0.0	0.0	0.0	0	0	0	0	25	0	0	0	0	0	0	0	0	0	0	0	0	0	0	0	0	0	89	0	0	0	0	0	0	0	0	0	0	0	0	0	0	0	0	0	0	0	0	0	0	0	0	0	0	0	0	0	0	0	0.0	0.0	0.0	0.0	8.1e-5	0.0	0.0	0.0	0.0	0.0	0.0	0.0	0.0	1.0	0.0	0.0	0.0	0.0	
100	117	3010.062773421	2287.95	2287.95	0.313752	0.041286	0	0	0	0	115	0	0	0	0	0.0	0.0	0.0	0.0	0.046931	0.0	0.0	0.0	0.0	0.0	0.0	0.0	0.0	2912.18	0.0	0.0	0.0	0.0	0.0	0.0	0.0	0.0	25.3233	0.0	0.0	0.0	0.0	0	0	0	0	25	0	0	0	0	0	0	0	0	0	0	0	0	0	0	0	0	0	90	0	0	0	0	0	0	0	0	0	0	0	0	0	0	0	0	0	0	0	0	0	0	0	0	0	0	0	0	0	0	0	0.0	0.0	0.0	0.0	7.3e-5	0.0	0.0	0.0	0.0	0.0	0.0	0.0	0.0	1.0	0.0	0.0	0.0	0.0	
101	118	3020.598818523	2287.95	2287.95	0.306809	0.038413	0	0	0	0	116	0	0	0	0	0.0	0.0	0.0	0.0	0.042238	0.0	0.0	0.0	0.0	0.0	0.0	0.0	0.0	2922.72	0.0	0.0	0.0	0.0	0.0	0.0	0.0	0.0	25.1958	0.0	0.0	0.0	0.0	0	0	0	0	25	0	0	0	0	0	0	0	0	0	0	0	0	0	0	0	0	0	91	0	0	0	0	0	0	0	0	0	0	0	0	0	0	0	0	0	0	0	0	0	0	0	0	0	0	0	0	0	0	0	0.0	0.0	0.0	0.0	6.7e-5	0.0	0.0	0.0	0.0	0.0	0.0	0.0	0.0	1.0	0.0	0.0	0.0	0.0	
102	119	3045.892473123	2287.95	2287.95	0.300657	0.035935	0	0	0	0	117	0	0	0	0	0.0	0.0	0.0	0.0	0.038014	0.0	0.0	0.0	0.0	0.0	0.0	0.0	0.0	2948.01	0.0	0.0	0.0	0.0	0.0	0.0	0.0	0.0	25.1967	0.0	0.0	0.0	0.0	0	0	0	0	25	0	0	0	0	0	0	0	0	0	0	0	0	0	0	0	0	0	92	0	0	0	0	0	0	0	0	0	0	0	0	0	0	0	0	0	0	0	0	0	0	0	0	0	0	0	0	0	0	0	0.0	0.0	0.0	0.0	6.0e-5	0.0	0.0	0.0	0.0	0.0	0.0	0.0	0.0	1.0	0.0	0.0	0.0	0.0	
103	120	3053.754646428	2287.95	2287.95	0.286387	0.030447	0	0	0	0	118	0	0	0	0	0.0	0.0	0.0	0.0	0.034213	0.0	0.0	0.0	0.0	0.0	0.0	0.0	0.0	2955.87	0.0	0.0	0.0	0.0	0.0	0.0	0.0	0.0	25.0498	0.0	0.0	0.0	0.0	0	0	0	0	25	0	0	0	0	0	0	0	0	0	0	0	0	0	0	0	0	0	93	0	0	0	0	0	0	0	0	0	0	0	0	0	0	0	0	0	0	0	0	0	0	0	0	0	0	0	0	0	0	0	0.0	0.0	0.0	0.0	5.5e-5	0.0	0.0	0.0	0.0	0.0	0.0	0.0	0.0	1.0	0.0	0.0	0.0	0.0	
104	121	3175.514749897	2287.95	2287.95	0.282091	0.02887	0	0	0	0	119	0	0	0	0	0.0	0.0	0.0	0.0	0.030792	0.0	0.0	0.0	0.0	0.0	0.0	0.0	0.0	3077.63	0.0	0.0	0.0	0.0	0.0	0.0	0.0	0.0	25.8625	0.0	0.0	0.0	0.0	0	0	0	0	25	0	0	0	0	0	0	0	0	0	0	0	0	0	0	0	0	0	94	0	0	0	0	0	0	0	0	0	0	0	0	0	0	0	0	0	0	0	0	0	0	0	0	0	0	0	0	0	0	0	0.0	0.0	0.0	0.0	4.6e-5	0.0	0.0	0.0	0.0	0.0	0.0	0.0	0.0	1.0	0.0	0.0	0.0	0.0	
105	122	3299.370203541	2287.95	2287.95	0.223219	0.011334	0	0	0	0	120	0	0	0	0	0.0	0.0	0.0	0.0	0.027712	0.0	0.0	0.0	0.0	0.0	0.0	0.0	0.0	3201.49	0.0	0.0	0.0	0.0	0.0	0.0	0.0	0.0	26.6791	0.0	0.0	0.0	0.0	0	0	0	0	25	0	0	0	0	0	0	0	0	0	0	0	0	0	0	0	0	0	95	0	0	0	0	0	0	0	0	0	0	0	0	0	0	0	0	0	0	0	0	0	0	0	0	0	0	0	0	0	0	0	0.0	0.0	0.0	0.0	3.9e-5	0.0	0.0	0.0	0.0	0.0	0.0	0.0	0.0	1.0	0.0	0.0	0.0	0.0	
106	123	3310.046146399	2287.95	2287.95	0.175923	0.003399	0	0	0	0	121	0	0	0	0	0.0	0.0	0.0	0.0	0.024941	0.0	0.0	0.0	0.0	0.0	0.0	0.0	0.0	3212.17	0.0	0.0	0.0	0.0	0.0	0.0	0.0	0.0	26.5468	0.0	0.0	0.0	0.0	0	0	0	0	25	0	0	0	0	0	0	0	0	0	0	0	0	0	0	0	0	0	96	0	0	0	0	0	0	0	0	0	0	0	0	0	0	0	0	0	0	0	0	0	0	0	0	0	0	0	0	0	0	0	0.0	0.0	0.0	0.0	3.5e-5	0.0	0.0	0.0	0.0	0.0	0.0	0.0	0.0	1.0	0.0	0.0	0.0	0.0	
107	124	3321.990655811	2287.95	2287.95	0.172349	0.003021	0	0	0	0	122	0	0	0	0	0.0	0.0	0.0	0.0	0.022447	0.0	0.0	0.0	0.0	0.0	0.0	0.0	0.0	3224.11	0.0	0.0	0.0	0.0	0.0	0.0	0.0	0.0	26.4271	0.0	0.0	0.0	0.0	0	0	0	0	25	0	0	0	0	0	0	0	0	0	0	0	0	0	0	0	0	0	97	0	0	0	0	0	0	0	0	0	0	0	0	0	0	0	0	0	0	0	0	0	0	0	0	0	0	0	0	0	0	0	0.0	0.0	0.0	0.0	3.2e-5	0.0	0.0	0.0	0.0	0.0	0.0	0.0	0.0	1.0	0.0	0.0	0.0	0.0	
108	125	3326.10128059	2287.95	2287.95	0.168437	0.00264	0	0	0	0	123	0	0	0	0	0.0	0.0	0.0	0.0	0.020202	0.0	0.0	0.0	0.0	0.0	0.0	0.0	0.0	3228.22	0.0	0.0	0.0	0.0	0.0	0.0	0.0	0.0	26.2457	0.0	0.0	0.0	0.0	0	0	0	0	25	0	0	0	0	0	0	0	0	0	0	0	0	0	0	0	0	0	98	0	0	0	0	0	0	0	0	0	0	0	0	0	0	0	0	0	0	0	0	0	0	0	0	0	0	0	0	0	0	0	0.0	0.0	0.0	0.0	2.9e-5	0.0	0.0	0.0	0.0	0.0	0.0	0.0	0.0	1.0	0.0	0.0	0.0	0.0	
109	126	3334.757728576	2287.95	2287.95	0.167111	0.002519	0	0	0	0	124	0	0	0	0	0.0	0.0	0.0	0.0	0.018182	0.0	0.0	0.0	0.0	0.0	0.0	0.0	0.0	3236.88	0.0	0.0	0.0	0.0	0.0	0.0	0.0	0.0	26.1038	0.0	0.0	0.0	0.0	0	0	0	0	25	0	0	0	0	0	0	0	0	0	0	0	0	0	0	0	0	0	99	0	0	0	0	0	0	0	0	0	0	0	0	0	0	0	0	0	0	0	0	0	0	0	0	0	0	0	0	0	0	0	0.0	0.0	0.0	0.0	2.7e-5	0.0	0.0	0.0	0.0	0.0	0.0	0.0	0.0	1.0	0.0	0.0	0.0	0.0	
110	127	3340.953521167	2287.95	2287.95	0.164353	0.002278	0	0	0	0	125	0	0	0	0	0.0	0.0	0.0	0.0	0.016364	0.0	0.0	0.0	0.0	0.0	0.0	0.0	0.0	3243.07	0.0	0.0	0.0	0.0	0.0	0.0	0.0	0.0	25.9446	0.0	0.0	0.0	0.0	0	0	0	0	25	0	0	0	0	0	0	0	0	0	0	0	0	0	0	0	0	0	100	0	0	0	0	0	0	0	0	0	0	0	0	0	0	0	0	0	0	0	0	0	0	0	0	0	0	0	0	0	0	0	0.0	0.0	0.0	0.0	2.4e-5	0.0	0.0	0.0	0.0	0.0	0.0	0.0	0.0	1.0	0.0	0.0	0.0	0.0	
111	128	3393.178483378	2287.95	2287.95	0.162407	0.002118	0	0	0	0	126	0	0	0	0	0.0	0.0	0.0	0.0	0.014728	0.0	0.0	0.0	0.0	0.0	0.0	0.0	0.0	3295.3	0.0	0.0	0.0	0.0	0.0	0.0	0.0	0.0	26.1532	0.0	0.0	0.0	0.0	0	0	0	0	25	0	0	0	0	0	0	0	0	0	0	0	0	0	0	0	0	0	101	0	0	0	0	0	0	0	0	0	0	0	0	0	0	0	0	0	0	0	0	0	0	0	0	0	0	0	0	0	0	0	0.0	0.0	0.0	0.0	2.2e-5	0.0	0.0	0.0	0.0	0.0	0.0	0.0	0.0	1.0	0.0	0.0	0.0	0.0	
112	129	3573.212930435	2286.95	2286.95	0.146893	0.001105	0	0	0	0	127	0	0	0	0	0.0	0.0	0.0	0.0	0.113255	0.0	0.0	0.0	0.0	0.0	0.0	0.0	0.0	3475.33	0.0	0.0	0.0	0.0	0.0	0.0	0.0	0.0	27.3648	0.0	0.0	0.0	0.0	0	0	0	0	26	0	0	0	0	0	0	0	0	0	0	0	0	0	0	0	0	0	101	0	0	0	0	0	0	0	0	0	0	0	0	0	0	0	0	0	0	0	0	0	0	0	0	0	0	0	0	0	0	0	0.0	0.0	0.0	0.0	0.000151	0.0	0.0	0.0	0.0	0.0	0.0	0.0	0.0	1.0	0.0	0.0	0.0	0.0	
113	131	3636.215301398	2286.95	2286.95	0.103829	6.6e-5	0	0	0	0	129	0	0	0	0	0.0	0.0	0.0	0.0	0.091736	0.0	0.0	0.0	0.0	0.0	0.0	0.0	0.0	3538.33	0.0	0.0	0.0	0.0	0.0	0.0	0.0	0.0	27.4289	0.0	0.0	0.0	0.0	0	0	0	0	26	0	0	0	0	0	0	0	0	0	0	0	0	0	0	0	0	0	103	0	0	0	0	0	0	0	0	0	0	0	0	0	0	0	0	0	0	0	0	0	0	0	0	0	0	0	0	0	0	0	0.0	0.0	0.0	0.0	0.000122	0.0	0.0	0.0	0.0	0.0	0.0	0.0	0.0	1.0	0.0	0.0	0.0	0.0	
114	132	3653.36841238	2286.95	2286.95	0.092063	1.9e-5	0	0	0	0	130	0	0	0	0	0.0	0.0	0.0	0.0	0.082563	0.0	0.0	0.0	0.0	0.0	0.0	0.0	0.0	3555.49	0.0	0.0	0.0	0.0	0.0	0.0	0.0	0.0	27.3499	0.0	0.0	0.0	0.0	0	0	0	0	26	0	0	0	0	0	0	0	0	0	0	0	0	0	0	0	0	0	104	0	0	0	0	0	0	0	0	0	0	0	0	0	0	0	0	0	0	0	0	0	0	0	0	0	0	0	0	0	0	0	0.0	0.0	0.0	0.0	0.00011	0.0	0.0	0.0	0.0	0.0	0.0	0.0	0.0	1.0	0.0	0.0	0.0	0.0	
115	133	3755.012530245	2286.95	2286.95	0.089077	1.3e-5	0	0	0	0	131	0	0	0	0	0.0	0.0	0.0	0.0	0.074306	0.0	0.0	0.0	0.0	0.0	0.0	0.0	0.0	3657.13	0.0	0.0	0.0	0.0	0.0	0.0	0.0	0.0	27.917	0.0	0.0	0.0	0.0	0	0	0	0	26	0	0	0	0	0	0	0	0	0	0	0	0	0	0	0	0	0	105	0	0	0	0	0	0	0	0	0	0	0	0	0	0	0	0	0	0	0	0	0	0	0	0	0	0	0	0	0	0	0	0.0	0.0	0.0	0.0	9.5e-5	0.0	0.0	0.0	0.0	0.0	0.0	0.0	0.0	1.0	0.0	0.0	0.0	0.0	
116	134	3784.183508855	2286.95	2286.95	0.073266	1.0e-6	0	0	0	0	132	0	0	0	0	0.0	0.0	0.0	0.0	0.066876	0.0	0.0	0.0	0.0	0.0	0.0	0.0	0.0	3686.3	0.0	0.0	0.0	0.0	0.0	0.0	0.0	0.0	27.9265	0.0	0.0	0.0	0.0	0	0	0	0	26	0	0	0	0	0	0	0	0	0	0	0	0	0	0	0	0	0	106	0	0	0	0	0	0	0	0	0	0	0	0	0	0	0	0	0	0	0	0	0	0	0	0	0	0	0	0	0	0	0	0.0	0.0	0.0	0.0	8.6e-5	0.0	0.0	0.0	0.0	0.0	0.0	0.0	0.0	1.0	0.0	0.0	0.0	0.0	
117	135	3801.06153935	2286.95	2286.95	0.06927	1.0e-6	0	0	0	0	133	0	0	0	0	0.0	0.0	0.0	0.0	0.060188	0.0	0.0	0.0	0.0	0.0	0.0	0.0	0.0	3703.18	0.0	0.0	0.0	0.0	0.0	0.0	0.0	0.0	27.8435	0.0	0.0	0.0	0.0	0	0	0	0	26	0	0	0	0	0	0	0	0	0	0	0	0	0	0	0	0	0	107	0	0	0	0	0	0	0	0	0	0	0	0	0	0	0	0	0	0	0	0	0	0	0	0	0	0	0	0	0	0	0	0.0	0.0	0.0	0.0	7.8e-5	0.0	0.0	0.0	0.0	0.0	0.0	0.0	0.0	1.0	0.0	0.0	0.0	0.0	
118	136	3806.945611556	2286.95	2286.95	0.067059	0.0	0	0	0	0	134	0	0	0	0	0.0	0.0	0.0	0.0	0.054169	0.0	0.0	0.0	0.0	0.0	0.0	0.0	0.0	3709.06	0.0	0.0	0.0	0.0	0.0	0.0	0.0	0.0	27.6796	0.0	0.0	0.0	0.0	0	0	0	0	26	0	0	0	0	0	0	0	0	0	0	0	0	0	0	0	0	0	108	0	0	0	0	0	0	0	0	0	0	0	0	0	0	0	0	0	0	0	0	0	0	0	0	0	0	0	0	0	0	0	0.0	0.0	0.0	0.0	7.1e-5	0.0	0.0	0.0	0.0	0.0	0.0	0.0	0.0	1.0	0.0	0.0	0.0	0.0	
119	137	3822.207363767	2286.95	2286.95	0.066304	0.0	0	0	0	0	135	0	0	0	0	0.0	0.0	0.0	0.0	0.048752	0.0	0.0	0.0	0.0	0.0	0.0	0.0	0.0	3724.33	0.0	0.0	0.0	0.0	0.0	0.0	0.0	0.0	27.5876	0.0	0.0	0.0	0.0	0	0	0	0	26	0	0	0	0	0	0	0	0	0	0	0	0	0	0	0	0	0	109	0	0	0	0	0	0	0	0	0	0	0	0	0	0	0	0	0	0	0	0	0	0	0	0	0	0	0	0	0	0	0	0.0	0.0	0.0	0.0	6.4e-5	0.0	0.0	0.0	0.0	0.0	0.0	0.0	0.0	1.0	0.0	0.0	0.0	0.0	
120	138	3930.478925349	2285.95	2285.95	0.064387	0.0	0	0	0	0	136	0	0	0	0	0.0	0.0	0.0	0.0	0.143877	0.0	0.0	0.0	0.0	0.0	0.0	0.0	0.0	3832.6	0.0	0.0	0.0	0.0	0.0	0.0	0.0	0.0	28.1809	0.0	0.0	0.0	0.0	0	0	0	0	27	0	0	0	0	0	0	0	0	0	0	0	0	0	0	0	0	0	109	0	0	0	0	0	0	0	0	0	0	0	0	0	0	0	0	0	0	0	0	0	0	0	0	0	0	0	0	0	0	0	0.0	0.0	0.0	0.0	0.000181	0.0	0.0	0.0	0.0	0.0	0.0	0.0	0.0	1.0	0.0	0.0	0.0	0.0	
121	140	3964.043063068	2285.95	2285.95	0.052249	0.0	0	0	0	0	138	0	0	0	0	0.0	0.0	0.0	0.0	0.116541	0.0	0.0	0.0	0.0	0.0	0.0	0.0	0.0	3866.16	0.0	0.0	0.0	0.0	0.0	0.0	0.0	0.0	28.0157	0.0	0.0	0.0	0.0	0	0	0	0	27	0	0	0	0	0	0	0	0	0	0	0	0	0	0	0	0	0	111	0	0	0	0	0	0	0	0	0	0	0	0	0	0	0	0	0	0	0	0	0	0	0	0	0	0	0	0	0	0	0	0.0	0.0	0.0	0.0	0.000148	0.0	0.0	0.0	0.0	0.0	0.0	0.0	0.0	1.0	0.0	0.0	0.0	0.0	
122	141	3975.279844082	2285.95	2285.95	0.049021	0.0	0	0	0	0	139	0	0	0	0	0.0	0.0	0.0	0.0	0.104887	0.0	0.0	0.0	0.0	0.0	0.0	0.0	0.0	3877.4	0.0	0.0	0.0	0.0	0.0	0.0	0.0	0.0	27.895	0.0	0.0	0.0	0.0	0	0	0	0	27	0	0	0	0	0	0	0	0	0	0	0	0	0	0	0	0	0	112	0	0	0	0	0	0	0	0	0	0	0	0	0	0	0	0	0	0	0	0	0	0	0	0	0	0	0	0	0	0	0	0.0	0.0	0.0	0.0	0.000135	0.0	0.0	0.0	0.0	0.0	0.0	0.0	0.0	1.0	0.0	0.0	0.0	0.0	
123	143	3981.204001856	2285.95	2285.95	0.047935	0.0	0	0	0	0	141	0	0	0	0	0.0	0.0	0.0	0.0	0.084958	0.0	0.0	0.0	0.0	0.0	0.0	0.0	0.0	3883.32	0.0	0.0	0.0	0.0	0.0	0.0	0.0	0.0	27.5413	0.0	0.0	0.0	0.0	0	0	0	0	27	0	0	0	0	0	0	0	0	0	0	0	0	0	0	0	0	0	114	0	0	0	0	0	0	0	0	0	0	0	0	0	0	0	0	0	0	0	0	0	0	0	0	0	0	0	0	0	0	0	0.0	0.0	0.0	0.0	0.000112	0.0	0.0	0.0	0.0	0.0	0.0	0.0	0.0	1.0	0.0	0.0	0.0	0.0	
124	144	3995.326676497	2285.95	2285.95	0.04743	0.0	0	0	0	0	142	0	0	0	0	0.0	0.0	0.0	0.0	0.076462	0.0	0.0	0.0	0.0	0.0	0.0	0.0	0.0	3897.45	0.0	0.0	0.0	0.0	0.0	0.0	0.0	0.0	27.4468	0.0	0.0	0.0	0.0	0	0	0	0	27	0	0	0	0	0	0	0	0	0	0	0	0	0	0	0	0	0	115	0	0	0	0	0	0	0	0	0	0	0	0	0	0	0	0	0	0	0	0	0	0	0	0	0	0	0	0	0	0	0	0.0	0.0	0.0	0.0	0.000101	0.0	0.0	0.0	0.0	0.0	0.0	0.0	0.0	1.0	0.0	0.0	0.0	0.0	
125	145	4007.207070968	2285.95	2285.95	0.04616	0.0	0	0	0	0	143	0	0	0	0	0.0	0.0	0.0	0.0	0.068816	0.0	0.0	0.0	0.0	0.0	0.0	0.0	0.0	3909.33	0.0	0.0	0.0	0.0	0.0	0.0	0.0	0.0	27.3379	0.0	0.0	0.0	0.0	0	0	0	0	27	0	0	0	0	0	0	0	0	0	0	0	0	0	0	0	0	0	116	0	0	0	0	0	0	0	0	0	0	0	0	0	0	0	0	0	0	0	0	0	0	0	0	0	0	0	0	0	0	0	0.0	0.0	0.0	0.0	9.2e-5	0.0	0.0	0.0	0.0	0.0	0.0	0.0	0.0	1.0	0.0	0.0	0.0	0.0	
126	147	4018.237176034	2285.95	2285.95	0.045084	0.0	0	0	0	0	145	0	0	0	0	0.0	0.0	0.0	0.0	0.055741	0.0	0.0	0.0	0.0	0.0	0.0	0.0	0.0	3920.36	0.0	0.0	0.0	0.0	0.0	0.0	0.0	0.0	27.0369	0.0	0.0	0.0	0.0	0	0	0	0	27	0	0	0	0	0	0	0	0	0	0	0	0	0	0	0	0	0	118	0	0	0	0	0	0	0	0	0	0	0	0	0	0	0	0	0	0	0	0	0	0	0	0	0	0	0	0	0	0	0	0.0	0.0	0.0	0.0	7.6e-5	0.0	0.0	0.0	0.0	0.0	0.0	0.0	0.0	1.0	0.0	0.0	0.0	0.0	
127	148	4032.213718181	2285.95	2285.95	0.044171	0.0	0	0	0	0	146	0	0	0	0	0.0	0.0	0.0	0.0	0.050167	0.0	0.0	0.0	0.0	0.0	0.0	0.0	0.0	3934.33	0.0	0.0	0.0	0.0	0.0	0.0	0.0	0.0	26.9475	0.0	0.0	0.0	0.0	0	0	0	0	27	0	0	0	0	0	0	0	0	0	0	0	0	0	0	0	0	0	119	0	0	0	0	0	0	0	0	0	0	0	0	0	0	0	0	0	0	0	0	0	0	0	0	0	0	0	0	0	0	0	0.0	0.0	0.0	0.0	6.9e-5	0.0	0.0	0.0	0.0	0.0	0.0	0.0	0.0	1.0	0.0	0.0	0.0	0.0	
128	149	4038.904761436	2285.95	2285.95	0.043	0.0	0	0	0	0	147	0	0	0	0	0.0	0.0	0.0	0.0	0.04515	0.0	0.0	0.0	0.0	0.0	0.0	0.0	0.0	3941.02	0.0	0.0	0.0	0.0	0.0	0.0	0.0	0.0	26.8097	0.0	0.0	0.0	0.0	0	0	0	0	27	0	0	0	0	0	0	0	0	0	0	0	0	0	0	0	0	0	120	0	0	0	0	0	0	0	0	0	0	0	0	0	0	0	0	0	0	0	0	0	0	0	0	0	0	0	0	0	0	0	0.0	0.0	0.0	0.0	6.3e-5	0.0	0.0	0.0	0.0	0.0	0.0	0.0	0.0	1.0	0.0	0.0	0.0	0.0	
129	150	4131.375997799	2285.95	2285.95	0.04245	0.0	0	0	0	0	148	0	0	0	0	0.0	0.0	0.0	0.0	0.040635	0.0	0.0	0.0	0.0	0.0	0.0	0.0	0.0	4033.49	0.0	0.0	0.0	0.0	0.0	0.0	0.0	0.0	27.2533	0.0	0.0	0.0	0.0	0	0	0	0	27	0	0	0	0	0	0	0	0	0	0	0	0	0	0	0	0	0	121	0	0	0	0	0	0	0	0	0	0	0	0	0	0	0	0	0	0	0	0	0	0	0	0	0	0	0	0	0	0	0	0.0	0.0	0.0	0.0	5.5e-5	0.0	0.0	0.0	0.0	0.0	0.0	0.0	0.0	1.0	0.0	0.0	0.0	0.0	
130	151	4144.856642256	2285.95	2285.95	0.035536	0.0	0	0	0	0	149	0	0	0	0	0.0	0.0	0.0	0.0	0.036572	0.0	0.0	0.0	0.0	0.0	0.0	0.0	0.0	4046.98	0.0	0.0	0.0	0.0	0.0	0.0	0.0	0.0	27.1609	0.0	0.0	0.0	0.0	0	0	0	0	27	0	0	0	0	0	0	0	0	0	0	0	0	0	0	0	0	0	122	0	0	0	0	0	0	0	0	0	0	0	0	0	0	0	0	0	0	0	0	0	0	0	0	0	0	0	0	0	0	0	0.0	0.0	0.0	0.0	5.0e-5	0.0	0.0	0.0	0.0	0.0	0.0	0.0	0.0	1.0	0.0	0.0	0.0	0.0	
131	152	4248.746384525	2285.95	2285.95	0.034627	0.0	0	0	0	0	150	0	0	0	0	0.0	0.0	0.0	0.0	0.032914	0.0	0.0	0.0	0.0	0.0	0.0	0.0	0.0	4150.86	0.0	0.0	0.0	0.0	0.0	0.0	0.0	0.0	27.6724	0.0	0.0	0.0	0.0	0	0	0	0	27	0	0	0	0	0	0	0	0	0	0	0	0	0	0	0	0	0	123	0	0	0	0	0	0	0	0	0	0	0	0	0	0	0	0	0	0	0	0	0	0	0	0	0	0	0	0	0	0	0	0.0	0.0	0.0	0.0	4.3e-5	0.0	0.0	0.0	0.0	0.0	0.0	0.0	0.0	1.0	0.0	0.0	0.0	0.0	
132	153	4256.843528746	2285.95	2285.95	0.028358	0.0	0	0	0	0	151	0	0	0	0	0.0	0.0	0.0	0.0	0.029623	0.0	0.0	0.0	0.0	0.0	0.0	0.0	0.0	4158.96	0.0	0.0	0.0	0.0	0.0	0.0	0.0	0.0	27.5428	0.0	0.0	0.0	0.0	0	0	0	0	27	0	0	0	0	0	0	0	0	0	0	0	0	0	0	0	0	0	124	0	0	0	0	0	0	0	0	0	0	0	0	0	0	0	0	0	0	0	0	0	0	0	0	0	0	0	0	0	0	0	0.0	0.0	0.0	0.0	3.9e-5	0.0	0.0	0.0	0.0	0.0	0.0	0.0	0.0	1.0	0.0	0.0	0.0	0.0	
133	155	4262.326082756	2285.95	2285.95	0.027899	0.0	0	0	0	0	153	0	0	0	0	0.0	0.0	0.0	0.0	0.023995	0.0	0.0	0.0	0.0	0.0	0.0	0.0	0.0	4164.44	0.0	0.0	0.0	0.0	0.0	0.0	0.0	0.0	27.2186	0.0	0.0	0.0	0.0	0	0	0	0	27	0	0	0	0	0	0	0	0	0	0	0	0	0	0	0	0	0	126	0	0	0	0	0	0	0	0	0	0	0	0	0	0	0	0	0	0	0	0	0	0	0	0	0	0	0	0	0	0	0	0.0	0.0	0.0	0.0	3.2e-5	0.0	0.0	0.0	0.0	0.0	0.0	0.0	0.0	1.0	0.0	0.0	0.0	0.0	
134	156	4291.983019866	2285.95	2285.95	0.027628	0.0	0	0	0	0	154	0	0	0	0	0.0	0.0	0.0	0.0	0.021595	0.0	0.0	0.0	0.0	0.0	0.0	0.0	0.0	4194.1	0.0	0.0	0.0	0.0	0.0	0.0	0.0	0.0	27.2344	0.0	0.0	0.0	0.0	0	0	0	0	27	0	0	0	0	0	0	0	0	0	0	0	0	0	0	0	0	0	127	0	0	0	0	0	0	0	0	0	0	0	0	0	0	0	0	0	0	0	0	0	0	0	0	0	0	0	0	0	0	0	0.0	0.0	0.0	0.0	2.9e-5	0.0	0.0	0.0	0.0	0.0	0.0	0.0	0.0	1.0	0.0	0.0	0.0	0.0	
135	157	4310.83561686	2285.95	2285.95	0.026096	0.0	0	0	0	0	155	0	0	0	0	0.0	0.0	0.0	0.0	0.019436	0.0	0.0	0.0	0.0	0.0	0.0	0.0	0.0	4212.95	0.0	0.0	0.0	0.0	0.0	0.0	0.0	0.0	27.1803	0.0	0.0	0.0	0.0	0	0	0	0	27	0	0	0	0	0	0	0	0	0	0	0	0	0	0	0	0	0	128	0	0	0	0	0	0	0	0	0	0	0	0	0	0	0	0	0	0	0	0	0	0	0	0	0	0	0	0	0	0	0	0.0	0.0	0.0	0.0	2.6e-5	0.0	0.0	0.0	0.0	0.0	0.0	0.0	0.0	1.0	0.0	0.0	0.0	0.0	
136	158	4318.812156439	2285.95	2285.95	0.025168	0.0	0	0	0	0	156	0	0	0	0	0.0	0.0	0.0	0.0	0.017492	0.0	0.0	0.0	0.0	0.0	0.0	0.0	0.0	4220.93	0.0	0.0	0.0	0.0	0.0	0.0	0.0	0.0	27.0572	0.0	0.0	0.0	0.0	0	0	0	0	27	0	0	0	0	0	0	0	0	0	0	0	0	0	0	0	0	0	129	0	0	0	0	0	0	0	0	0	0	0	0	0	0	0	0	0	0	0	0	0	0	0	0	0	0	0	0	0	0	0	0.0	0.0	0.0	0.0	2.4e-5	0.0	0.0	0.0	0.0	0.0	0.0	0.0	0.0	1.0	0.0	0.0	0.0	0.0	
137	159	4330.432953019	2285.95	2285.95	0.024784	0.0	0	0	0	0	157	0	0	0	0	0.0	0.0	0.0	0.0	0.015743	0.0	0.0	0.0	0.0	0.0	0.0	0.0	0.0	4232.55	0.0	0.0	0.0	0.0	0.0	0.0	0.0	0.0	26.9589	0.0	0.0	0.0	0.0	0	0	0	0	27	0	0	0	0	0	0	0	0	0	0	0	0	0	0	0	0	0	130	0	0	0	0	0	0	0	0	0	0	0	0	0	0	0	0	0	0	0	0	0	0	0	0	0	0	0	0	0	0	0	0.0	0.0	0.0	0.0	2.2e-5	0.0	0.0	0.0	0.0	0.0	0.0	0.0	0.0	1.0	0.0	0.0	0.0	0.0	
138	160	4342.6397734	2285.95	2285.95	0.024237	0.0	0	0	0	0	158	0	0	0	0	0.0	0.0	0.0	0.0	0.014169	0.0	0.0	0.0	0.0	0.0	0.0	0.0	0.0	4244.76	0.0	0.0	0.0	0.0	0.0	0.0	0.0	0.0	26.8656	0.0	0.0	0.0	0.0	0	0	0	0	27	0	0	0	0	0	0	0	0	0	0	0	0	0	0	0	0	0	131	0	0	0	0	0	0	0	0	0	0	0	0	0	0	0	0	0	0	0	0	0	0	0	0	0	0	0	0	0	0	0	0.0	0.0	0.0	0.0	2.0e-5	0.0	0.0	0.0	0.0	0.0	0.0	0.0	0.0	1.0	0.0	0.0	0.0	0.0	
139	161	4356.600237891	2285.95	2285.95	0.023675	0.0	0	0	0	0	159	0	0	0	0	0.0	0.0	0.0	0.0	0.012752	0.0	0.0	0.0	0.0	0.0	0.0	0.0	0.0	4258.72	0.0	0.0	0.0	0.0	0.0	0.0	0.0	0.0	26.7844	0.0	0.0	0.0	0.0	0	0	0	0	27	0	0	0	0	0	0	0	0	0	0	0	0	0	0	0	0	0	132	0	0	0	0	0	0	0	0	0	0	0	0	0	0	0	0	0	0	0	0	0	0	0	0	0	0	0	0	0	0	0	0.0	0.0	0.0	0.0	1.8e-5	0.0	0.0	0.0	0.0	0.0	0.0	0.0	0.0	1.0	0.0	0.0	0.0	0.0	
140	162	4363.297426608	2285.95	2285.95	0.023048	0.0	0	0	0	0	160	0	0	0	0	0.0	0.0	0.0	0.0	0.011477	0.0	0.0	0.0	0.0	0.0	0.0	0.0	0.0	4265.42	0.0	0.0	0.0	0.0	0.0	0.0	0.0	0.0	26.6588	0.0	0.0	0.0	0.0	0	0	0	0	27	0	0	0	0	0	0	0	0	0	0	0	0	0	0	0	0	0	133	0	0	0	0	0	0	0	0	0	0	0	0	0	0	0	0	0	0	0	0	0	0	0	0	0	0	0	0	0	0	0	0.0	0.0	0.0	0.0	1.6e-5	0.0	0.0	0.0	0.0	0.0	0.0	0.0	0.0	1.0	0.0	0.0	0.0	0.0	
141	163	4370.932181737	2285.95	2285.95	0.022753	0.0	0	0	0	0	161	0	0	0	0	0.0	0.0	0.0	0.0	0.010329	0.0	0.0	0.0	0.0	0.0	0.0	0.0	0.0	4273.05	0.0	0.0	0.0	0.0	0.0	0.0	0.0	0.0	26.5407	0.0	0.0	0.0	0.0	0	0	0	0	27	0	0	0	0	0	0	0	0	0	0	0	0	0	0	0	0	0	134	0	0	0	0	0	0	0	0	0	0	0	0	0	0	0	0	0	0	0	0	0	0	0	0	0	0	0	0	0	0	0	0.0	0.0	0.0	0.0	1.5e-5	0.0	0.0	0.0	0.0	0.0	0.0	0.0	0.0	1.0	0.0	0.0	0.0	0.0	
142	164	4443.625213282	2285.45	2285.45	0.022422	0.0	0	0	0	0	162	0	0	0	0	0.0	0.0	0.0	0.0	0.109296	0.0	0.0	0.0	0.0	0.0	0.0	0.0	0.0	4345.74	0.0	0.0	0.0	0.0	0.0	0.0	0.0	0.0	26.8256	0.0	0.0	0.0	0.0	0	0	0	0	28	0	0	0	0	0	0	0	0	0	0	0	0	0	0	0	0	0	134	0	0	0	0	0	0	0	0	0	0	0	0	0	0	0	0	0	0	0	0	0	0	0	0	0	0	0	0	0	0	0	0.0	0.0	0.0	0.0	0.000152	0.0	0.0	0.0	0.0	0.0	0.0	0.0	0.0	1.0	0.0	0.0	0.0	0.0	
143	165	4545.485701638	2285.45	2285.45	0.019497	0.0	0	0	0	0	163	0	0	0	0	0.0	0.0	0.0	0.0	0.098366	0.0	0.0	0.0	0.0	0.0	0.0	0.0	0.0	4447.6	0.0	0.0	0.0	0.0	0.0	0.0	0.0	0.0	27.2859	0.0	0.0	0.0	0.0	0	0	0	0	28	0	0	0	0	0	0	0	0	0	0	0	0	0	0	0	0	0	135	0	0	0	0	0	0	0	0	0	0	0	0	0	0	0	0	0	0	0	0	0	0	0	0	0	0	0	0	0	0	0	0.0	0.0	0.0	0.0	0.000132	0.0	0.0	0.0	0.0	0.0	0.0	0.0	0.0	1.0	0.0	0.0	0.0	0.0	
144	166	4555.457428522	2285.45	2285.45	0.01603	0.0	0	0	0	0	164	0	0	0	0	0.0	0.0	0.0	0.0	0.08853	0.0	0.0	0.0	0.0	0.0	0.0	0.0	0.0	4457.58	0.0	0.0	0.0	0.0	0.0	0.0	0.0	0.0	27.1803	0.0	0.0	0.0	0.0	0	0	0	0	28	0	0	0	0	0	0	0	0	0	0	0	0	0	0	0	0	0	136	0	0	0	0	0	0	0	0	0	0	0	0	0	0	0	0	0	0	0	0	0	0	0	0	0	0	0	0	0	0	0	0.0	0.0	0.0	0.0	0.00012	0.0	0.0	0.0	0.0	0.0	0.0	0.0	0.0	1.0	0.0	0.0	0.0	0.0	
145	167	4568.640934174	2285.45	2285.45	0.015725	0.0	0	0	0	0	165	0	0	0	0	0.0	0.0	0.0	0.0	0.079677	0.0	0.0	0.0	0.0	0.0	0.0	0.0	0.0	4470.76	0.0	0.0	0.0	0.0	0.0	0.0	0.0	0.0	27.0955	0.0	0.0	0.0	0.0	0	0	0	0	28	0	0	0	0	0	0	0	0	0	0	0	0	0	0	0	0	0	137	0	0	0	0	0	0	0	0	0	0	0	0	0	0	0	0	0	0	0	0	0	0	0	0	0	0	0	0	0	0	0	0.0	0.0	0.0	0.0	0.000109	0.0	0.0	0.0	0.0	0.0	0.0	0.0	0.0	1.0	0.0	0.0	0.0	0.0	
146	168	4587.250279772	2280.45	2280.45	0.015332	0.0	0	0	0	0	166	0	0	0	0	0.0	0.0	0.0	0.0	0.171709	0.0	0.0	0.0	0.0	0.0	0.0	0.0	0.0	4489.37	0.0	0.0	0.0	0.0	0.0	0.0	0.0	0.0	27.0444	0.0	0.0	0.0	0.0	0	0	0	0	29	0	0	0	0	0	0	0	0	0	0	0	0	0	0	0	0	0	137	0	0	0	0	0	0	0	0	0	0	0	0	0	0	0	0	0	0	0	0	0	0	0	0	0	0	0	0	0	0	0	0.0	0.0	0.0	0.0	0.000235	0.0	0.0	0.0	0.0	0.0	0.0	0.0	0.0	1.0	0.0	0.0	0.0	0.0	
147	169	4603.005438383	2280.45	2280.45	0.014793	0.0	0	0	0	0	167	0	0	0	0	0.0	0.0	0.0	0.0	0.154538	0.0	0.0	0.0	0.0	0.0	0.0	0.0	0.0	4505.12	0.0	0.0	0.0	0.0	0.0	0.0	0.0	0.0	26.9768	0.0	0.0	0.0	0.0	0	0	0	0	29	0	0	0	0	0	0	0	0	0	0	0	0	0	0	0	0	0	138	0	0	0	0	0	0	0	0	0	0	0	0	0	0	0	0	0	0	0	0	0	0	0	0	0	0	0	0	0	0	0	0.0	0.0	0.0	0.0	0.000212	0.0	0.0	0.0	0.0	0.0	0.0	0.0	0.0	1.0	0.0	0.0	0.0	0.0	
148	170	4615.152255585	2280.45	2280.45	0.014352	0.0	0	0	0	0	168	0	0	0	0	0.0	0.0	0.0	0.0	0.139084	0.0	0.0	0.0	0.0	0.0	0.0	0.0	0.0	4517.27	0.0	0.0	0.0	0.0	0.0	0.0	0.0	0.0	26.8885	0.0	0.0	0.0	0.0	0	0	0	0	29	0	0	0	0	0	0	0	0	0	0	0	0	0	0	0	0	0	139	0	0	0	0	0	0	0	0	0	0	0	0	0	0	0	0	0	0	0	0	0	0	0	0	0	0	0	0	0	0	0	0.0	0.0	0.0	0.0	0.000192	0.0	0.0	0.0	0.0	0.0	0.0	0.0	0.0	1.0	0.0	0.0	0.0	0.0	
149	171	4632.594822731	2280.45	2280.45	0.01402	0.0	0	0	0	0	169	0	0	0	0	0.0	0.0	0.0	0.0	0.125176	0.0	0.0	0.0	0.0	0.0	0.0	0.0	0.0	4534.71	0.0	0.0	0.0	0.0	0.0	0.0	0.0	0.0	26.8326	0.0	0.0	0.0	0.0	0	0	0	0	29	0	0	0	0	0	0	0	0	0	0	0	0	0	0	0	0	0	140	0	0	0	0	0	0	0	0	0	0	0	0	0	0	0	0	0	0	0	0	0	0	0	0	0	0	0	0	0	0	0	0.0	0.0	0.0	0.0	0.000174	0.0	0.0	0.0	0.0	0.0	0.0	0.0	0.0	1.0	0.0	0.0	0.0	0.0	
150	172	4640.854593655	2278.95	2278.95	0.013558	0.0	0	0	0	0	170	0	0	0	0	0.0	0.0	0.0	0.0	0.212658	0.0	0.0	0.0	0.0	0.0	0.0	0.0	0.0	4542.97	0.0	0.0	0.0	0.0	0.0	0.0	0.0	0.0	26.7234	0.0	0.0	0.0	0.0	0	0	0	0	30	0	0	0	0	0	0	0	0	0	0	0	0	0	0	0	0	0	140	0	0	0	0	0	0	0	0	0	0	0	0	0	0	0	0	0	0	0	0	0	0	0	0	0	0	0	0	0	0	0	0.0	0.0	0.0	0.0	0.000298	0.0	0.0	0.0	0.0	0.0	0.0	0.0	0.0	1.0	0.0	0.0	0.0	0.0	
151	173	4652.029699895	2278.95	2278.95	0.013344	0.0	0	0	0	0	171	0	0	0	0	0.0	0.0	0.0	0.0	0.191393	0.0	0.0	0.0	0.0	0.0	0.0	0.0	0.0	4554.15	0.0	0.0	0.0	0.0	0.0	0.0	0.0	0.0	26.6324	0.0	0.0	0.0	0.0	0	0	0	0	30	0	0	0	0	0	0	0	0	0	0	0	0	0	0	0	0	0	141	0	0	0	0	0	0	0	0	0	0	0	0	0	0	0	0	0	0	0	0	0	0	0	0	0	0	0	0	0	0	0	0.0	0.0	0.0	0.0	0.00027	0.0	0.0	0.0	0.0	0.0	0.0	0.0	0.0	1.0	0.0	0.0	0.0	0.0	
152	174	4711.172236992	2277.45	2277.45	0.013061	0.0	0	0	0	0	172	0	0	0	0	0.0	0.0	0.0	0.0	0.272253	0.0	0.0	0.0	0.0	0.0	0.0	0.0	0.0	4613.29	0.0	0.0	0.0	0.0	0.0	0.0	0.0	0.0	26.8215	0.0	0.0	0.0	0.0	0	0	0	0	31	0	0	0	0	0	0	0	0	0	0	0	0	0	0	0	0	0	141	0	0	0	0	0	0	0	0	0	0	0	0	0	0	0	0	0	0	0	0	0	0	0	0	0	0	0	0	0	0	0	0.0	0.0	0.0	0.0	0.000378	0.0	0.0	0.0	0.0	0.0	0.0	0.0	0.0	1.0	0.0	0.0	0.0	0.0	
153	175	4718.350537774	2277.45	2277.45	0.011657	0.0	0	0	0	0	173	0	0	0	0	0.0	0.0	0.0	0.0	0.245028	0.0	0.0	0.0	0.0	0.0	0.0	0.0	0.0	4620.47	0.0	0.0	0.0	0.0	0.0	0.0	0.0	0.0	26.7079	0.0	0.0	0.0	0.0	0	0	0	0	31	0	0	0	0	0	0	0	0	0	0	0	0	0	0	0	0	0	142	0	0	0	0	0	0	0	0	0	0	0	0	0	0	0	0	0	0	0	0	0	0	0	0	0	0	0	0	0	0	0	0.0	0.0	0.0	0.0	0.000344	0.0	0.0	0.0	0.0	0.0	0.0	0.0	0.0	1.0	0.0	0.0	0.0	0.0	
154	176	4732.870514345	2277.45	2277.45	0.011497	0.0	0	0	0	0	174	0	0	0	0	0.0	0.0	0.0	0.0	0.220525	0.0	0.0	0.0	0.0	0.0	0.0	0.0	0.0	4634.99	0.0	0.0	0.0	0.0	0.0	0.0	0.0	0.0	26.6379	0.0	0.0	0.0	0.0	0	0	0	0	31	0	0	0	0	0	0	0	0	0	0	0	0	0	0	0	0	0	143	0	0	0	0	0	0	0	0	0	0	0	0	0	0	0	0	0	0	0	0	0	0	0	0	0	0	0	0	0	0	0	0.0	0.0	0.0	0.0	0.000311	0.0	0.0	0.0	0.0	0.0	0.0	0.0	0.0	1.0	0.0	0.0	0.0	0.0	
155	177	4739.498959025	2277.45	2277.45	0.011181	0.0	0	0	0	0	175	0	0	0	0	0.0	0.0	0.0	0.0	0.198473	0.0	0.0	0.0	0.0	0.0	0.0	0.0	0.0	4641.62	0.0	0.0	0.0	0.0	0.0	0.0	0.0	0.0	26.5235	0.0	0.0	0.0	0.0	0	0	0	0	31	0	0	0	0	0	0	0	0	0	0	0	0	0	0	0	0	0	144	0	0	0	0	0	0	0	0	0	0	0	0	0	0	0	0	0	0	0	0	0	0	0	0	0	0	0	0	0	0	0	0.0	0.0	0.0	0.0	0.000282	0.0	0.0	0.0	0.0	0.0	0.0	0.0	0.0	1.0	0.0	0.0	0.0	0.0	
156	178	4748.346489007	2277.45	2277.45	0.011039	0.0	0	0	0	0	176	0	0	0	0	0.0	0.0	0.0	0.0	0.178625	0.0	0.0	0.0	0.0	0.0	0.0	0.0	0.0	4650.46	0.0	0.0	0.0	0.0	0.0	0.0	0.0	0.0	26.4231	0.0	0.0	0.0	0.0	0	0	0	0	31	0	0	0	0	0	0	0	0	0	0	0	0	0	0	0	0	0	145	0	0	0	0	0	0	0	0	0	0	0	0	0	0	0	0	0	0	0	0	0	0	0	0	0	0	0	0	0	0	0	0.0	0.0	0.0	0.0	0.000256	0.0	0.0	0.0	0.0	0.0	0.0	0.0	0.0	1.0	0.0	0.0	0.0	0.0	
157	179	4759.282930703	2277.45	2277.45	0.010853	0.0	0	0	0	0	177	0	0	0	0	0.0	0.0	0.0	0.0	0.160763	0.0	0.0	0.0	0.0	0.0	0.0	0.0	0.0	4661.4	0.0	0.0	0.0	0.0	0.0	0.0	0.0	0.0	26.3356	0.0	0.0	0.0	0.0	0	0	0	0	31	0	0	0	0	0	0	0	0	0	0	0	0	0	0	0	0	0	146	0	0	0	0	0	0	0	0	0	0	0	0	0	0	0	0	0	0	0	0	0	0	0	0	0	0	0	0	0	0	0	0.0	0.0	0.0	0.0	0.000232	0.0	0.0	0.0	0.0	0.0	0.0	0.0	0.0	1.0	0.0	0.0	0.0	0.0	
158	180	4765.685046641	2277.45	2277.45	0.010627	0.0	0	0	0	0	178	0	0	0	0	0.0	0.0	0.0	0.0	0.144687	0.0	0.0	0.0	0.0	0.0	0.0	0.0	0.0	4667.8	0.0	0.0	0.0	0.0	0.0	0.0	0.0	0.0	26.2236	0.0	0.0	0.0	0.0	0	0	0	0	31	0	0	0	0	0	0	0	0	0	0	0	0	0	0	0	0	0	147	0	0	0	0	0	0	0	0	0	0	0	0	0	0	0	0	0	0	0	0	0	0	0	0	0	0	0	0	0	0	0	0.0	0.0	0.0	0.0	0.00021	0.0	0.0	0.0	0.0	0.0	0.0	0.0	0.0	1.0	0.0	0.0	0.0	0.0	
159	181	4773.899476106	2277.45	2277.45	0.010497	0.0	0	0	0	0	179	0	0	0	0	0.0	0.0	0.0	0.0	0.130218	0.0	0.0	0.0	0.0	0.0	0.0	0.0	0.0	4676.02	0.0	0.0	0.0	0.0	0.0	0.0	0.0	0.0	26.123	0.0	0.0	0.0	0.0	0	0	0	0	31	0	0	0	0	0	0	0	0	0	0	0	0	0	0	0	0	0	148	0	0	0	0	0	0	0	0	0	0	0	0	0	0	0	0	0	0	0	0	0	0	0	0	0	0	0	0	0	0	0	0.0	0.0	0.0	0.0	0.000191	0.0	0.0	0.0	0.0	0.0	0.0	0.0	0.0	1.0	0.0	0.0	0.0	0.0	
160	182	4804.795415992	2277.45	2277.45	0.010333	0.0	0	0	0	0	180	0	0	0	0	0.0	0.0	0.0	0.0	0.117196	0.0	0.0	0.0	0.0	0.0	0.0	0.0	0.0	4706.91	0.0	0.0	0.0	0.0	0.0	0.0	0.0	0.0	26.1495	0.0	0.0	0.0	0.0	0	0	0	0	31	0	0	0	0	0	0	0	0	0	0	0	0	0	0	0	0	0	149	0	0	0	0	0	0	0	0	0	0	0	0	0	0	0	0	0	0	0	0	0	0	0	0	0	0	0	0	0	0	0	0.0	0.0	0.0	0.0	0.000171	0.0	0.0	0.0	0.0	0.0	0.0	0.0	0.0	1.0	0.0	0.0	0.0	0.0	
161	183	4858.459525977	2277.45	2277.45	0.009737	0.0	0	0	0	0	181	0	0	0	0	0.0	0.0	0.0	0.0	0.105477	0.0	0.0	0.0	0.0	0.0	0.0	0.0	0.0	4760.58	0.0	0.0	0.0	0.0	0.0	0.0	0.0	0.0	26.3015	0.0	0.0	0.0	0.0	0	0	0	0	31	0	0	0	0	0	0	0	0	0	0	0	0	0	0	0	0	0	150	0	0	0	0	0	0	0	0	0	0	0	0	0	0	0	0	0	0	0	0	0	0	0	0	0	0	0	0	0	0	0	0.0	0.0	0.0	0.0	0.000152	0.0	0.0	0.0	0.0	0.0	0.0	0.0	0.0	1.0	0.0	0.0	0.0	0.0	
162	184	4882.155178515	2277.45	2277.45	0.008783	0.0	0	0	0	0	182	0	0	0	0	0.0	0.0	0.0	0.0	0.094929	0.0	0.0	0.0	0.0	0.0	0.0	0.0	0.0	4784.27	0.0	0.0	0.0	0.0	0.0	0.0	0.0	0.0	26.2872	0.0	0.0	0.0	0.0	0	0	0	0	31	0	0	0	0	0	0	0	0	0	0	0	0	0	0	0	0	0	151	0	0	0	0	0	0	0	0	0	0	0	0	0	0	0	0	0	0	0	0	0	0	0	0	0	0	0	0	0	0	0	0.0	0.0	0.0	0.0	0.000137	0.0	0.0	0.0	0.0	0.0	0.0	0.0	0.0	1.0	0.0	0.0	0.0	0.0	
163	187	4902.365126904	2277.45	2277.45	0.008378	0.0	0	0	0	0	185	0	0	0	0	0.0	0.0	0.0	0.0	0.069203	0.0	0.0	0.0	0.0	0.0	0.0	0.0	0.0	4804.48	0.0	0.0	0.0	0.0	0.0	0.0	0.0	0.0	25.9702	0.0	0.0	0.0	0.0	0	0	0	0	31	0	0	0	0	0	0	0	0	0	0	0	0	0	0	0	0	0	154	0	0	0	0	0	0	0	0	0	0	0	0	0	0	0	0	0	0	0	0	0	0	0	0	0	0	0	0	0	0	0	0.0	0.0	0.0	0.0	0.000103	0.0	0.0	0.0	0.0	0.0	0.0	0.0	0.0	1.0	0.0	0.0	0.0	0.0	
164	188	4910.938644215	2277.45	2277.45	0.008072	0.0	0	0	0	0	186	0	0	0	0	0.0	0.0	0.0	0.0	0.062283	0.0	0.0	0.0	0.0	0.0	0.0	0.0	0.0	4813.06	0.0	0.0	0.0	0.0	0.0	0.0	0.0	0.0	25.8766	0.0	0.0	0.0	0.0	0	0	0	0	31	0	0	0	0	0	0	0	0	0	0	0	0	0	0	0	0	0	155	0	0	0	0	0	0	0	0	0	0	0	0	0	0	0	0	0	0	0	0	0	0	0	0	0	0	0	0	0	0	0	0.0	0.0	0.0	0.0	9.3e-5	0.0	0.0	0.0	0.0	0.0	0.0	0.0	0.0	1.0	0.0	0.0	0.0	0.0	
165	191	4920.352908104	2277.45	2277.45	0.007928	0.0	0	0	0	0	189	0	0	0	0	0.0	0.0	0.0	0.0	0.045404	0.0	0.0	0.0	0.0	0.0	0.0	0.0	0.0	4822.47	0.0	0.0	0.0	0.0	0.0	0.0	0.0	0.0	25.5157	0.0	0.0	0.0	0.0	0	0	0	0	31	0	0	0	0	0	0	0	0	0	0	0	0	0	0	0	0	0	158	0	0	0	0	0	0	0	0	0	0	0	0	0	0	0	0	0	0	0	0	0	0	0	0	0	0	0	0	0	0	0	0.0	0.0	0.0	0.0	7.0e-5	0.0	0.0	0.0	0.0	0.0	0.0	0.0	0.0	1.0	0.0	0.0	0.0	0.0	
166	192	4933.507226063	2277.45	2277.45	0.007797	0.0	0	0	0	0	190	0	0	0	0	0.0	0.0	0.0	0.0	0.040864	0.0	0.0	0.0	0.0	0.0	0.0	0.0	0.0	4835.62	0.0	0.0	0.0	0.0	0.0	0.0	0.0	0.0	25.4507	0.0	0.0	0.0	0.0	0	0	0	0	31	0	0	0	0	0	0	0	0	0	0	0	0	0	0	0	0	0	159	0	0	0	0	0	0	0	0	0	0	0	0	0	0	0	0	0	0	0	0	0	0	0	0	0	0	0	0	0	0	0	0.0	0.0	0.0	0.0	6.3e-5	0.0	0.0	0.0	0.0	0.0	0.0	0.0	0.0	1.0	0.0	0.0	0.0	0.0	
167	193	4958.158848363	2277.45	2277.45	0.007603	0.0	0	0	0	0	191	0	0	0	0	0.0	0.0	0.0	0.0	0.036777	0.0	0.0	0.0	0.0	0.0	0.0	0.0	0.0	4860.28	0.0	0.0	0.0	0.0	0.0	0.0	0.0	0.0	25.4465	0.0	0.0	0.0	0.0	0	0	0	0	31	0	0	0	0	0	0	0	0	0	0	0	0	0	0	0	0	0	160	0	0	0	0	0	0	0	0	0	0	0	0	0	0	0	0	0	0	0	0	0	0	0	0	0	0	0	0	0	0	0	0.0	0.0	0.0	0.0	5.7e-5	0.0	0.0	0.0	0.0	0.0	0.0	0.0	0.0	1.0	0.0	0.0	0.0	0.0	
168	195	5031.523198214	2277.45	2277.45	0.007245	0.0	0	0	0	0	193	0	0	0	0	0.0	0.0	0.0	0.0	0.02979	0.0	0.0	0.0	0.0	0.0	0.0	0.0	0.0	4933.64	0.0	0.0	0.0	0.0	0.0	0.0	0.0	0.0	25.5629	0.0	0.0	0.0	0.0	0	0	0	0	31	0	0	0	0	0	0	0	0	0	0	0	0	0	0	0	0	0	162	0	0	0	0	0	0	0	0	0	0	0	0	0	0	0	0	0	0	0	0	0	0	0	0	0	0	0	0	0	0	0	0.0	0.0	0.0	0.0	4.6e-5	0.0	0.0	0.0	0.0	0.0	0.0	0.0	0.0	1.0	0.0	0.0	0.0	0.0	
169	197	5045.196519197	2277.45	2277.45	0.006292	0.0	0	0	0	0	195	0	0	0	0	0.0	0.0	0.0	0.0	0.02413	0.0	0.0	0.0	0.0	0.0	0.0	0.0	0.0	4947.31	0.0	0.0	0.0	0.0	0.0	0.0	0.0	0.0	25.3708	0.0	0.0	0.0	0.0	0	0	0	0	31	0	0	0	0	0	0	0	0	0	0	0	0	0	0	0	0	0	164	0	0	0	0	0	0	0	0	0	0	0	0	0	0	0	0	0	0	0	0	0	0	0	0	0	0	0	0	0	0	0	0.0	0.0	0.0	0.0	3.7e-5	0.0	0.0	0.0	0.0	0.0	0.0	0.0	0.0	1.0	0.0	0.0	0.0	0.0	
170	199	5054.455058237	2277.45	2277.45	0.006129	0.0	0	0	0	0	197	0	0	0	0	0.0	0.0	0.0	0.0	0.019545	0.0	0.0	0.0	0.0	0.0	0.0	0.0	0.0	4956.57	0.0	0.0	0.0	0.0	0.0	0.0	0.0	0.0	25.1603	0.0	0.0	0.0	0.0	0	0	0	0	31	0	0	0	0	0	0	0	0	0	0	0	0	0	0	0	0	0	166	0	0	0	0	0	0	0	0	0	0	0	0	0	0	0	0	0	0	0	0	0	0	0	0	0	0	0	0	0	0	0	0.0	0.0	0.0	0.0	3.1e-5	0.0	0.0	0.0	0.0	0.0	0.0	0.0	0.0	1.0	0.0	0.0	0.0	0.0	
171	200	5059.967047213	2277.45	2277.45	0.006025	0.0	0	0	0	0	198	0	0	0	0	0.0	0.0	0.0	0.0	0.01759	0.0	0.0	0.0	0.0	0.0	0.0	0.0	0.0	4962.08	0.0	0.0	0.0	0.0	0.0	0.0	0.0	0.0	25.061	0.0	0.0	0.0	0.0	0	0	0	0	31	0	0	0	0	0	0	0	0	0	0	0	0	0	0	0	0	0	167	0	0	0	0	0	0	0	0	0	0	0	0	0	0	0	0	0	0	0	0	0	0	0	0	0	0	0	0	0	0	0	0.0	0.0	0.0	0.0	2.8e-5	0.0	0.0	0.0	0.0	0.0	0.0	0.0	0.0	1.0	0.0	0.0	0.0	0.0	
172	201	5084.100525786	2277.45	2277.45	0.005962	0.0	0	0	0	0	199	0	0	0	0	0.0	0.0	0.0	0.0	0.015831	0.0	0.0	0.0	0.0	0.0	0.0	0.0	0.0	4986.22	0.0	0.0	0.0	0.0	0.0	0.0	0.0	0.0	25.0564	0.0	0.0	0.0	0.0	0	0	0	0	31	0	0	0	0	0	0	0	0	0	0	0	0	0	0	0	0	0	168	0	0	0	0	0	0	0	0	0	0	0	0	0	0	0	0	0	0	0	0	0	0	0	0	0	0	0	0	0	0	0	0.0	0.0	0.0	0.0	2.5e-5	0.0	0.0	0.0	0.0	0.0	0.0	0.0	0.0	1.0	0.0	0.0	0.0	0.0	
173	203	5095.053938931	2276.45	2276.45	0.005687	0.0	0	0	0	0	201	0	0	0	0	0.0	0.0	0.0	0.0	0.112823	0.0	0.0	0.0	0.0	0.0	0.0	0.0	0.0	4997.17	0.0	0.0	0.0	0.0	0.0	0.0	0.0	0.0	24.8615	0.0	0.0	0.0	0.0	0	0	0	0	32	0	0	0	0	0	0	0	0	0	0	0	0	0	0	0	0	0	169	0	0	0	0	0	0	0	0	0	0	0	0	0	0	0	0	0	0	0	0	0	0	0	0	0	0	0	0	0	0	0	0.0	0.0	0.0	0.0	0.000183	0.0	0.0	0.0	0.0	0.0	0.0	0.0	0.0	1.0	0.0	0.0	0.0	0.0	
174	204	5117.178930152	2276.45	2276.45	0.005573	0.0	0	0	0	0	202	0	0	0	0	0.0	0.0	0.0	0.0	0.101541	0.0	0.0	0.0	0.0	0.0	0.0	0.0	0.0	5019.3	0.0	0.0	0.0	0.0	0.0	0.0	0.0	0.0	24.848	0.0	0.0	0.0	0.0	0	0	0	0	32	0	0	0	0	0	0	0	0	0	0	0	0	0	0	0	0	0	170	0	0	0	0	0	0	0	0	0	0	0	0	0	0	0	0	0	0	0	0	0	0	0	0	0	0	0	0	0	0	0	0.0	0.0	0.0	0.0	0.000164	0.0	0.0	0.0	0.0	0.0	0.0	0.0	0.0	1.0	0.0	0.0	0.0	0.0	
175	205	5177.817978777	2276.45	2276.45	0.005341	0.0	0	0	0	0	203	0	0	0	0	0.0	0.0	0.0	0.0	0.091387	0.0	0.0	0.0	0.0	0.0	0.0	0.0	0.0	5079.94	0.0	0.0	0.0	0.0	0.0	0.0	0.0	0.0	25.0243	0.0	0.0	0.0	0.0	0	0	0	0	32	0	0	0	0	0	0	0	0	0	0	0	0	0	0	0	0	0	171	0	0	0	0	0	0	0	0	0	0	0	0	0	0	0	0	0	0	0	0	0	0	0	0	0	0	0	0	0	0	0	0.0	0.0	0.0	0.0	0.000146	0.0	0.0	0.0	0.0	0.0	0.0	0.0	0.0	1.0	0.0	0.0	0.0	0.0	
176	206	5186.681471581	2276.45	2276.45	0.004753	0.0	0	0	0	0	204	0	0	0	0	0.0	0.0	0.0	0.0	0.082248	0.0	0.0	0.0	0.0	0.0	0.0	0.0	0.0	5088.8	0.0	0.0	0.0	0.0	0.0	0.0	0.0	0.0	24.9451	0.0	0.0	0.0	0.0	0	0	0	0	32	0	0	0	0	0	0	0	0	0	0	0	0	0	0	0	0	0	172	0	0	0	0	0	0	0	0	0	0	0	0	0	0	0	0	0	0	0	0	0	0	0	0	0	0	0	0	0	0	0	0.0	0.0	0.0	0.0	0.000132	0.0	0.0	0.0	0.0	0.0	0.0	0.0	0.0	1.0	0.0	0.0	0.0	0.0	
177	207	5199.888884919	2276.45	2276.45	0.004673	0.0	0	0	0	0	205	0	0	0	0	0.0	0.0	0.0	0.0	0.074024	0.0	0.0	0.0	0.0	0.0	0.0	0.0	0.0	5102.01	0.0	0.0	0.0	0.0	0.0	0.0	0.0	0.0	24.8878	0.0	0.0	0.0	0.0	0	0	0	0	32	0	0	0	0	0	0	0	0	0	0	0	0	0	0	0	0	0	173	0	0	0	0	0	0	0	0	0	0	0	0	0	0	0	0	0	0	0	0	0	0	0	0	0	0	0	0	0	0	0	0.0	0.0	0.0	0.0	0.00012	0.0	0.0	0.0	0.0	0.0	0.0	0.0	0.0	1.0	0.0	0.0	0.0	0.0	
178	208	5211.567391883	2276.45	2276.45	0.004556	0.0	0	0	0	0	206	0	0	0	0	0.0	0.0	0.0	0.0	0.066621	0.0	0.0	0.0	0.0	0.0	0.0	0.0	0.0	5113.68	0.0	0.0	0.0	0.0	0.0	0.0	0.0	0.0	24.8237	0.0	0.0	0.0	0.0	0	0	0	0	32	0	0	0	0	0	0	0	0	0	0	0	0	0	0	0	0	0	174	0	0	0	0	0	0	0	0	0	0	0	0	0	0	0	0	0	0	0	0	0	0	0	0	0	0	0	0	0	0	0	0.0	0.0	0.0	0.0	0.000108	0.0	0.0	0.0	0.0	0.0	0.0	0.0	0.0	1.0	0.0	0.0	0.0	0.0	
179	209	5224.247994775	2276.45	2276.45	0.004455	0.0	0	0	0	0	207	0	0	0	0	0.0	0.0	0.0	0.0	0.059959	0.0	0.0	0.0	0.0	0.0	0.0	0.0	0.0	5126.37	0.0	0.0	0.0	0.0	0.0	0.0	0.0	0.0	24.765	0.0	0.0	0.0	0.0	0	0	0	0	32	0	0	0	0	0	0	0	0	0	0	0	0	0	0	0	0	0	175	0	0	0	0	0	0	0	0	0	0	0	0	0	0	0	0	0	0	0	0	0	0	0	0	0	0	0	0	0	0	0	0.0	0.0	0.0	0.0	9.8e-5	0.0	0.0	0.0	0.0	0.0	0.0	0.0	0.0	1.0	0.0	0.0	0.0	0.0	
180	210	5244.415258917	2276.45	2276.45	0.004347	0.0	0	0	0	0	208	0	0	0	0	0.0	0.0	0.0	0.0	0.053963	0.0	0.0	0.0	0.0	0.0	0.0	0.0	0.0	5146.53	0.0	0.0	0.0	0.0	0.0	0.0	0.0	0.0	24.7429	0.0	0.0	0.0	0.0	0	0	0	0	32	0	0	0	0	0	0	0	0	0	0	0	0	0	0	0	0	0	176	0	0	0	0	0	0	0	0	0	0	0	0	0	0	0	0	0	0	0	0	0	0	0	0	0	0	0	0	0	0	0	0.0	0.0	0.0	0.0	8.8e-5	0.0	0.0	0.0	0.0	0.0	0.0	0.0	0.0	1.0	0.0	0.0	0.0	0.0	
181	211	5253.604959171	2276.45	2276.45	0.004182	0.0	0	0	0	0	209	0	0	0	0	0.0	0.0	0.0	0.0	0.048567	0.0	0.0	0.0	0.0	0.0	0.0	0.0	0.0	5155.72	0.0	0.0	0.0	0.0	0.0	0.0	0.0	0.0	24.6685	0.0	0.0	0.0	0.0	0	0	0	0	32	0	0	0	0	0	0	0	0	0	0	0	0	0	0	0	0	0	177	0	0	0	0	0	0	0	0	0	0	0	0	0	0	0	0	0	0	0	0	0	0	0	0	0	0	0	0	0	0	0	0.0	0.0	0.0	0.0	8.0e-5	0.0	0.0	0.0	0.0	0.0	0.0	0.0	0.0	1.0	0.0	0.0	0.0	0.0	
182	212	5280.336714067	2276.45	2276.45	0.004109	0.0	0	0	0	0	210	0	0	0	0	0.0	0.0	0.0	0.0	0.04371	0.0	0.0	0.0	0.0	0.0	0.0	0.0	0.0	5182.45	0.0	0.0	0.0	0.0	0.0	0.0	0.0	0.0	24.6784	0.0	0.0	0.0	0.0	0	0	0	0	32	0	0	0	0	0	0	0	0	0	0	0	0	0	0	0	0	0	178	0	0	0	0	0	0	0	0	0	0	0	0	0	0	0	0	0	0	0	0	0	0	0	0	0	0	0	0	0	0	0	0.0	0.0	0.0	0.0	7.2e-5	0.0	0.0	0.0	0.0	0.0	0.0	0.0	0.0	1.0	0.0	0.0	0.0	0.0	
183	213	5294.308930279	2276.45	2276.45	0.003903	0.0	0	0	0	0	211	0	0	0	0	0.0	0.0	0.0	0.0	0.039339	0.0	0.0	0.0	0.0	0.0	0.0	0.0	0.0	5196.43	0.0	0.0	0.0	0.0	0.0	0.0	0.0	0.0	24.6276	0.0	0.0	0.0	0.0	0	0	0	0	32	0	0	0	0	0	0	0	0	0	0	0	0	0	0	0	0	0	179	0	0	0	0	0	0	0	0	0	0	0	0	0	0	0	0	0	0	0	0	0	0	0	0	0	0	0	0	0	0	0	0.0	0.0	0.0	0.0	6.5e-5	0.0	0.0	0.0	0.0	0.0	0.0	0.0	0.0	1.0	0.0	0.0	0.0	0.0	
184	214	5314.225056689	2276.45	2276.45	0.0038	0.0	0	0	0	0	212	0	0	0	0	0.0	0.0	0.0	0.0	0.035405	0.0	0.0	0.0	0.0	0.0	0.0	0.0	0.0	5216.34	0.0	0.0	0.0	0.0	0.0	0.0	0.0	0.0	24.6054	0.0	0.0	0.0	0.0	0	0	0	0	32	0	0	0	0	0	0	0	0	0	0	0	0	0	0	0	0	0	180	0	0	0	0	0	0	0	0	0	0	0	0	0	0	0	0	0	0	0	0	0	0	0	0	0	0	0	0	0	0	0	0.0	0.0	0.0	0.0	5.8e-5	0.0	0.0	0.0	0.0	0.0	0.0	0.0	0.0	1.0	0.0	0.0	0.0	0.0	
185	215	5323.204788954	2276.45	2276.45	0.003657	0.0	0	0	0	0	213	0	0	0	0	0.0	0.0	0.0	0.0	0.031865	0.0	0.0	0.0	0.0	0.0	0.0	0.0	0.0	5225.32	0.0	0.0	0.0	0.0	0.0	0.0	0.0	0.0	24.532	0.0	0.0	0.0	0.0	0	0	0	0	32	0	0	0	0	0	0	0	0	0	0	0	0	0	0	0	0	0	181	0	0	0	0	0	0	0	0	0	0	0	0	0	0	0	0	0	0	0	0	0	0	0	0	0	0	0	0	0	0	0	0.0	0.0	0.0	0.0	5.3e-5	0.0	0.0	0.0	0.0	0.0	0.0	0.0	0.0	1.0	0.0	0.0	0.0	0.0	
186	216	5378.080679211	2276.45	2276.45	0.003594	0.0	0	0	0	0	214	0	0	0	0	0.0	0.0	0.0	0.0	0.028678	0.0	0.0	0.0	0.0	0.0	0.0	0.0	0.0	5280.2	0.0	0.0	0.0	0.0	0.0	0.0	0.0	0.0	24.6738	0.0	0.0	0.0	0.0	0	0	0	0	32	0	0	0	0	0	0	0	0	0	0	0	0	0	0	0	0	0	182	0	0	0	0	0	0	0	0	0	0	0	0	0	0	0	0	0	0	0	0	0	0	0	0	0	0	0	0	0	0	0	0.0	0.0	0.0	0.0	4.7e-5	0.0	0.0	0.0	0.0	0.0	0.0	0.0	0.0	1.0	0.0	0.0	0.0	0.0	
187	217	5416.187662781	2276.45	2276.45	0.003234	0.0	0	0	0	0	215	0	0	0	0	0.0	0.0	0.0	0.0	0.02581	0.0	0.0	0.0	0.0	0.0	0.0	0.0	0.0	5318.3	0.0	0.0	0.0	0.0	0.0	0.0	0.0	0.0	24.7363	0.0	0.0	0.0	0.0	0	0	0	0	32	0	0	0	0	0	0	0	0	0	0	0	0	0	0	0	0	0	183	0	0	0	0	0	0	0	0	0	0	0	0	0	0	0	0	0	0	0	0	0	0	0	0	0	0	0	0	0	0	0	0.0	0.0	0.0	0.0	4.2e-5	0.0	0.0	0.0	0.0	0.0	0.0	0.0	0.0	1.0	0.0	0.0	0.0	0.0	
188	218	5428.802341414	2276.45	2276.45	0.003006	0.0	0	0	0	0	216	0	0	0	0	0.0	0.0	0.0	0.0	0.023229	0.0	0.0	0.0	0.0	0.0	0.0	0.0	0.0	5330.92	0.0	0.0	0.0	0.0	0.0	0.0	0.0	0.0	24.6802	0.0	0.0	0.0	0.0	0	0	0	0	32	0	0	0	0	0	0	0	0	0	0	0	0	0	0	0	0	0	184	0	0	0	0	0	0	0	0	0	0	0	0	0	0	0	0	0	0	0	0	0	0	0	0	0	0	0	0	0	0	0	0.0	0.0	0.0	0.0	3.8e-5	0.0	0.0	0.0	0.0	0.0	0.0	0.0	0.0	1.0	0.0	0.0	0.0	0.0	
189	219	5435.736525701	2276.45	2276.45	0.002934	0.0	0	0	0	0	217	0	0	0	0	0.0	0.0	0.0	0.0	0.020906	0.0	0.0	0.0	0.0	0.0	0.0	0.0	0.0	5337.85	0.0	0.0	0.0	0.0	0.0	0.0	0.0	0.0	24.5984	0.0	0.0	0.0	0.0	0	0	0	0	32	0	0	0	0	0	0	0	0	0	0	0	0	0	0	0	0	0	185	0	0	0	0	0	0	0	0	0	0	0	0	0	0	0	0	0	0	0	0	0	0	0	0	0	0	0	0	0	0	0	0.0	0.0	0.0	0.0	3.5e-5	0.0	0.0	0.0	0.0	0.0	0.0	0.0	0.0	1.0	0.0	0.0	0.0	0.0	
190	220	5442.567114563	2276.45	2276.45	0.002895	0.0	0	0	0	0	218	0	0	0	0	0.0	0.0	0.0	0.0	0.018816	0.0	0.0	0.0	0.0	0.0	0.0	0.0	0.0	5344.68	0.0	0.0	0.0	0.0	0.0	0.0	0.0	0.0	24.5169	0.0	0.0	0.0	0.0	0	0	0	0	32	0	0	0	0	0	0	0	0	0	0	0	0	0	0	0	0	0	186	0	0	0	0	0	0	0	0	0	0	0	0	0	0	0	0	0	0	0	0	0	0	0	0	0	0	0	0	0	0	0	0.0	0.0	0.0	0.0	3.1e-5	0.0	0.0	0.0	0.0	0.0	0.0	0.0	0.0	1.0	0.0	0.0	0.0	0.0	
191	222	5490.894964136	2276.45	2276.45	0.002855	0.0	0	0	0	0	220	0	0	0	0	0.0	0.0	0.0	0.0	0.015241	0.0	0.0	0.0	0.0	0.0	0.0	0.0	0.0	5393.01	0.0	0.0	0.0	0.0	0.0	0.0	0.0	0.0	24.5137	0.0	0.0	0.0	0.0	0	0	0	0	32	0	0	0	0	0	0	0	0	0	0	0	0	0	0	0	0	0	188	0	0	0	0	0	0	0	0	0	0	0	0	0	0	0	0	0	0	0	0	0	0	0	0	0	0	0	0	0	0	0	0.0	0.0	0.0	0.0	2.5e-5	0.0	0.0	0.0	0.0	0.0	0.0	0.0	0.0	1.0	0.0	0.0	0.0	0.0	
192	223	5504.883044166	2276.45	2276.45	0.002604	0.0	0	0	0	0	221	0	0	0	0	0.0	0.0	0.0	0.0	0.013717	0.0	0.0	0.0	0.0	0.0	0.0	0.0	0.0	5407.0	0.0	0.0	0.0	0.0	0.0	0.0	0.0	0.0	24.4661	0.0	0.0	0.0	0.0	0	0	0	0	32	0	0	0	0	0	0	0	0	0	0	0	0	0	0	0	0	0	189	0	0	0	0	0	0	0	0	0	0	0	0	0	0	0	0	0	0	0	0	0	0	0	0	0	0	0	0	0	0	0	0.0	0.0	0.0	0.0	2.3e-5	0.0	0.0	0.0	0.0	0.0	0.0	0.0	0.0	1.0	0.0	0.0	0.0	0.0	
193	224	5514.706229895	2276.45	2276.45	0.002535	0.0	0	0	0	0	222	0	0	0	0	0.0	0.0	0.0	0.0	0.012345	0.0	0.0	0.0	0.0	0.0	0.0	0.0	0.0	5416.82	0.0	0.0	0.0	0.0	0.0	0.0	0.0	0.0	24.4001	0.0	0.0	0.0	0.0	0	0	0	0	32	0	0	0	0	0	0	0	0	0	0	0	0	0	0	0	0	0	190	0	0	0	0	0	0	0	0	0	0	0	0	0	0	0	0	0	0	0	0	0	0	0	0	0	0	0	0	0	0	0	0.0	0.0	0.0	0.0	2.1e-5	0.0	0.0	0.0	0.0	0.0	0.0	0.0	0.0	1.0	0.0	0.0	0.0	0.0	
194	225	5523.232725237	2276.45	2276.45	0.002487	0.0	0	0	0	0	223	0	0	0	0	0.0	0.0	0.0	0.0	0.01111	0.0	0.0	0.0	0.0	0.0	0.0	0.0	0.0	5425.35	0.0	0.0	0.0	0.0	0.0	0.0	0.0	0.0	24.3289	0.0	0.0	0.0	0.0	0	0	0	0	32	0	0	0	0	0	0	0	0	0	0	0	0	0	0	0	0	0	191	0	0	0	0	0	0	0	0	0	0	0	0	0	0	0	0	0	0	0	0	0	0	0	0	0	0	0	0	0	0	0	0.0	0.0	0.0	0.0	1.9e-5	0.0	0.0	0.0	0.0	0.0	0.0	0.0	0.0	1.0	0.0	0.0	0.0	0.0	
195	226	5534.699393281	2276.45	2276.45	0.002447	0.0	0	0	0	0	224	0	0	0	0	0.0	0.0	0.0	0.0	0.009999	0.0	0.0	0.0	0.0	0.0	0.0	0.0	0.0	5436.82	0.0	0.0	0.0	0.0	0.0	0.0	0.0	0.0	24.2715	0.0	0.0	0.0	0.0	0	0	0	0	32	0	0	0	0	0	0	0	0	0	0	0	0	0	0	0	0	0	192	0	0	0	0	0	0	0	0	0	0	0	0	0	0	0	0	0	0	0	0	0	0	0	0	0	0	0	0	0	0	0	0.0	0.0	0.0	0.0	1.7e-5	0.0	0.0	0.0	0.0	0.0	0.0	0.0	0.0	1.0	0.0	0.0	0.0	0.0	
196	228	5545.844643169	2276.45	2276.45	0.002392	0.0	0	0	0	0	226	0	0	0	0	0.0	0.0	0.0	0.0	0.0081	0.0	0.0	0.0	0.0	0.0	0.0	0.0	0.0	5447.96	0.0	0.0	0.0	0.0	0.0	0.0	0.0	0.0	24.106	0.0	0.0	0.0	0.0	0	0	0	0	32	0	0	0	0	0	0	0	0	0	0	0	0	0	0	0	0	0	194	0	0	0	0	0	0	0	0	0	0	0	0	0	0	0	0	0	0	0	0	0	0	0	0	0	0	0	0	0	0	0	0.0	0.0	0.0	0.0	1.4e-5	0.0	0.0	0.0	0.0	0.0	0.0	0.0	0.0	1.0	0.0	0.0	0.0	0.0	
197	229	5558.361393905	2276.45	2276.45	0.002343	0.0	0	0	0	0	227	0	0	0	0	0.0	0.0	0.0	0.0	0.00729	0.0	0.0	0.0	0.0	0.0	0.0	0.0	0.0	5460.48	0.0	0.0	0.0	0.0	0.0	0.0	0.0	0.0	24.055	0.0	0.0	0.0	0.0	0	0	0	0	32	0	0	0	0	0	0	0	0	0	0	0	0	0	0	0	0	0	195	0	0	0	0	0	0	0	0	0	0	0	0	0	0	0	0	0	0	0	0	0	0	0	0	0	0	0	0	0	0	0	0.0	0.0	0.0	0.0	1.3e-5	0.0	0.0	0.0	0.0	0.0	0.0	0.0	0.0	1.0	0.0	0.0	0.0	0.0	
198	230	5568.677827736	2276.45	2276.45	0.002287	0.0	0	0	0	0	228	0	0	0	0	0.0	0.0	0.0	0.0	0.006561	0.0	0.0	0.0	0.0	0.0	0.0	0.0	0.0	5470.79	0.0	0.0	0.0	0.0	0.0	0.0	0.0	0.0	23.9947	0.0	0.0	0.0	0.0	0	0	0	0	32	0	0	0	0	0	0	0	0	0	0	0	0	0	0	0	0	0	196	0	0	0	0	0	0	0	0	0	0	0	0	0	0	0	0	0	0	0	0	0	0	0	0	0	0	0	0	0	0	0	0.0	0.0	0.0	0.0	1.1e-5	0.0	0.0	0.0	0.0	0.0	0.0	0.0	0.0	1.0	0.0	0.0	0.0	0.0	
199	231	5580.069605651	2276.45	2276.45	0.002242	0.0	0	0	0	0	229	0	0	0	0	0.0	0.0	0.0	0.0	0.005905	0.0	0.0	0.0	0.0	0.0	0.0	0.0	0.0	5482.19	0.0	0.0	0.0	0.0	0.0	0.0	0.0	0.0	23.9397	0.0	0.0	0.0	0.0	0	0	0	0	32	0	0	0	0	0	0	0	0	0	0	0	0	0	0	0	0	0	197	0	0	0	0	0	0	0	0	0	0	0	0	0	0	0	0	0	0	0	0	0	0	0	0	0	0	0	0	0	0	0	0.0	0.0	0.0	0.0	1.0e-5	0.0	0.0	0.0	0.0	0.0	0.0	0.0	0.0	1.0	0.0	0.0	0.0	0.0	
200	232	5593.25135183	2276.45	2276.45	0.002194	0.0	0	0	0	0	230	0	0	0	0	0.0	0.0	0.0	0.0	0.005314	0.0	0.0	0.0	0.0	0.0	0.0	0.0	0.0	5495.37	0.0	0.0	0.0	0.0	0.0	0.0	0.0	0.0	23.8929	0.0	0.0	0.0	0.0	0	0	0	0	32	0	0	0	0	0	0	0	0	0	0	0	0	0	0	0	0	0	198	0	0	0	0	0	0	0	0	0	0	0	0	0	0	0	0	0	0	0	0	0	0	0	0	0	0	0	0	0	0	0	0.0	0.0	0.0	0.0	9.0e-6	0.0	0.0	0.0	0.0	0.0	0.0	0.0	0.0	1.0	0.0	0.0	0.0	0.0	
201	233	5600.707791683	2276.45	2276.45	0.002139	0.0	0	0	0	0	231	0	0	0	0	0.0	0.0	0.0	0.0	0.004783	0.0	0.0	0.0	0.0	0.0	0.0	0.0	0.0	5502.82	0.0	0.0	0.0	0.0	0.0	0.0	0.0	0.0	23.8218	0.0	0.0	0.0	0.0	0	0	0	0	32	0	0	0	0	0	0	0	0	0	0	0	0	0	0	0	0	0	199	0	0	0	0	0	0	0	0	0	0	0	0	0	0	0	0	0	0	0	0	0	0	0	0	0	0	0	0	0	0	0	0.0	0.0	0.0	0.0	8.0e-6	0.0	0.0	0.0	0.0	0.0	0.0	0.0	0.0	1.0	0.0	0.0	0.0	0.0	
202	234	5614.529599638	2276.45	2276.45	0.002108	0.0	0	0	0	0	232	0	0	0	0	0.0	0.0	0.0	0.0	0.004304	0.0	0.0	0.0	0.0	0.0	0.0	0.0	0.0	5516.65	0.0	0.0	0.0	0.0	0.0	0.0	0.0	0.0	23.7786	0.0	0.0	0.0	0.0	0	0	0	0	32	0	0	0	0	0	0	0	0	0	0	0	0	0	0	0	0	0	200	0	0	0	0	0	0	0	0	0	0	0	0	0	0	0	0	0	0	0	0	0	0	0	0	0	0	0	0	0	0	0	0.0	0.0	0.0	0.0	8.0e-6	0.0	0.0	0.0	0.0	0.0	0.0	0.0	0.0	1.0	0.0	0.0	0.0	0.0	
203	235	5671.029441732	2276.45	2276.45	0.002053	0.0	0	0	0	0	233	0	0	0	0	0.0	0.0	0.0	0.0	0.003874	0.0	0.0	0.0	0.0	0.0	0.0	0.0	0.0	5573.15	0.0	0.0	0.0	0.0	0.0	0.0	0.0	0.0	23.9191	0.0	0.0	0.0	0.0	0	0	0	0	32	0	0	0	0	0	0	0	0	0	0	0	0	0	0	0	0	0	201	0	0	0	0	0	0	0	0	0	0	0	0	0	0	0	0	0	0	0	0	0	0	0	0	0	0	0	0	0	0	0	0.0	0.0	0.0	0.0	7.0e-6	0.0	0.0	0.0	0.0	0.0	0.0	0.0	0.0	1.0	0.0	0.0	0.0	0.0	
204	236	5687.272565778	2276.45	2276.45	0.001842	0.0	0	0	0	0	234	0	0	0	0	0.0	0.0	0.0	0.0	0.003487	0.0	0.0	0.0	0.0	0.0	0.0	0.0	0.0	5589.39	0.0	0.0	0.0	0.0	0.0	0.0	0.0	0.0	23.8863	0.0	0.0	0.0	0.0	0	0	0	0	32	0	0	0	0	0	0	0	0	0	0	0	0	0	0	0	0	0	202	0	0	0	0	0	0	0	0	0	0	0	0	0	0	0	0	0	0	0	0	0	0	0	0	0	0	0	0	0	0	0	0.0	0.0	0.0	0.0	6.0e-6	0.0	0.0	0.0	0.0	0.0	0.0	0.0	0.0	1.0	0.0	0.0	0.0	0.0	
205	237	5709.331046874	2276.45	2276.45	0.001785	0.0	0	0	0	0	235	0	0	0	0	0.0	0.0	0.0	0.0	0.003138	0.0	0.0	0.0	0.0	0.0	0.0	0.0	0.0	5611.45	0.0	0.0	0.0	0.0	0.0	0.0	0.0	0.0	23.8785	0.0	0.0	0.0	0.0	0	0	0	0	32	0	0	0	0	0	0	0	0	0	0	0	0	0	0	0	0	0	203	0	0	0	0	0	0	0	0	0	0	0	0	0	0	0	0	0	0	0	0	0	0	0	0	0	0	0	0	0	0	0	0.0	0.0	0.0	0.0	6.0e-6	0.0	0.0	0.0	0.0	0.0	0.0	0.0	0.0	1.0	0.0	0.0	0.0	0.0	
206	238	5716.728276095	2276.45	2276.45	0.001711	0.0	0	0	0	0	236	0	0	0	0	0.0	0.0	0.0	0.0	0.002824	0.0	0.0	0.0	0.0	0.0	0.0	0.0	0.0	5618.84	0.0	0.0	0.0	0.0	0.0	0.0	0.0	0.0	23.8087	0.0	0.0	0.0	0.0	0	0	0	0	32	0	0	0	0	0	0	0	0	0	0	0	0	0	0	0	0	0	204	0	0	0	0	0	0	0	0	0	0	0	0	0	0	0	0	0	0	0	0	0	0	0	0	0	0	0	0	0	0	0	0.0	0.0	0.0	0.0	5.0e-6	0.0	0.0	0.0	0.0	0.0	0.0	0.0	0.0	1.0	0.0	0.0	0.0	0.0	
207	239	5765.317448189	2276.45	2276.45	0.001687	0.0	0	0	0	0	237	0	0	0	0	0.0	0.0	0.0	0.0	0.002542	0.0	0.0	0.0	0.0	0.0	0.0	0.0	0.0	5667.43	0.0	0.0	0.0	0.0	0.0	0.0	0.0	0.0	23.9132	0.0	0.0	0.0	0.0	0	0	0	0	32	0	0	0	0	0	0	0	0	0	0	0	0	0	0	0	0	0	205	0	0	0	0	0	0	0	0	0	0	0	0	0	0	0	0	0	0	0	0	0	0	0	0	0	0	0	0	0	0	0	0.0	0.0	0.0	0.0	4.0e-6	0.0	0.0	0.0	0.0	0.0	0.0	0.0	0.0	1.0	0.0	0.0	0.0	0.0	
208	240	5786.843509163	2276.45	2276.45	0.001536	0.0	0	0	0	0	238	0	0	0	0	0.0	0.0	0.0	0.0	0.002288	0.0	0.0	0.0	0.0	0.0	0.0	0.0	0.0	5688.96	0.0	0.0	0.0	0.0	0.0	0.0	0.0	0.0	23.9032	0.0	0.0	0.0	0.0	0	0	0	0	32	0	0	0	0	0	0	0	0	0	0	0	0	0	0	0	0	0	206	0	0	0	0	0	0	0	0	0	0	0	0	0	0	0	0	0	0	0	0	0	0	0	0	0	0	0	0	0	0	0	0.0	0.0	0.0	0.0	4.0e-6	0.0	0.0	0.0	0.0	0.0	0.0	0.0	0.0	1.0	0.0	0.0	0.0	0.0	
209	241	5792.702899384	2276.45	2276.45	0.001474	0.0	0	0	0	0	239	0	0	0	0	0.0	0.0	0.0	0.0	0.002059	0.0	0.0	0.0	0.0	0.0	0.0	0.0	0.0	5694.82	0.0	0.0	0.0	0.0	0.0	0.0	0.0	0.0	23.8277	0.0	0.0	0.0	0.0	0	0	0	0	32	0	0	0	0	0	0	0	0	0	0	0	0	0	0	0	0	0	207	0	0	0	0	0	0	0	0	0	0	0	0	0	0	0	0	0	0	0	0	0	0	0	0	0	0	0	0	0	0	0	0.0	0.0	0.0	0.0	4.0e-6	0.0	0.0	0.0	0.0	0.0	0.0	0.0	0.0	1.0	0.0	0.0	0.0	0.0	
210	242	5812.507403606	2276.45	2276.45	0.001458	0.0	0	0	0	0	240	0	0	0	0	0.0	0.0	0.0	0.0	0.001853	0.0	0.0	0.0	0.0	0.0	0.0	0.0	0.0	5714.62	0.0	0.0	0.0	0.0	0.0	0.0	0.0	0.0	23.8109	0.0	0.0	0.0	0.0	0	0	0	0	32	0	0	0	0	0	0	0	0	0	0	0	0	0	0	0	0	0	208	0	0	0	0	0	0	0	0	0	0	0	0	0	0	0	0	0	0	0	0	0	0	0	0	0	0	0	0	0	0	0	0.0	0.0	0.0	0.0	3.0e-6	0.0	0.0	0.0	0.0	0.0	0.0	0.0	0.0	1.0	0.0	0.0	0.0	0.0	
211	243	5843.63463622	2276.45	2276.45	0.001403	0.0	0	0	0	0	241	0	0	0	0	0.0	0.0	0.0	0.0	0.001668	0.0	0.0	0.0	0.0	0.0	0.0	0.0	0.0	5745.75	0.0	0.0	0.0	0.0	0.0	0.0	0.0	0.0	23.8413	0.0	0.0	0.0	0.0	0	0	0	0	32	0	0	0	0	0	0	0	0	0	0	0	0	0	0	0	0	0	209	0	0	0	0	0	0	0	0	0	0	0	0	0	0	0	0	0	0	0	0	0	0	0	0	0	0	0	0	0	0	0	0.0	0.0	0.0	0.0	3.0e-6	0.0	0.0	0.0	0.0	0.0	0.0	0.0	0.0	1.0	0.0	0.0	0.0	0.0	
212	244	5860.861655047	2276.45	2276.45	0.001322	0.0	0	0	0	0	242	0	0	0	0	0.0	0.0	0.0	0.0	0.001501	0.0	0.0	0.0	0.0	0.0	0.0	0.0	0.0	5762.98	0.0	0.0	0.0	0.0	0.0	0.0	0.0	0.0	23.814	0.0	0.0	0.0	0.0	0	0	0	0	32	0	0	0	0	0	0	0	0	0	0	0	0	0	0	0	0	0	210	0	0	0	0	0	0	0	0	0	0	0	0	0	0	0	0	0	0	0	0	0	0	0	0	0	0	0	0	0	0	0	0.0	0.0	0.0	0.0	3.0e-6	0.0	0.0	0.0	0.0	0.0	0.0	0.0	0.0	1.0	0.0	0.0	0.0	0.0	
213	245	6040.915289935	2276.45	2276.45	0.001279	0.0	0	0	0	0	243	0	0	0	0	0.0	0.0	0.0	0.0	0.001351	0.0	0.0	0.0	0.0	0.0	0.0	0.0	0.0	5943.03	0.0	0.0	0.0	0.0	0.0	0.0	0.0	0.0	24.4569	0.0	0.0	0.0	0.0	0	0	0	0	32	0	0	0	0	0	0	0	0	0	0	0	0	0	0	0	0	0	211	0	0	0	0	0	0	0	0	0	0	0	0	0	0	0	0	0	0	0	0	0	0	0	0	0	0	0	0	0	0	0	0.0	0.0	0.0	0.0	2.0e-6	0.0	0.0	0.0	0.0	0.0	0.0	0.0	0.0	1.0	0.0	0.0	0.0	0.0	
214	246	6119.821565684	2276.45	2276.45	0.000904	0.0	0	0	0	0	244	0	0	0	0	0.0	0.0	0.0	0.0	0.001216	0.0	0.0	0.0	0.0	0.0	0.0	0.0	0.0	6021.94	0.0	0.0	0.0	0.0	0.0	0.0	0.0	0.0	24.6801	0.0	0.0	0.0	0.0	0	0	0	0	32	0	0	0	0	0	0	0	0	0	0	0	0	0	0	0	0	0	212	0	0	0	0	0	0	0	0	0	0	0	0	0	0	0	0	0	0	0	0	0	0	0	0	0	0	0	0	0	0	0	0.0	0.0	0.0	0.0	2.0e-6	0.0	0.0	0.0	0.0	0.0	0.0	0.0	0.0	1.0	0.0	0.0	0.0	0.0	
215	247	6135.798024596	2276.45	2276.45	0.000777	0.0	0	0	0	0	245	0	0	0	0	0.0	0.0	0.0	0.0	0.001094	0.0	0.0	0.0	0.0	0.0	0.0	0.0	0.0	6037.91	0.0	0.0	0.0	0.0	0.0	0.0	0.0	0.0	24.6445	0.0	0.0	0.0	0.0	0	0	0	0	32	0	0	0	0	0	0	0	0	0	0	0	0	0	0	0	0	0	213	0	0	0	0	0	0	0	0	0	0	0	0	0	0	0	0	0	0	0	0	0	0	0	0	0	0	0	0	0	0	0	0.0	0.0	0.0	0.0	2.0e-6	0.0	0.0	0.0	0.0	0.0	0.0	0.0	0.0	1.0	0.0	0.0	0.0	0.0	
216	248	6148.052357064	2276.45	2276.45	0.000754	0.0	0	0	0	0	246	0	0	0	0	0.0	0.0	0.0	0.0	0.000985	0.0	0.0	0.0	0.0	0.0	0.0	0.0	0.0	6050.17	0.0	0.0	0.0	0.0	0.0	0.0	0.0	0.0	24.5942	0.0	0.0	0.0	0.0	0	0	0	0	32	0	0	0	0	0	0	0	0	0	0	0	0	0	0	0	0	0	214	0	0	0	0	0	0	0	0	0	0	0	0	0	0	0	0	0	0	0	0	0	0	0	0	0	0	0	0	0	0	0	0.0	0.0	0.0	0.0	2.0e-6	0.0	0.0	0.0	0.0	0.0	0.0	0.0	0.0	1.0	0.0	0.0	0.0	0.0	
217	249	6162.070747565	2276.45	2276.45	0.000736	0.0	0	0	0	0	247	0	0	0	0	0.0	0.0	0.0	0.0	0.000886	0.0	0.0	0.0	0.0	0.0	0.0	0.0	0.0	6064.19	0.0	0.0	0.0	0.0	0.0	0.0	0.0	0.0	24.5514	0.0	0.0	0.0	0.0	0	0	0	0	32	0	0	0	0	0	0	0	0	0	0	0	0	0	0	0	0	0	215	0	0	0	0	0	0	0	0	0	0	0	0	0	0	0	0	0	0	0	0	0	0	0	0	0	0	0	0	0	0	0	0.0	0.0	0.0	0.0	1.0e-6	0.0	0.0	0.0	0.0	0.0	0.0	0.0	0.0	1.0	0.0	0.0	0.0	0.0	
218	250	6229.266676905	2276.45	2276.45	0.000717	0.0	0	0	0	0	248	0	0	0	0	0.0	0.0	0.0	0.0	0.000798	0.0	0.0	0.0	0.0	0.0	0.0	0.0	0.0	6131.38	0.0	0.0	0.0	0.0	0.0	0.0	0.0	0.0	24.7233	0.0	0.0	0.0	0.0	0	0	0	0	32	0	0	0	0	0	0	0	0	0	0	0	0	0	0	0	0	0	216	0	0	0	0	0	0	0	0	0	0	0	0	0	0	0	0	0	0	0	0	0	0	0	0	0	0	0	0	0	0	0	0.0	0.0	0.0	0.0	1.0e-6	0.0	0.0	0.0	0.0	0.0	0.0	0.0	0.0	1.0	0.0	0.0	0.0	0.0	
219	251	6274.990477086	2276.45	2276.45	0.00063	0.0	0	0	0	0	249	0	0	0	0	0.0	0.0	0.0	0.0	0.000718	0.0	0.0	0.0	0.0	0.0	0.0	0.0	0.0	6177.11	0.0	0.0	0.0	0.0	0.0	0.0	0.0	0.0	24.8077	0.0	0.0	0.0	0.0	0	0	0	0	32	0	0	0	0	0	0	0	0	0	0	0	0	0	0	0	0	0	217	0	0	0	0	0	0	0	0	0	0	0	0	0	0	0	0	0	0	0	0	0	0	0	0	0	0	0	0	0	0	0	0.0	0.0	0.0	0.0	1.0e-6	0.0	0.0	0.0	0.0	0.0	0.0	0.0	0.0	1.0	0.0	0.0	0.0	0.0	
220	252	6281.854482395	2276.45	2276.45	0.000577	0.0	0	0	0	0	250	0	0	0	0	0.0	0.0	0.0	0.0	0.000646	0.0	0.0	0.0	0.0	0.0	0.0	0.0	0.0	6183.97	0.0	0.0	0.0	0.0	0.0	0.0	0.0	0.0	24.7359	0.0	0.0	0.0	0.0	0	0	0	0	32	0	0	0	0	0	0	0	0	0	0	0	0	0	0	0	0	0	218	0	0	0	0	0	0	0	0	0	0	0	0	0	0	0	0	0	0	0	0	0	0	0	0	0	0	0	0	0	0	0	0.0	0.0	0.0	0.0	1.0e-6	0.0	0.0	0.0	0.0	0.0	0.0	0.0	0.0	1.0	0.0	0.0	0.0	0.0	
221	253	6295.83713976	2276.45	2276.45	0.000569	0.0	0	0	0	0	251	0	0	0	0	0.0	0.0	0.0	0.0	0.000581	0.0	0.0	0.0	0.0	0.0	0.0	0.0	0.0	6197.95	0.0	0.0	0.0	0.0	0.0	0.0	0.0	0.0	24.693	0.0	0.0	0.0	0.0	0	0	0	0	32	0	0	0	0	0	0	0	0	0	0	0	0	0	0	0	0	0	219	0	0	0	0	0	0	0	0	0	0	0	0	0	0	0	0	0	0	0	0	0	0	0	0	0	0	0	0	0	0	0	0.0	0.0	0.0	0.0	1.0e-6	0.0	0.0	0.0	0.0	0.0	0.0	0.0	0.0	1.0	0.0	0.0	0.0	0.0	
222	255	6301.738624474	2276.45	2276.45	0.000554	0.0	0	0	0	0	253	0	0	0	0	0.0	0.0	0.0	0.0	0.000471	0.0	0.0	0.0	0.0	0.0	0.0	0.0	0.0	6203.85	0.0	0.0	0.0	0.0	0.0	0.0	0.0	0.0	24.5212	0.0	0.0	0.0	0.0	0	0	0	0	32	0	0	0	0	0	0	0	0	0	0	0	0	0	0	0	0	0	221	0	0	0	0	0	0	0	0	0	0	0	0	0	0	0	0	0	0	0	0	0	0	0	0	0	0	0	0	0	0	0	0.0	0.0	0.0	0.0	1.0e-6	0.0	0.0	0.0	0.0	0.0	0.0	0.0	0.0	1.0	0.0	0.0	0.0	0.0	
223	256	6319.75309842	2276.45	2276.45	0.000548	0.0	0	0	0	0	254	0	0	0	0	0.0	0.0	0.0	0.0	0.000424	0.0	0.0	0.0	0.0	0.0	0.0	0.0	0.0	6221.87	0.0	0.0	0.0	0.0	0.0	0.0	0.0	0.0	24.4955	0.0	0.0	0.0	0.0	0	0	0	0	32	0	0	0	0	0	0	0	0	0	0	0	0	0	0	0	0	0	222	0	0	0	0	0	0	0	0	0	0	0	0	0	0	0	0	0	0	0	0	0	0	0	0	0	0	0	0	0	0	0	0.0	0.0	0.0	0.0	1.0e-6	0.0	0.0	0.0	0.0	0.0	0.0	0.0	0.0	1.0	0.0	0.0	0.0	0.0	
224	257	6330.287095626	2276.45	2276.45	0.000529	0.0	0	0	0	0	255	0	0	0	0	0.0	0.0	0.0	0.0	0.000382	0.0	0.0	0.0	0.0	0.0	0.0	0.0	0.0	6232.4	0.0	0.0	0.0	0.0	0.0	0.0	0.0	0.0	24.4408	0.0	0.0	0.0	0.0	0	0	0	0	32	0	0	0	0	0	0	0	0	0	0	0	0	0	0	0	0	0	223	0	0	0	0	0	0	0	0	0	0	0	0	0	0	0	0	0	0	0	0	0	0	0	0	0	0	0	0	0	0	0	0.0	0.0	0.0	0.0	1.0e-6	0.0	0.0	0.0	0.0	0.0	0.0	0.0	0.0	1.0	0.0	0.0	0.0	0.0	
225	258	6390.00450822	2276.45	2276.45	0.000519	0.0	0	0	0	0	256	0	0	0	0	0.0	0.0	0.0	0.0	0.000343	0.0	0.0	0.0	0.0	0.0	0.0	0.0	0.0	6292.12	0.0	0.0	0.0	0.0	0.0	0.0	0.0	0.0	24.5786	0.0	0.0	0.0	0.0	0	0	0	0	32	0	0	0	0	0	0	0	0	0	0	0	0	0	0	0	0	0	224	0	0	0	0	0	0	0	0	0	0	0	0	0	0	0	0	0	0	0	0	0	0	0	0	0	0	0	0	0	0	0	0.0	0.0	0.0	0.0	1.0e-6	0.0	0.0	0.0	0.0	0.0	0.0	0.0	0.0	1.0	0.0	0.0	0.0	0.0	
226	259	6405.990888495	2276.45	2276.45	0.000462	0.0	0	0	0	0	257	0	0	0	0	0.0	0.0	0.0	0.0	0.000309	0.0	0.0	0.0	0.0	0.0	0.0	0.0	0.0	6308.11	0.0	0.0	0.0	0.0	0.0	0.0	0.0	0.0	24.5452	0.0	0.0	0.0	0.0	0	0	0	0	32	0	0	0	0	0	0	0	0	0	0	0	0	0	0	0	0	0	225	0	0	0	0	0	0	0	0	0	0	0	0	0	0	0	0	0	0	0	0	0	0	0	0	0	0	0	0	0	0	0	0.0	0.0	0.0	0.0	1.0e-6	0.0	0.0	0.0	0.0	0.0	0.0	0.0	0.0	1.0	0.0	0.0	0.0	0.0	
227	260	6429.150376512	2276.45	2276.45	0.000448	0.0	0	0	0	0	258	0	0	0	0	0.0	0.0	0.0	0.0	0.000278	0.0	0.0	0.0	0.0	0.0	0.0	0.0	0.0	6331.27	0.0	0.0	0.0	0.0	0.0	0.0	0.0	0.0	24.5398	0.0	0.0	0.0	0.0	0	0	0	0	32	0	0	0	0	0	0	0	0	0	0	0	0	0	0	0	0	0	226	0	0	0	0	0	0	0	0	0	0	0	0	0	0	0	0	0	0	0	0	0	0	0	0	0	0	0	0	0	0	0	0.0	0.0	0.0	0.0	0.0	0.0	0.0	0.0	0.0	0.0	0.0	0.0	0.0	1.0	0.0	0.0	0.0	0.0	
228	262	6452.369724401	2276.45	2276.45	0.000428	0.0	0	0	0	0	260	0	0	0	0	0.0	0.0	0.0	0.0	0.000225	0.0	0.0	0.0	0.0	0.0	0.0	0.0	0.0	6354.49	0.0	0.0	0.0	0.0	0.0	0.0	0.0	0.0	24.4403	0.0	0.0	0.0	0.0	0	0	0	0	32	0	0	0	0	0	0	0	0	0	0	0	0	0	0	0	0	0	228	0	0	0	0	0	0	0	0	0	0	0	0	0	0	0	0	0	0	0	0	0	0	0	0	0	0	0	0	0	0	0	0.0	0.0	0.0	0.0	0.0	0.0	0.0	0.0	0.0	0.0	0.0	0.0	0.0	1.0	0.0	0.0	0.0	0.0	
229	264	6471.903762856	2276.45	2276.45	0.00041	0.0	0	0	0	0	262	0	0	0	0	0.0	0.0	0.0	0.0	0.000182	0.0	0.0	0.0	0.0	0.0	0.0	0.0	0.0	6374.02	0.0	0.0	0.0	0.0	0.0	0.0	0.0	0.0	24.3283	0.0	0.0	0.0	0.0	0	0	0	0	32	0	0	0	0	0	0	0	0	0	0	0	0	0	0	0	0	0	230	0	0	0	0	0	0	0	0	0	0	0	0	0	0	0	0	0	0	0	0	0	0	0	0	0	0	0	0	0	0	0	0.0	0.0	0.0	0.0	0.0	0.0	0.0	0.0	0.0	0.0	0.0	0.0	0.0	1.0	0.0	0.0	0.0	0.0	
230	265	6484.87088659	2276.45	2276.45	0.000395	0.0	0	0	0	0	263	0	0	0	0	0.0	0.0	0.0	0.0	0.000164	0.0	0.0	0.0	0.0	0.0	0.0	0.0	0.0	6386.99	0.0	0.0	0.0	0.0	0.0	0.0	0.0	0.0	24.2851	0.0	0.0	0.0	0.0	0	0	0	0	32	0	0	0	0	0	0	0	0	0	0	0	0	0	0	0	0	0	231	0	0	0	0	0	0	0	0	0	0	0	0	0	0	0	0	0	0	0	0	0	0	0	0	0	0	0	0	0	0	0	0.0	0.0	0.0	0.0	0.0	0.0	0.0	0.0	0.0	0.0	0.0	0.0	0.0	1.0	0.0	0.0	0.0	0.0	
231	266	6494.007260433	2276.45	2276.45	0.000385	0.0	0	0	0	0	264	0	0	0	0	0.0	0.0	0.0	0.0	0.000148	0.0	0.0	0.0	0.0	0.0	0.0	0.0	0.0	6396.12	0.0	0.0	0.0	0.0	0.0	0.0	0.0	0.0	24.2277	0.0	0.0	0.0	0.0	0	0	0	0	32	0	0	0	0	0	0	0	0	0	0	0	0	0	0	0	0	0	232	0	0	0	0	0	0	0	0	0	0	0	0	0	0	0	0	0	0	0	0	0	0	0	0	0	0	0	0	0	0	0	0.0	0.0	0.0	0.0	0.0	0.0	0.0	0.0	0.0	0.0	0.0	0.0	0.0	1.0	0.0	0.0	0.0	0.0	
232	267	6505.364677941	2276.45	2276.45	0.000379	0.0	0	0	0	0	265	0	0	0	0	0.0	0.0	0.0	0.0	0.000133	0.0	0.0	0.0	0.0	0.0	0.0	0.0	0.0	6407.48	0.0	0.0	0.0	0.0	0.0	0.0	0.0	0.0	24.1792	0.0	0.0	0.0	0.0	0	0	0	0	32	0	0	0	0	0	0	0	0	0	0	0	0	0	0	0	0	0	233	0	0	0	0	0	0	0	0	0	0	0	0	0	0	0	0	0	0	0	0	0	0	0	0	0	0	0	0	0	0	0	0.0	0.0	0.0	0.0	0.0	0.0	0.0	0.0	0.0	0.0	0.0	0.0	0.0	1.0	0.0	0.0	0.0	0.0	
233	268	6533.932347769	2276.45	2276.45	0.00037	0.0	0	0	0	0	266	0	0	0	0	0.0	0.0	0.0	0.0	0.00012	0.0	0.0	0.0	0.0	0.0	0.0	0.0	0.0	6436.05	0.0	0.0	0.0	0.0	0.0	0.0	0.0	0.0	24.1957	0.0	0.0	0.0	0.0	0	0	0	0	32	0	0	0	0	0	0	0	0	0	0	0	0	0	0	0	0	0	234	0	0	0	0	0	0	0	0	0	0	0	0	0	0	0	0	0	0	0	0	0	0	0	0	0	0	0	0	0	0	0	0.0	0.0	0.0	0.0	0.0	0.0	0.0	0.0	0.0	0.0	0.0	0.0	0.0	1.0	0.0	0.0	0.0	0.0	
234	269	6541.379910258	2276.45	2276.45	0.000351	0.0	0	0	0	0	267	0	0	0	0	0.0	0.0	0.0	0.0	0.000108	0.0	0.0	0.0	0.0	0.0	0.0	0.0	0.0	6443.5	0.0	0.0	0.0	0.0	0.0	0.0	0.0	0.0	24.1329	0.0	0.0	0.0	0.0	0	0	0	0	32	0	0	0	0	0	0	0	0	0	0	0	0	0	0	0	0	0	235	0	0	0	0	0	0	0	0	0	0	0	0	0	0	0	0	0	0	0	0	0	0	0	0	0	0	0	0	0	0	0	0.0	0.0	0.0	0.0	0.0	0.0	0.0	0.0	0.0	0.0	0.0	0.0	0.0	1.0	0.0	0.0	0.0	0.0	
235	270	6578.541470158	2276.45	2276.45	0.000346	0.0	0	0	0	0	268	0	0	0	0	0.0	0.0	0.0	0.0	9.7e-5	0.0	0.0	0.0	0.0	0.0	0.0	0.0	0.0	6480.66	0.0	0.0	0.0	0.0	0.0	0.0	0.0	0.0	24.1816	0.0	0.0	0.0	0.0	0	0	0	0	32	0	0	0	0	0	0	0	0	0	0	0	0	0	0	0	0	0	236	0	0	0	0	0	0	0	0	0	0	0	0	0	0	0	0	0	0	0	0	0	0	0	0	0	0	0	0	0	0	0	0.0	0.0	0.0	0.0	0.0	0.0	0.0	0.0	0.0	0.0	0.0	0.0	0.0	1.0	0.0	0.0	0.0	0.0	
236	271	6597.414976653	2276.45	2276.45	0.000322	0.0	0	0	0	0	269	0	0	0	0	0.0	0.0	0.0	0.0	8.7e-5	0.0	0.0	0.0	0.0	0.0	0.0	0.0	0.0	6499.53	0.0	0.0	0.0	0.0	0.0	0.0	0.0	0.0	24.1618	0.0	0.0	0.0	0.0	0	0	0	0	32	0	0	0	0	0	0	0	0	0	0	0	0	0	0	0	0	0	237	0	0	0	0	0	0	0	0	0	0	0	0	0	0	0	0	0	0	0	0	0	0	0	0	0	0	0	0	0	0	0	0.0	0.0	0.0	0.0	0.0	0.0	0.0	0.0	0.0	0.0	0.0	0.0	0.0	1.0	0.0	0.0	0.0	0.0	
237	272	6605.439636886	2276.45	2276.45	0.00031	0.0	0	0	0	0	270	0	0	0	0	0.0	0.0	0.0	0.0	7.9e-5	0.0	0.0	0.0	0.0	0.0	0.0	0.0	0.0	6507.56	0.0	0.0	0.0	0.0	0.0	0.0	0.0	0.0	24.1021	0.0	0.0	0.0	0.0	0	0	0	0	32	0	0	0	0	0	0	0	0	0	0	0	0	0	0	0	0	0	238	0	0	0	0	0	0	0	0	0	0	0	0	0	0	0	0	0	0	0	0	0	0	0	0	0	0	0	0	0	0	0	0.0	0.0	0.0	0.0	0.0	0.0	0.0	0.0	0.0	0.0	0.0	0.0	0.0	1.0	0.0	0.0	0.0	0.0	
238	273	6623.306124628	2276.45	2276.45	0.000306	0.0	0	0	0	0	271	0	0	0	0	0.0	0.0	0.0	0.0	7.1e-5	0.0	0.0	0.0	0.0	0.0	0.0	0.0	0.0	6525.42	0.0	0.0	0.0	0.0	0.0	0.0	0.0	0.0	24.079	0.0	0.0	0.0	0.0	0	0	0	0	32	0	0	0	0	0	0	0	0	0	0	0	0	0	0	0	0	0	239	0	0	0	0	0	0	0	0	0	0	0	0	0	0	0	0	0	0	0	0	0	0	0	0	0	0	0	0	0	0	0	0.0	0.0	0.0	0.0	0.0	0.0	0.0	0.0	0.0	0.0	0.0	0.0	0.0	1.0	0.0	0.0	0.0	0.0	
239	274	6631.296973819	2276.45	2276.45	0.000295	0.0	0	0	0	0	272	0	0	0	0	0.0	0.0	0.0	0.0	6.4e-5	0.0	0.0	0.0	0.0	0.0	0.0	0.0	0.0	6533.41	0.0	0.0	0.0	0.0	0.0	0.0	0.0	0.0	24.0199	0.0	0.0	0.0	0.0	0	0	0	0	32	0	0	0	0	0	0	0	0	0	0	0	0	0	0	0	0	0	240	0	0	0	0	0	0	0	0	0	0	0	0	0	0	0	0	0	0	0	0	0	0	0	0	0	0	0	0	0	0	0	0.0	0.0	0.0	0.0	0.0	0.0	0.0	0.0	0.0	0.0	0.0	0.0	0.0	1.0	0.0	0.0	0.0	0.0	
240	276	6647.500572845	2276.45	2276.45	0.00029	0.0	0	0	0	0	274	0	0	0	0	0.0	0.0	0.0	0.0	5.2e-5	0.0	0.0	0.0	0.0	0.0	0.0	0.0	0.0	6549.62	0.0	0.0	0.0	0.0	0.0	0.0	0.0	0.0	23.9037	0.0	0.0	0.0	0.0	0	0	0	0	32	0	0	0	0	0	0	0	0	0	0	0	0	0	0	0	0	0	242	0	0	0	0	0	0	0	0	0	0	0	0	0	0	0	0	0	0	0	0	0	0	0	0	0	0	0	0	0	0	0	0.0	0.0	0.0	0.0	0.0	0.0	0.0	0.0	0.0	0.0	0.0	0.0	0.0	1.0	0.0	0.0	0.0	0.0	
241	277	6658.596249379	2276.45	2276.45	0.000282	0.0	0	0	0	0	275	0	0	0	0	0.0	0.0	0.0	0.0	4.6e-5	0.0	0.0	0.0	0.0	0.0	0.0	0.0	0.0	6560.71	0.0	0.0	0.0	0.0	0.0	0.0	0.0	0.0	23.8571	0.0	0.0	0.0	0.0	0	0	0	0	32	0	0	0	0	0	0	0	0	0	0	0	0	0	0	0	0	0	243	0	0	0	0	0	0	0	0	0	0	0	0	0	0	0	0	0	0	0	0	0	0	0	0	0	0	0	0	0	0	0	0.0	0.0	0.0	0.0	0.0	0.0	0.0	0.0	0.0	0.0	0.0	0.0	0.0	1.0	0.0	0.0	0.0	0.0	
242	278	6737.608221515	2276.45	2276.45	0.000276	0.0	0	0	0	0	276	0	0	0	0	0.0	0.0	0.0	0.0	4.2e-5	0.0	0.0	0.0	0.0	0.0	0.0	0.0	0.0	6639.72	0.0	0.0	0.0	0.0	0.0	0.0	0.0	0.0	24.057	0.0	0.0	0.0	0.0	0	0	0	0	32	0	0	0	0	0	0	0	0	0	0	0	0	0	0	0	0	0	244	0	0	0	0	0	0	0	0	0	0	0	0	0	0	0	0	0	0	0	0	0	0	0	0	0	0	0	0	0	0	0	0.0	0.0	0.0	0.0	0.0	0.0	0.0	0.0	0.0	0.0	0.0	0.0	0.0	1.0	0.0	0.0	0.0	0.0	
243	280	6755.322880408	2276.45	2276.45	0.000237	0.0	0	0	0	0	278	0	0	0	0	0.0	0.0	0.0	0.0	3.4e-5	0.0	0.0	0.0	0.0	0.0	0.0	0.0	0.0	6657.44	0.0	0.0	0.0	0.0	0.0	0.0	0.0	0.0	23.9476	0.0	0.0	0.0	0.0	0	0	0	0	32	0	0	0	0	0	0	0	0	0	0	0	0	0	0	0	0	0	246	0	0	0	0	0	0	0	0	0	0	0	0	0	0	0	0	0	0	0	0	0	0	0	0	0	0	0	0	0	0	0	0.0	0.0	0.0	0.0	0.0	0.0	0.0	0.0	0.0	0.0	0.0	0.0	0.0	1.0	0.0	0.0	0.0	0.0	
244	281	6769.994033722	2276.45	2276.45	0.000229	0.0	0	0	0	0	279	0	0	0	0	0.0	0.0	0.0	0.0	3.0e-5	0.0	0.0	0.0	0.0	0.0	0.0	0.0	0.0	6672.11	0.0	0.0	0.0	0.0	0.0	0.0	0.0	0.0	23.9144	0.0	0.0	0.0	0.0	0	0	0	0	32	0	0	0	0	0	0	0	0	0	0	0	0	0	0	0	0	0	247	0	0	0	0	0	0	0	0	0	0	0	0	0	0	0	0	0	0	0	0	0	0	0	0	0	0	0	0	0	0	0	0.0	0.0	0.0	0.0	0.0	0.0	0.0	0.0	0.0	0.0	0.0	0.0	0.0	1.0	0.0	0.0	0.0	0.0	
245	282	6784.283819046	2276.45	2276.45	0.000223	0.0	0	0	0	0	280	0	0	0	0	0.0	0.0	0.0	0.0	2.7e-5	0.0	0.0	0.0	0.0	0.0	0.0	0.0	0.0	6686.4	0.0	0.0	0.0	0.0	0.0	0.0	0.0	0.0	23.88	0.0	0.0	0.0	0.0	0	0	0	0	32	0	0	0	0	0	0	0	0	0	0	0	0	0	0	0	0	0	248	0	0	0	0	0	0	0	0	0	0	0	0	0	0	0	0	0	0	0	0	0	0	0	0	0	0	0	0	0	0	0	0.0	0.0	0.0	0.0	0.0	0.0	0.0	0.0	0.0	0.0	0.0	0.0	0.0	1.0	0.0	0.0	0.0	0.0	
246	283	6811.753599871	2276.45	2276.45	0.000217	0.0	0	0	0	0	281	0	0	0	0	0.0	0.0	0.0	0.0	2.5e-5	0.0	0.0	0.0	0.0	0.0	0.0	0.0	0.0	6713.87	0.0	0.0	0.0	0.0	0.0	0.0	0.0	0.0	23.8928	0.0	0.0	0.0	0.0	0	0	0	0	32	0	0	0	0	0	0	0	0	0	0	0	0	0	0	0	0	0	249	0	0	0	0	0	0	0	0	0	0	0	0	0	0	0	0	0	0	0	0	0	0	0	0	0	0	0	0	0	0	0	0.0	0.0	0.0	0.0	0.0	0.0	0.0	0.0	0.0	0.0	0.0	0.0	0.0	1.0	0.0	0.0	0.0	0.0	
247	284	6819.971104661	2276.45	2276.45	0.000205	0.0	0	0	0	0	282	0	0	0	0	0.0	0.0	0.0	0.0	2.2e-5	0.0	0.0	0.0	0.0	0.0	0.0	0.0	0.0	6722.09	0.0	0.0	0.0	0.0	0.0	0.0	0.0	0.0	23.8372	0.0	0.0	0.0	0.0	0	0	0	0	32	0	0	0	0	0	0	0	0	0	0	0	0	0	0	0	0	0	250	0	0	0	0	0	0	0	0	0	0	0	0	0	0	0	0	0	0	0	0	0	0	0	0	0	0	0	0	0	0	0	0.0	0.0	0.0	0.0	0.0	0.0	0.0	0.0	0.0	0.0	0.0	0.0	0.0	1.0	0.0	0.0	0.0	0.0	
248	285	6831.529027447	2276.45	2276.45	0.000202	0.0	0	0	0	0	283	0	0	0	0	0.0	0.0	0.0	0.0	2.0e-5	0.0	0.0	0.0	0.0	0.0	0.0	0.0	0.0	6733.64	0.0	0.0	0.0	0.0	0.0	0.0	0.0	0.0	23.7938	0.0	0.0	0.0	0.0	0	0	0	0	32	0	0	0	0	0	0	0	0	0	0	0	0	0	0	0	0	0	251	0	0	0	0	0	0	0	0	0	0	0	0	0	0	0	0	0	0	0	0	0	0	0	0	0	0	0	0	0	0	0	0.0	0.0	0.0	0.0	0.0	0.0	0.0	0.0	0.0	0.0	0.0	0.0	0.0	1.0	0.0	0.0	0.0	0.0	
249	286	6842.075778737	2276.45	2276.45	0.000198	0.0	0	0	0	0	284	0	0	0	0	0.0	0.0	0.0	0.0	1.8e-5	0.0	0.0	0.0	0.0	0.0	0.0	0.0	0.0	6744.19	0.0	0.0	0.0	0.0	0.0	0.0	0.0	0.0	23.7472	0.0	0.0	0.0	0.0	0	0	0	0	32	0	0	0	0	0	0	0	0	0	0	0	0	0	0	0	0	0	252	0	0	0	0	0	0	0	0	0	0	0	0	0	0	0	0	0	0	0	0	0	0	0	0	0	0	0	0	0	0	0	0.0	0.0	0.0	0.0	0.0	0.0	0.0	0.0	0.0	0.0	0.0	0.0	0.0	1.0	0.0	0.0	0.0	0.0	
250	287	6857.844126974	2276.45	2276.45	0.000194	0.0	0	0	0	0	285	0	0	0	0	0.0	0.0	0.0	0.0	1.6e-5	0.0	0.0	0.0	0.0	0.0	0.0	0.0	0.0	6759.96	0.0	0.0	0.0	0.0	0.0	0.0	0.0	0.0	23.7192	0.0	0.0	0.0	0.0	0	0	0	0	32	0	0	0	0	0	0	0	0	0	0	0	0	0	0	0	0	0	253	0	0	0	0	0	0	0	0	0	0	0	0	0	0	0	0	0	0	0	0	0	0	0	0	0	0	0	0	0	0	0	0.0	0.0	0.0	0.0	0.0	0.0	0.0	0.0	0.0	0.0	0.0	0.0	0.0	1.0	0.0	0.0	0.0	0.0	
251	288	7037.978964231	2276.45	2276.45	0.000188	0.0	0	0	0	0	286	0	0	0	0	0.0	0.0	0.0	0.0	1.5e-5	0.0	0.0	0.0	0.0	0.0	0.0	0.0	0.0	6940.09	0.0	0.0	0.0	0.0	0.0	0.0	0.0	0.0	24.2661	0.0	0.0	0.0	0.0	0	0	0	0	32	0	0	0	0	0	0	0	0	0	0	0	0	0	0	0	0	0	254	0	0	0	0	0	0	0	0	0	0	0	0	0	0	0	0	0	0	0	0	0	0	0	0	0	0	0	0	0	0	0	0.0	0.0	0.0	0.0	0.0	0.0	0.0	0.0	0.0	0.0	0.0	0.0	0.0	1.0	0.0	0.0	0.0	0.0	
252	289	7126.302888046	2276.45	2276.45	0.000133	0.0	0	0	0	0	287	0	0	0	0	0.0	0.0	0.0	0.0	1.3e-5	0.0	0.0	0.0	0.0	0.0	0.0	0.0	0.0	7028.42	0.0	0.0	0.0	0.0	0.0	0.0	0.0	0.0	24.4893	0.0	0.0	0.0	0.0	0	0	0	0	32	0	0	0	0	0	0	0	0	0	0	0	0	0	0	0	0	0	255	0	0	0	0	0	0	0	0	0	0	0	0	0	0	0	0	0	0	0	0	0	0	0	0	0	0	0	0	0	0	0	0.0	0.0	0.0	0.0	0.0	0.0	0.0	0.0	0.0	0.0	0.0	0.0	0.0	1.0	0.0	0.0	0.0	0.0	
253	290	7134.862847133	2276.45	2276.45	0.000112	0.0	0	0	0	0	288	0	0	0	0	0.0	0.0	0.0	0.0	1.2e-5	0.0	0.0	0.0	0.0	0.0	0.0	0.0	0.0	7036.98	0.0	0.0	0.0	0.0	0.0	0.0	0.0	0.0	24.434	0.0	0.0	0.0	0.0	0	0	0	0	32	0	0	0	0	0	0	0	0	0	0	0	0	0	0	0	0	0	256	0	0	0	0	0	0	0	0	0	0	0	0	0	0	0	0	0	0	0	0	0	0	0	0	0	0	0	0	0	0	0	0.0	0.0	0.0	0.0	0.0	0.0	0.0	0.0	0.0	0.0	0.0	0.0	0.0	1.0	0.0	0.0	0.0	0.0	
254	291	7145.580914271	2276.45	2276.45	0.00011	0.0	0	0	0	0	289	0	0	0	0	0.0	0.0	0.0	0.0	1.1e-5	0.0	0.0	0.0	0.0	0.0	0.0	0.0	0.0	7047.7	0.0	0.0	0.0	0.0	0.0	0.0	0.0	0.0	24.3865	0.0	0.0	0.0	0.0	0	0	0	0	32	0	0	0	0	0	0	0	0	0	0	0	0	0	0	0	0	0	257	0	0	0	0	0	0	0	0	0	0	0	0	0	0	0	0	0	0	0	0	0	0	0	0	0	0	0	0	0	0	0	0.0	0.0	0.0	0.0	0.0	0.0	0.0	0.0	0.0	0.0	0.0	0.0	0.0	1.0	0.0	0.0	0.0	0.0	
255	293	7161.758407321	2276.45	2276.45	0.000108	0.0	0	0	0	0	291	0	0	0	0	0.0	0.0	0.0	0.0	9.0e-6	0.0	0.0	0.0	0.0	0.0	0.0	0.0	0.0	7063.87	0.0	0.0	0.0	0.0	0.0	0.0	0.0	0.0	24.2745	0.0	0.0	0.0	0.0	0	0	0	0	32	0	0	0	0	0	0	0	0	0	0	0	0	0	0	0	0	0	259	0	0	0	0	0	0	0	0	0	0	0	0	0	0	0	0	0	0	0	0	0	0	0	0	0	0	0	0	0	0	0	0.0	0.0	0.0	0.0	0.0	0.0	0.0	0.0	0.0	0.0	0.0	0.0	0.0	1.0	0.0	0.0	0.0	0.0	
256	294	7176.134739204	2276.45	2276.45	0.000105	0.0	0	0	0	0	292	0	0	0	0	0.0	0.0	0.0	0.0	8.0e-6	0.0	0.0	0.0	0.0	0.0	0.0	0.0	0.0	7078.25	0.0	0.0	0.0	0.0	0.0	0.0	0.0	0.0	24.2406	0.0	0.0	0.0	0.0	0	0	0	0	32	0	0	0	0	0	0	0	0	0	0	0	0	0	0	0	0	0	260	0	0	0	0	0	0	0	0	0	0	0	0	0	0	0	0	0	0	0	0	0	0	0	0	0	0	0	0	0	0	0	0.0	0.0	0.0	0.0	0.0	0.0	0.0	0.0	0.0	0.0	0.0	0.0	0.0	1.0	0.0	0.0	0.0	0.0	
257	295	7184.948684224	2276.45	2276.45	0.000102	0.0	0	0	0	0	293	0	0	0	0	0.0	0.0	0.0	0.0	7.0e-6	0.0	0.0	0.0	0.0	0.0	0.0	0.0	0.0	7087.06	0.0	0.0	0.0	0.0	0.0	0.0	0.0	0.0	24.1879	0.0	0.0	0.0	0.0	0	0	0	0	32	0	0	0	0	0	0	0	0	0	0	0	0	0	0	0	0	0	261	0	0	0	0	0	0	0	0	0	0	0	0	0	0	0	0	0	0	0	0	0	0	0	0	0	0	0	0	0	0	0	0.0	0.0	0.0	0.0	0.0	0.0	0.0	0.0	0.0	0.0	0.0	0.0	0.0	1.0	0.0	0.0	0.0	0.0	
258	296	7195.873446162	2276.45	2276.45	0.0001	0.0	0	0	0	0	294	0	0	0	0	0.0	0.0	0.0	0.0	6.0e-6	0.0	0.0	0.0	0.0	0.0	0.0	0.0	0.0	7097.99	0.0	0.0	0.0	0.0	0.0	0.0	0.0	0.0	24.1428	0.0	0.0	0.0	0.0	0	0	0	0	32	0	0	0	0	0	0	0	0	0	0	0	0	0	0	0	0	0	262	0	0	0	0	0	0	0	0	0	0	0	0	0	0	0	0	0	0	0	0	0	0	0	0	0	0	0	0	0	0	0	0.0	0.0	0.0	0.0	0.0	0.0	0.0	0.0	0.0	0.0	0.0	0.0	0.0	1.0	0.0	0.0	0.0	0.0	
259	296	7195.873469569	2276.45	2276.45	9.8e-5	0.0	0	0	0	0	294	0	0	0	0	0.0	0.0	0.0	0.0	6.0e-6	0.0	0.0	0.0	0.0	0.0	0.0	0.0	0.0	7097.99	0.0	0.0	0.0	0.0	0.0	0.0	0.0	0.0	24.1428	0.0	0.0	0.0	0.0	0	0	0	0	32	0	0	0	0	0	0	0	0	0	0	0	0	0	0	0	0	0	262	0	0	0	0	0	0	0	0	0	0	0	0	0	0	0	0	0	0	0	0	0	0	0	0	0	0	0	0	0	0	0	0.0	0.0	0.0	0.0	0.0	0.0	0.0	0.0	0.0	0.0	0.0	0.0	0.0	1.0	0.0	0.0	0.0	0.0	
