0 3;94;74;24
3 4;42;1;125
3 4;42;1;125
3 5;42;51;130
2 5;42;18;130
3 4;42;117;102
3 5;42;39;44
3 5;42;46;36
3 4;42;127;125
3 4;42;20;125
3 5;42;39;44
1 2;24;142;39
0 3;24;86;73
1 5;36;74;112
0 4;36;40;130
3 5;42;1;112
3 5;42;20;47
3 5;42;6;47
3 5;42;121;130
0 4;36;59;32
0 3;50;59;62
0 3;94;122;25
3 4;42;20;125
0 4;36;122;123
0 3;24;76;55
3 5;42;1;112
3 4;42;81;92
0 3;24;59;55
3 4;42;121;92
0 4;36;76;91
3 4;42;39;32
0 3;94;76;25
0 4;36;59;68
0 4;36;76;130
3 5;42;127;112
1 5;125;140;44
3 5;42;1;130
3 5;42;6;110
0 4;36;49;91
3 4;42;39;32
3 4;42;96;92
3 4;42;127;125
0 3;50;74;78
0 3;24;76;113
3 5;42;6;123
0 5;36;86;110
0 4;36;40;123
0 4;36;122;123
1 5;125;140;102
3 4;42;13;90
3 4;42;1;139
3 4;42;13;125
3 5;42;46;47
3 5;42;6;112
0 3;50;122;73
0 4;36;122;123
3 5;42;128;44
3 4;42;17;125
0 4;36;59;42
0 3;50;74;113
0 3;94;74;24
3 4;42;1;125
3 4;42;1;125
3 5;42;51;130
2 5;42;18;130
3 4;42;117;102
3 5;42;39;44
3 5;42;46;36
3 4;42;127;125
3 4;42;20;125
3 5;42;39;44
1 2;24;142;39
0 3;24;86;73
1 5;36;74;112
0 4;36;40;130
3 5;42;1;112
3 5;42;20;47
3 5;42;6;47
3 5;42;121;130
0 4;36;59;32
0 3;50;59;62
0 3;94;122;25
3 4;42;20;125
0 4;36;122;123
0 3;24;76;55
3 5;42;1;112
3 4;42;81;92
0 3;24;59;55
3 4;42;121;92
0 4;36;76;91
3 4;42;39;32
0 3;94;76;25
0 4;36;59;68
0 4;36;76;130
3 5;42;127;112
1 5;125;140;44
3 5;42;1;130
3 5;42;6;110
0 4;36;49;91
3 4;42;39;32
3 4;42;96;92
3 4;42;127;125
0 3;50;74;78
0 3;24;76;113
3 5;42;6;123
0 5;36;86;110
0 4;36;40;123
0 4;36;122;123
1 5;125;140;102
3 4;42;13;90
3 4;42;1;139
3 4;42;13;125
3 5;42;46;47
3 5;42;6;112
0 3;50;122;73
0 4;36;122;123
3 5;42;128;44
3 4;42;17;125
0 4;36;59;42
0 3;50;74;113
