indexLine	algoIter	time	best obj	current obj	T	probdelta1	nb uses 1	nb uses 2	nb uses 3	nb uses 4	nb uses 5	nb uses 6	nb uses 7	nb uses 8	nb uses 9	score 1	score 2	score 3	score 4	score 5	score 6	score 7	score 8	score 9	duration 1	duration 2	duration 3	duration 4	duration 5	duration 6	duration 7	duration 8	duration 9	avgDuration 1	avgDuration 2	avgDuration 3	avgDuration 4	avgDuration 5	avgDuration 6	avgDuration 7	avgDuration 8	avgDuration 9	sigmas1 1	sigmas1 2	sigmas1 3	sigmas1 4	sigmas1 5	sigmas1 6	sigmas1 7	sigmas1 8	sigmas1 9	sigmas2 1	sigmas2 2	sigmas2 3	sigmas2 4	sigmas2 5	sigmas2 6	sigmas2 7	sigmas2 8	sigmas2 9	sigmas3 1	sigmas3 2	sigmas3 3	sigmas3 4	sigmas3 5	sigmas3 6	sigmas3 7	sigmas3 8	sigmas3 9	sigmas4 1	sigmas4 2	sigmas4 3	sigmas4 4	sigmas4 5	sigmas4 6	sigmas4 7	sigmas4 8	sigmas4 9	sigmas5 1	sigmas5 2	sigmas5 3	sigmas5 4	sigmas5 5	sigmas5 6	sigmas5 7	sigmas5 8	sigmas5 9	sigmas6 1	sigmas6 2	sigmas6 3	sigmas6 4	sigmas6 5	sigmas6 6	sigmas6 7	sigmas6 8	sigmas6 9	weight 1	weight 2	weight 3	weight 4	weight 5	weight 6	weight 7	weight 8	weight 9	proba 1	proba 2	proba 3	proba 4	proba 5	proba 6	proba 7	proba 8	proba 9	
1	1	3.710439809	4280.45	4280.45	100.0	0.99005	0	0	0	0	0	0	0	0	0	0.0	0.0	0.0	0.0	0.0	0.0	0.0	0.0	0.0	0.0	0.0	0.0	0.0	0.0	0.0	0.0	0.0	0.0	0.0	0.0	0.0	0.0	0.0	0.0	0.0	0.0	0.0	0	0	0	0	0	0	0	0	0	0	0	0	0	0	0	0	0	0	0	0	0	0	0	0	0	0	0	0	0	0	0	0	0	0	0	0	0	0	0	0	0	0	0	0	0	0	0	0	0	0	0	0	0	0	0.0	0.0	0.0	0.0	0.0	0.0	0.0	0.0	0.0	0.0	0.0	0.0	0.0	0.0	0.0	0.0	0.0	0.0	
2	2	17.53537345	3972.2	3972.2	100.0	0.99005	0	0	0	0	0	0	0	0	0	0.0	0.0	0.0	0.0	1.0	0.0	0.0	0.0	0.0	0.0	0.0	0.0	0.0	0.0	0.0	0.0	0.0	0.0	0.0	0.0	0.0	0.0	13.8249	0.0	0.0	0.0	0.0	0	0	0	0	0	0	0	0	0	0	0	0	0	0	0	0	0	0	0	0	0	0	0	0	0	0	0	0	0	0	0	0	0	0	0	0	0	0	0	0	0	0	0	0	0	0	0	0	0	0	0	0	0	0	0.0	0.0	0.0	0.0	0.005232	0.0	0.0	0.0	0.0	0.0	0.0	0.0	0.0	0.0	0.0	0.0	0.0	0.0	
3	3	55.473557987	3851.05	3851.05	100.0	0.99005	0	0	0	0	1	0	0	0	0	0.0	0.0	0.0	0.0	1.0	0.0	0.0	0.0	0.0	0.0	0.0	0.0	0.0	37.9382	0.0	0.0	0.0	0.0	0.0	0.0	0.0	0.0	37.9382	0.0	0.0	0.0	0.0	0	0	0	0	1	0	0	0	0	0	0	0	0	0	0	0	0	0	0	0	0	0	0	0	0	0	0	0	0	0	0	0	0	0	0	0	0	0	0	0	0	0	0	0	0	0	0	0	0	0	0	0	0	0	0.0	0.0	0.0	0.0	0.000695	0.0	0.0	0.0	0.0	0.0	0.0	0.0	0.0	1.0	0.0	0.0	0.0	0.0	
4	4	78.000355183	3513.75	3513.75	89.8836	0.988936	0	0	0	0	2	0	0	0	0	0.0	0.0	0.0	0.0	1.0	0.0	0.0	0.0	0.0	0.0	0.0	0.0	0.0	60.4649	0.0	0.0	0.0	0.0	0.0	0.0	0.0	0.0	30.2325	0.0	0.0	0.0	0.0	0	0	0	0	2	0	0	0	0	0	0	0	0	0	0	0	0	0	0	0	0	0	0	0	0	0	0	0	0	0	0	0	0	0	0	0	0	0	0	0	0	0	0	0	0	0	0	0	0	0	0	0	0	0	0.0	0.0	0.0	0.0	0.001094	0.0	0.0	0.0	0.0	0.0	0.0	0.0	0.0	1.0	0.0	0.0	0.0	0.0	
5	5	84.330277184	3491.05	3491.05	86.0738	0.988449	0	0	0	0	3	0	0	0	0	0.0	0.0	0.0	0.0	1.0	0.0	0.0	0.0	0.0	0.0	0.0	0.0	0.0	66.7948	0.0	0.0	0.0	0.0	0.0	0.0	0.0	0.0	22.2649	0.0	0.0	0.0	0.0	0	0	0	0	3	0	0	0	0	0	0	0	0	0	0	0	0	0	0	0	0	0	0	0	0	0	0	0	0	0	0	0	0	0	0	0	0	0	0	0	0	0	0	0	0	0	0	0	0	0	0	0	0	0	0.0	0.0	0.0	0.0	0.002017	0.0	0.0	0.0	0.0	0.0	0.0	0.0	0.0	1.0	0.0	0.0	0.0	0.0	
6	6	155.650401102	3417.9	3417.9	85.0326	0.988309	0	0	0	0	4	0	0	0	0	0.0	0.0	0.0	0.0	1.0	0.0	0.0	0.0	0.0	0.0	0.0	0.0	0.0	138.115	0.0	0.0	0.0	0.0	0.0	0.0	0.0	0.0	34.5287	0.0	0.0	0.0	0.0	0	0	0	0	4	0	0	0	0	0	0	0	0	0	0	0	0	0	0	0	0	0	0	0	0	0	0	0	0	0	0	0	0	0	0	0	0	0	0	0	0	0	0	0	0	0	0	0	0	0	0	0	0	0	0.0	0.0	0.0	0.0	0.000839	0.0	0.0	0.0	0.0	0.0	0.0	0.0	0.0	1.0	0.0	0.0	0.0	0.0	
7	8	160.617444378	3417.4	3417.4	74.0046	0.986578	0	0	0	0	6	0	0	0	0	0.0	0.0	0.0	0.0	0.9	0.0	0.0	0.0	0.0	0.0	0.0	0.0	0.0	143.082	0.0	0.0	0.0	0.0	0.0	0.0	0.0	0.0	23.847	0.0	0.0	0.0	0.0	0	0	0	0	5	0	0	0	0	0	0	0	0	0	0	0	0	0	0	0	0	0	1	0	0	0	0	0	0	0	0	0	0	0	0	0	0	0	0	0	0	0	0	0	0	0	0	0	0	0	0	0	0	0	0.0	0.0	0.0	0.0	0.001583	0.0	0.0	0.0	0.0	0.0	0.0	0.0	0.0	1.0	0.0	0.0	0.0	0.0	
8	9	172.9532934	3417.4	3417.4	73.4323	0.986474	0	0	0	0	7	0	0	0	0	0.0	0.0	0.0	0.0	0.81	0.0	0.0	0.0	0.0	0.0	0.0	0.0	0.0	155.418	0.0	0.0	0.0	0.0	0.0	0.0	0.0	0.0	22.2025	0.0	0.0	0.0	0.0	0	0	0	0	5	0	0	0	0	0	0	0	0	0	0	0	0	0	0	0	0	0	2	0	0	0	0	0	0	0	0	0	0	0	0	0	0	0	0	0	0	0	0	0	0	0	0	0	0	0	0	0	0	0	0.0	0.0	0.0	0.0	0.001643	0.0	0.0	0.0	0.0	0.0	0.0	0.0	0.0	1.0	0.0	0.0	0.0	0.0	
9	10	185.473079979	3201.85	3201.85	71.7112	0.986152	0	0	0	0	8	0	0	0	0	0.0	0.0	0.0	0.0	0.829	0.0	0.0	0.0	0.0	0.0	0.0	0.0	0.0	167.938	0.0	0.0	0.0	0.0	0.0	0.0	0.0	0.0	20.9922	0.0	0.0	0.0	0.0	0	0	0	0	6	0	0	0	0	0	0	0	0	0	0	0	0	0	0	0	0	0	2	0	0	0	0	0	0	0	0	0	0	0	0	0	0	0	0	0	0	0	0	0	0	0	0	0	0	0	0	0	0	0	0.0	0.0	0.0	0.0	0.001881	0.0	0.0	0.0	0.0	0.0	0.0	0.0	0.0	1.0	0.0	0.0	0.0	0.0	
10	11	204.981747945	3201.85	3201.85	70.0056	0.985817	0	0	0	0	9	0	0	0	0	0.0	0.0	0.0	0.0	0.7461	0.0	0.0	0.0	0.0	0.0	0.0	0.0	0.0	187.446	0.0	0.0	0.0	0.0	0.0	0.0	0.0	0.0	20.8274	0.0	0.0	0.0	0.0	0	0	0	0	6	0	0	0	0	0	0	0	0	0	0	0	0	0	0	0	0	0	3	0	0	0	0	0	0	0	0	0	0	0	0	0	0	0	0	0	0	0	0	0	0	0	0	0	0	0	0	0	0	0	0.0	0.0	0.0	0.0	0.00172	0.0	0.0	0.0	0.0	0.0	0.0	0.0	0.0	1.0	0.0	0.0	0.0	0.0	
11	12	209.830215649	3201.85	3201.85	67.4285	0.985279	0	0	0	0	10	0	0	0	0	0.0	0.0	0.0	0.0	0.67149	0.0	0.0	0.0	0.0	0.0	0.0	0.0	0.0	192.295	0.0	0.0	0.0	0.0	0.0	0.0	0.0	0.0	19.2295	0.0	0.0	0.0	0.0	0	0	0	0	6	0	0	0	0	0	0	0	0	0	0	0	0	0	0	0	0	0	4	0	0	0	0	0	0	0	0	0	0	0	0	0	0	0	0	0	0	0	0	0	0	0	0	0	0	0	0	0	0	0	0.0	0.0	0.0	0.0	0.001816	0.0	0.0	0.0	0.0	0.0	0.0	0.0	0.0	1.0	0.0	0.0	0.0	0.0	
12	13	215.650322873	3201.85	3201.85	66.8029	0.985142	0	0	0	0	11	0	0	0	0	0.0	0.0	0.0	0.0	0.604341	0.0	0.0	0.0	0.0	0.0	0.0	0.0	0.0	198.115	0.0	0.0	0.0	0.0	0.0	0.0	0.0	0.0	18.0104	0.0	0.0	0.0	0.0	0	0	0	0	6	0	0	0	0	0	0	0	0	0	0	0	0	0	0	0	0	0	5	0	0	0	0	0	0	0	0	0	0	0	0	0	0	0	0	0	0	0	0	0	0	0	0	0	0	0	0	0	0	0	0.0	0.0	0.0	0.0	0.001863	0.0	0.0	0.0	0.0	0.0	0.0	0.0	0.0	1.0	0.0	0.0	0.0	0.0	
13	14	318.145672755	3154.35	3154.35	66.0595	0.984976	0	0	0	0	12	0	0	0	0	0.0	0.0	0.0	0.0	0.643907	0.0	0.0	0.0	0.0	0.0	0.0	0.0	0.0	300.61	0.0	0.0	0.0	0.0	0.0	0.0	0.0	0.0	25.0508	0.0	0.0	0.0	0.0	0	0	0	0	7	0	0	0	0	0	0	0	0	0	0	0	0	0	0	0	0	0	5	0	0	0	0	0	0	0	0	0	0	0	0	0	0	0	0	0	0	0	0	0	0	0	0	0	0	0	0	0	0	0	0.0	0.0	0.0	0.0	0.001026	0.0	0.0	0.0	0.0	0.0	0.0	0.0	0.0	1.0	0.0	0.0	0.0	0.0	
14	15	498.233533965	3154.35	3154.35	54.2442	0.981734	0	0	0	0	13	0	0	0	0	0.0	0.0	0.0	0.0	0.579516	0.0	0.0	0.0	0.0	0.0	0.0	0.0	0.0	480.698	0.0	0.0	0.0	0.0	0.0	0.0	0.0	0.0	36.9768	0.0	0.0	0.0	0.0	0	0	0	0	7	0	0	0	0	0	0	0	0	0	0	0	0	0	0	0	0	0	6	0	0	0	0	0	0	0	0	0	0	0	0	0	0	0	0	0	0	0	0	0	0	0	0	0	0	0	0	0	0	0	0.0	0.0	0.0	0.0	0.000424	0.0	0.0	0.0	0.0	0.0	0.0	0.0	0.0	1.0	0.0	0.0	0.0	0.0	
15	16	524.046344923	2826.2	2826.2	38.3692	0.974274	0	0	0	0	14	0	0	0	0	0.0	0.0	0.0	0.0	0.621565	0.0	0.0	0.0	0.0	0.0	0.0	0.0	0.0	506.511	0.0	0.0	0.0	0.0	0.0	0.0	0.0	0.0	36.1793	0.0	0.0	0.0	0.0	0	0	0	0	8	0	0	0	0	0	0	0	0	0	0	0	0	0	0	0	0	0	6	0	0	0	0	0	0	0	0	0	0	0	0	0	0	0	0	0	0	0	0	0	0	0	0	0	0	0	0	0	0	0	0.0	0.0	0.0	0.0	0.000475	0.0	0.0	0.0	0.0	0.0	0.0	0.0	0.0	1.0	0.0	0.0	0.0	0.0	
16	17	538.638083269	2824.2	2824.2	36.5115	0.972983	0	0	0	0	15	0	0	0	0	0.0	0.0	0.0	0.0	0.659408	0.0	0.0	0.0	0.0	0.0	0.0	0.0	0.0	521.102	0.0	0.0	0.0	0.0	0.0	0.0	0.0	0.0	34.7402	0.0	0.0	0.0	0.0	0	0	0	0	9	0	0	0	0	0	0	0	0	0	0	0	0	0	0	0	0	0	6	0	0	0	0	0	0	0	0	0	0	0	0	0	0	0	0	0	0	0	0	0	0	0	0	0	0	0	0	0	0	0	0.0	0.0	0.0	0.0	0.000546	0.0	0.0	0.0	0.0	0.0	0.0	0.0	0.0	1.0	0.0	0.0	0.0	0.0	
17	18	598.001678812	2740.5	2740.5	35.5014	0.972225	0	0	0	0	16	0	0	0	0	0.0	0.0	0.0	0.0	0.693467	0.0	0.0	0.0	0.0	0.0	0.0	0.0	0.0	580.466	0.0	0.0	0.0	0.0	0.0	0.0	0.0	0.0	36.2791	0.0	0.0	0.0	0.0	0	0	0	0	10	0	0	0	0	0	0	0	0	0	0	0	0	0	0	0	0	0	6	0	0	0	0	0	0	0	0	0	0	0	0	0	0	0	0	0	0	0	0	0	0	0	0	0	0	0	0	0	0	0	0.0	0.0	0.0	0.0	0.000527	0.0	0.0	0.0	0.0	0.0	0.0	0.0	0.0	1.0	0.0	0.0	0.0	0.0	
18	19	605.131828169	2722.0	2722.0	31.6722	0.96892	0	0	0	0	17	0	0	0	0	0.0	0.0	0.0	0.0	0.724121	0.0	0.0	0.0	0.0	0.0	0.0	0.0	0.0	587.596	0.0	0.0	0.0	0.0	0.0	0.0	0.0	0.0	34.5645	0.0	0.0	0.0	0.0	0	0	0	0	11	0	0	0	0	0	0	0	0	0	0	0	0	0	0	0	0	0	6	0	0	0	0	0	0	0	0	0	0	0	0	0	0	0	0	0	0	0	0	0	0	0	0	0	0	0	0	0	0	0	0.0	0.0	0.0	0.0	0.000606	0.0	0.0	0.0	0.0	0.0	0.0	0.0	0.0	1.0	0.0	0.0	0.0	0.0	
19	20	620.063897322	2716.0	2716.0	31.241	0.968498	0	0	0	0	18	0	0	0	0	0.0	0.0	0.0	0.0	0.751709	0.0	0.0	0.0	0.0	0.0	0.0	0.0	0.0	602.528	0.0	0.0	0.0	0.0	0.0	0.0	0.0	0.0	33.4738	0.0	0.0	0.0	0.0	0	0	0	0	12	0	0	0	0	0	0	0	0	0	0	0	0	0	0	0	0	0	6	0	0	0	0	0	0	0	0	0	0	0	0	0	0	0	0	0	0	0	0	0	0	0	0	0	0	0	0	0	0	0	0.0	0.0	0.0	0.0	0.000671	0.0	0.0	0.0	0.0	0.0	0.0	0.0	0.0	1.0	0.0	0.0	0.0	0.0	
20	21	623.432905257	2714.0	2714.0	30.3568	0.967595	0	0	0	0	19	0	0	0	0	0.0	0.0	0.0	0.0	0.776538	0.0	0.0	0.0	0.0	0.0	0.0	0.0	0.0	605.897	0.0	0.0	0.0	0.0	0.0	0.0	0.0	0.0	31.8893	0.0	0.0	0.0	0.0	0	0	0	0	13	0	0	0	0	0	0	0	0	0	0	0	0	0	0	0	0	0	6	0	0	0	0	0	0	0	0	0	0	0	0	0	0	0	0	0	0	0	0	0	0	0	0	0	0	0	0	0	0	0	0.0	0.0	0.0	0.0	0.000764	0.0	0.0	0.0	0.0	0.0	0.0	0.0	0.0	1.0	0.0	0.0	0.0	0.0	
21	22	631.199370987	2714.0	2714.0	30.1608	0.967388	0	0	0	0	20	0	0	0	0	0.0	0.0	0.0	0.0	0.698884	0.0	0.0	0.0	0.0	0.0	0.0	0.0	0.0	613.664	0.0	0.0	0.0	0.0	0.0	0.0	0.0	0.0	30.6832	0.0	0.0	0.0	0.0	0	0	0	0	13	0	0	0	0	0	0	0	0	0	0	0	0	0	0	0	0	0	7	0	0	0	0	0	0	0	0	0	0	0	0	0	0	0	0	0	0	0	0	0	0	0	0	0	0	0	0	0	0	0	0.0	0.0	0.0	0.0	0.000742	0.0	0.0	0.0	0.0	0.0	0.0	0.0	0.0	1.0	0.0	0.0	0.0	0.0	
22	23	644.501717622	2714.0	2714.0	29.7138	0.966906	0	0	0	0	21	0	0	0	0	0.0	0.0	0.0	0.0	0.628996	0.0	0.0	0.0	0.0	0.0	0.0	0.0	0.0	626.966	0.0	0.0	0.0	0.0	0.0	0.0	0.0	0.0	29.8555	0.0	0.0	0.0	0.0	0	0	0	0	13	0	0	0	0	0	0	0	0	0	0	0	0	0	0	0	0	0	8	0	0	0	0	0	0	0	0	0	0	0	0	0	0	0	0	0	0	0	0	0	0	0	0	0	0	0	0	0	0	0	0.0	0.0	0.0	0.0	0.000706	0.0	0.0	0.0	0.0	0.0	0.0	0.0	0.0	1.0	0.0	0.0	0.0	0.0	
23	24	765.879535747	2708.5	2708.5	28.9635	0.966063	0	0	0	0	22	0	0	0	0	0.0	0.0	0.0	0.0	0.666096	0.0	0.0	0.0	0.0	0.0	0.0	0.0	0.0	748.344	0.0	0.0	0.0	0.0	0.0	0.0	0.0	0.0	34.0156	0.0	0.0	0.0	0.0	0	0	0	0	14	0	0	0	0	0	0	0	0	0	0	0	0	0	0	0	0	0	8	0	0	0	0	0	0	0	0	0	0	0	0	0	0	0	0	0	0	0	0	0	0	0	0	0	0	0	0	0	0	0	0.0	0.0	0.0	0.0	0.000576	0.0	0.0	0.0	0.0	0.0	0.0	0.0	0.0	1.0	0.0	0.0	0.0	0.0	
24	25	781.512486521	2708.5	2708.5	22.9352	0.957336	0	0	0	0	23	0	0	0	0	0.0	0.0	0.0	0.0	0.599486	0.0	0.0	0.0	0.0	0.0	0.0	0.0	0.0	763.977	0.0	0.0	0.0	0.0	0.0	0.0	0.0	0.0	33.2164	0.0	0.0	0.0	0.0	0	0	0	0	14	0	0	0	0	0	0	0	0	0	0	0	0	0	0	0	0	0	9	0	0	0	0	0	0	0	0	0	0	0	0	0	0	0	0	0	0	0	0	0	0	0	0	0	0	0	0	0	0	0	0.0	0.0	0.0	0.0	0.000543	0.0	0.0	0.0	0.0	0.0	0.0	0.0	0.0	1.0	0.0	0.0	0.0	0.0	
25	26	789.480706414	2708.5	2708.5	22.2561	0.956063	0	0	0	0	24	0	0	0	0	0.0	0.0	0.0	0.0	0.539538	0.0	0.0	0.0	0.0	0.0	0.0	0.0	0.0	771.945	0.0	0.0	0.0	0.0	0.0	0.0	0.0	0.0	32.1644	0.0	0.0	0.0	0.0	0	0	0	0	14	0	0	0	0	0	0	0	0	0	0	0	0	0	0	0	0	0	10	0	0	0	0	0	0	0	0	0	0	0	0	0	0	0	0	0	0	0	0	0	0	0	0	0	0	0	0	0	0	0	0.0	0.0	0.0	0.0	0.000522	0.0	0.0	0.0	0.0	0.0	0.0	0.0	0.0	1.0	0.0	0.0	0.0	0.0	
26	27	795.597977495	2708.5	2708.5	21.9178	0.9554	0	0	0	0	25	0	0	0	0	0.0	0.0	0.0	0.0	0.485584	0.0	0.0	0.0	0.0	0.0	0.0	0.0	0.0	778.062	0.0	0.0	0.0	0.0	0.0	0.0	0.0	0.0	31.1225	0.0	0.0	0.0	0.0	0	0	0	0	14	0	0	0	0	0	0	0	0	0	0	0	0	0	0	0	0	0	11	0	0	0	0	0	0	0	0	0	0	0	0	0	0	0	0	0	0	0	0	0	0	0	0	0	0	0	0	0	0	0	0.0	0.0	0.0	0.0	0.000501	0.0	0.0	0.0	0.0	0.0	0.0	0.0	0.0	1.0	0.0	0.0	0.0	0.0	
27	28	867.391512329	2708.5	2708.5	21.6615	0.954884	0	0	0	0	26	0	0	0	0	0.0	0.0	0.0	0.0	0.437026	0.0	0.0	0.0	0.0	0.0	0.0	0.0	0.0	849.856	0.0	0.0	0.0	0.0	0.0	0.0	0.0	0.0	32.6868	0.0	0.0	0.0	0.0	0	0	0	0	14	0	0	0	0	0	0	0	0	0	0	0	0	0	0	0	0	0	12	0	0	0	0	0	0	0	0	0	0	0	0	0	0	0	0	0	0	0	0	0	0	0	0	0	0	0	0	0	0	0	0.0	0.0	0.0	0.0	0.000409	0.0	0.0	0.0	0.0	0.0	0.0	0.0	0.0	1.0	0.0	0.0	0.0	0.0	
28	29	871.018033061	2708.5	2708.5	18.8687	0.948382	0	0	0	0	27	0	0	0	0	0.0	0.0	0.0	0.0	0.393323	0.0	0.0	0.0	0.0	0.0	0.0	0.0	0.0	853.482	0.0	0.0	0.0	0.0	0.0	0.0	0.0	0.0	31.6104	0.0	0.0	0.0	0.0	0	0	0	0	14	0	0	0	0	0	0	0	0	0	0	0	0	0	0	0	0	0	13	0	0	0	0	0	0	0	0	0	0	0	0	0	0	0	0	0	0	0	0	0	0	0	0	0	0	0	0	0	0	0	0.0	0.0	0.0	0.0	0.000394	0.0	0.0	0.0	0.0	0.0	0.0	0.0	0.0	1.0	0.0	0.0	0.0	0.0	
29	30	884.268178204	2708.5	2708.5	18.7376	0.94803	0	0	0	0	28	0	0	0	0	0.0	0.0	0.0	0.0	0.353991	0.0	0.0	0.0	0.0	0.0	0.0	0.0	0.0	866.732	0.0	0.0	0.0	0.0	0.0	0.0	0.0	0.0	30.9547	0.0	0.0	0.0	0.0	0	0	0	0	14	0	0	0	0	0	0	0	0	0	0	0	0	0	0	0	0	0	14	0	0	0	0	0	0	0	0	0	0	0	0	0	0	0	0	0	0	0	0	0	0	0	0	0	0	0	0	0	0	0	0.0	0.0	0.0	0.0	0.000369	0.0	0.0	0.0	0.0	0.0	0.0	0.0	0.0	1.0	0.0	0.0	0.0	0.0	
30	31	892.296186633	2708.5	2708.5	18.2663	0.946726	0	0	0	0	29	0	0	0	0	0.0	0.0	0.0	0.0	0.318592	0.0	0.0	0.0	0.0	0.0	0.0	0.0	0.0	874.76	0.0	0.0	0.0	0.0	0.0	0.0	0.0	0.0	30.1641	0.0	0.0	0.0	0.0	0	0	0	0	14	0	0	0	0	0	0	0	0	0	0	0	0	0	0	0	0	0	15	0	0	0	0	0	0	0	0	0	0	0	0	0	0	0	0	0	0	0	0	0	0	0	0	0	0	0	0	0	0	0	0.0	0.0	0.0	0.0	0.00035	0.0	0.0	0.0	0.0	0.0	0.0	0.0	0.0	1.0	0.0	0.0	0.0	0.0	
31	32	960.043330457	2686.95	2686.95	17.9865	0.94592	0	0	0	0	30	0	0	0	0	0.0	0.0	0.0	0.0	0.386732	0.0	0.0	0.0	0.0	0.0	0.0	0.0	0.0	942.507	0.0	0.0	0.0	0.0	0.0	0.0	0.0	0.0	31.4169	0.0	0.0	0.0	0.0	0	0	0	0	15	0	0	0	0	0	0	0	0	0	0	0	0	0	0	0	0	0	15	0	0	0	0	0	0	0	0	0	0	0	0	0	0	0	0	0	0	0	0	0	0	0	0	0	0	0	0	0	0	0	0.0	0.0	0.0	0.0	0.000392	0.0	0.0	0.0	0.0	0.0	0.0	0.0	0.0	1.0	0.0	0.0	0.0	0.0	
32	33	963.710738881	2686.95	2686.95	15.7899	0.938632	0	0	0	0	31	0	0	0	0	0.0	0.0	0.0	0.0	0.348059	0.0	0.0	0.0	0.0	0.0	0.0	0.0	0.0	946.175	0.0	0.0	0.0	0.0	0.0	0.0	0.0	0.0	30.5218	0.0	0.0	0.0	0.0	0	0	0	0	15	0	0	0	0	0	0	0	0	0	0	0	0	0	0	0	0	0	16	0	0	0	0	0	0	0	0	0	0	0	0	0	0	0	0	0	0	0	0	0	0	0	0	0	0	0	0	0	0	0	0.0	0.0	0.0	0.0	0.000374	0.0	0.0	0.0	0.0	0.0	0.0	0.0	0.0	1.0	0.0	0.0	0.0	0.0	
33	34	1094.186417329	2683.95	2683.95	15.6789	0.938212	0	0	0	0	32	0	0	0	0	0.0	0.0	0.0	0.0	0.413253	0.0	0.0	0.0	0.0	0.0	0.0	0.0	0.0	1076.65	0.0	0.0	0.0	0.0	0.0	0.0	0.0	0.0	33.6453	0.0	0.0	0.0	0.0	0	0	0	0	16	0	0	0	0	0	0	0	0	0	0	0	0	0	0	0	0	0	16	0	0	0	0	0	0	0	0	0	0	0	0	0	0	0	0	0	0	0	0	0	0	0	0	0	0	0	0	0	0	0	0.0	0.0	0.0	0.0	0.000365	0.0	0.0	0.0	0.0	0.0	0.0	0.0	0.0	1.0	0.0	0.0	0.0	0.0	
34	35	1223.972617071	2574.35	2574.35	12.2003	0.921304	0	0	0	0	33	0	0	0	0	0.0	0.0	0.0	0.0	0.471928	0.0	0.0	0.0	0.0	0.0	0.0	0.0	0.0	1206.44	0.0	0.0	0.0	0.0	0.0	0.0	0.0	0.0	36.5587	0.0	0.0	0.0	0.0	0	0	0	0	17	0	0	0	0	0	0	0	0	0	0	0	0	0	0	0	0	0	16	0	0	0	0	0	0	0	0	0	0	0	0	0	0	0	0	0	0	0	0	0	0	0	0	0	0	0	0	0	0	0	0.0	0.0	0.0	0.0	0.000353	0.0	0.0	0.0	0.0	0.0	0.0	0.0	0.0	1.0	0.0	0.0	0.0	0.0	
35	36	1246.324042572	2569.5	2569.5	9.50609	0.900148	0	0	0	0	34	0	0	0	0	0.0	0.0	0.0	0.0	0.524735	0.0	0.0	0.0	0.0	0.0	0.0	0.0	0.0	1228.79	0.0	0.0	0.0	0.0	0.0	0.0	0.0	0.0	36.1408	0.0	0.0	0.0	0.0	0	0	0	0	18	0	0	0	0	0	0	0	0	0	0	0	0	0	0	0	0	0	16	0	0	0	0	0	0	0	0	0	0	0	0	0	0	0	0	0	0	0	0	0	0	0	0	0	0	0	0	0	0	0	0.0	0.0	0.0	0.0	0.000402	0.0	0.0	0.0	0.0	0.0	0.0	0.0	0.0	1.0	0.0	0.0	0.0	0.0	
36	37	1341.662433646	2569.5	2569.5	9.10624	0.896	0	0	0	0	35	0	0	0	0	0.0	0.0	0.0	0.0	0.472262	0.0	0.0	0.0	0.0	0.0	0.0	0.0	0.0	1324.13	0.0	0.0	0.0	0.0	0.0	0.0	0.0	0.0	37.8322	0.0	0.0	0.0	0.0	0	0	0	0	18	0	0	0	0	0	0	0	0	0	0	0	0	0	0	0	0	0	17	0	0	0	0	0	0	0	0	0	0	0	0	0	0	0	0	0	0	0	0	0	0	0	0	0	0	0	0	0	0	0	0.0	0.0	0.0	0.0	0.00033	0.0	0.0	0.0	0.0	0.0	0.0	0.0	0.0	1.0	0.0	0.0	0.0	0.0	
37	38	1357.942316913	2569.0	2569.0	7.58111	0.876423	0	0	0	0	36	0	0	0	0	0.0	0.0	0.0	0.0	0.525035	0.0	0.0	0.0	0.0	0.0	0.0	0.0	0.0	1340.41	0.0	0.0	0.0	0.0	0.0	0.0	0.0	0.0	37.2335	0.0	0.0	0.0	0.0	0	0	0	0	19	0	0	0	0	0	0	0	0	0	0	0	0	0	0	0	0	0	17	0	0	0	0	0	0	0	0	0	0	0	0	0	0	0	0	0	0	0	0	0	0	0	0	0	0	0	0	0	0	0	0.0	0.0	0.0	0.0	0.000379	0.0	0.0	0.0	0.0	0.0	0.0	0.0	0.0	1.0	0.0	0.0	0.0	0.0	
38	39	1467.038859162	2566.35	2566.35	7.3475	0.872755	0	0	0	0	37	0	0	0	0	0.0	0.0	0.0	0.0	0.572532	0.0	0.0	0.0	0.0	0.0	0.0	0.0	0.0	1449.5	0.0	0.0	0.0	0.0	0.0	0.0	0.0	0.0	39.1757	0.0	0.0	0.0	0.0	0	0	0	0	20	0	0	0	0	0	0	0	0	0	0	0	0	0	0	0	0	0	17	0	0	0	0	0	0	0	0	0	0	0	0	0	0	0	0	0	0	0	0	0	0	0	0	0	0	0	0	0	0	0	0.0	0.0	0.0	0.0	0.000373	0.0	0.0	0.0	0.0	0.0	0.0	0.0	0.0	1.0	0.0	0.0	0.0	0.0	
39	41	1470.549866516	2566.35	2566.35	5.94974	0.845291	0	0	0	0	39	0	0	0	0	0.0	0.0	0.0	0.0	0.463751	0.0	0.0	0.0	0.0	0.0	0.0	0.0	0.0	1453.01	0.0	0.0	0.0	0.0	0.0	0.0	0.0	0.0	37.2568	0.0	0.0	0.0	0.0	0	0	0	0	20	0	0	0	0	0	0	0	0	0	0	0	0	0	0	0	0	0	19	0	0	0	0	0	0	0	0	0	0	0	0	0	0	0	0	0	0	0	0	0	0	0	0	0	0	0	0	0	0	0	0.0	0.0	0.0	0.0	0.000334	0.0	0.0	0.0	0.0	0.0	0.0	0.0	0.0	1.0	0.0	0.0	0.0	0.0	
40	42	1475.154827021	2562.85	2562.85	5.91717	0.844509	0	0	0	0	40	0	0	0	0	0.0	0.0	0.0	0.0	0.517376	0.0	0.0	0.0	0.0	0.0	0.0	0.0	0.0	1457.62	0.0	0.0	0.0	0.0	0.0	0.0	0.0	0.0	36.4405	0.0	0.0	0.0	0.0	0	0	0	0	21	0	0	0	0	0	0	0	0	0	0	0	0	0	0	0	0	0	19	0	0	0	0	0	0	0	0	0	0	0	0	0	0	0	0	0	0	0	0	0	0	0	0	0	0	0	0	0	0	0	0.0	0.0	0.0	0.0	0.00039	0.0	0.0	0.0	0.0	0.0	0.0	0.0	0.0	1.0	0.0	0.0	0.0	0.0	
41	43	1577.534879359	2562.85	2562.85	5.86501	0.843241	0	0	0	0	41	0	0	0	0	0.0	0.0	0.0	0.0	0.465638	0.0	0.0	0.0	0.0	0.0	0.0	0.0	0.0	1560.0	0.0	0.0	0.0	0.0	0.0	0.0	0.0	0.0	38.0487	0.0	0.0	0.0	0.0	0	0	0	0	21	0	0	0	0	0	0	0	0	0	0	0	0	0	0	0	0	0	20	0	0	0	0	0	0	0	0	0	0	0	0	0	0	0	0	0	0	0	0	0	0	0	0	0	0	0	0	0	0	0	0.0	0.0	0.0	0.0	0.000322	0.0	0.0	0.0	0.0	0.0	0.0	0.0	0.0	1.0	0.0	0.0	0.0	0.0	
42	44	1583.076662443	2562.85	2562.85	4.81707	0.812536	0	0	0	0	42	0	0	0	0	0.0	0.0	0.0	0.0	0.419074	0.0	0.0	0.0	0.0	0.0	0.0	0.0	0.0	1565.54	0.0	0.0	0.0	0.0	0.0	0.0	0.0	0.0	37.2748	0.0	0.0	0.0	0.0	0	0	0	0	21	0	0	0	0	0	0	0	0	0	0	0	0	0	0	0	0	0	21	0	0	0	0	0	0	0	0	0	0	0	0	0	0	0	0	0	0	0	0	0	0	0	0	0	0	0	0	0	0	0	0.0	0.0	0.0	0.0	0.000302	0.0	0.0	0.0	0.0	0.0	0.0	0.0	0.0	1.0	0.0	0.0	0.0	0.0	
43	45	1715.880933518	2545.35	2545.35	4.76602	0.810731	0	0	0	0	43	0	0	0	0	0.0	0.0	0.0	0.0	0.477167	0.0	0.0	0.0	0.0	0.0	0.0	0.0	0.0	1698.34	0.0	0.0	0.0	0.0	0.0	0.0	0.0	0.0	39.4964	0.0	0.0	0.0	0.0	0	0	0	0	22	0	0	0	0	0	0	0	0	0	0	0	0	0	0	0	0	0	21	0	0	0	0	0	0	0	0	0	0	0	0	0	0	0	0	0	0	0	0	0	0	0	0	0	0	0	0	0	0	0	0.0	0.0	0.0	0.0	0.000306	0.0	0.0	0.0	0.0	0.0	0.0	0.0	0.0	1.0	0.0	0.0	0.0	0.0	
44	46	1731.758459904	2543.35	2543.35	3.69204	0.762729	0	0	0	0	44	0	0	0	0	0.0	0.0	0.0	0.0	0.52945	0.0	0.0	0.0	0.0	0.0	0.0	0.0	0.0	1714.22	0.0	0.0	0.0	0.0	0.0	0.0	0.0	0.0	38.9596	0.0	0.0	0.0	0.0	0	0	0	0	23	0	0	0	0	0	0	0	0	0	0	0	0	0	0	0	0	0	21	0	0	0	0	0	0	0	0	0	0	0	0	0	0	0	0	0	0	0	0	0	0	0	0	0	0	0	0	0	0	0	0.0	0.0	0.0	0.0	0.000349	0.0	0.0	0.0	0.0	0.0	0.0	0.0	0.0	1.0	0.0	0.0	0.0	0.0	
45	47	1853.566998965	2543.35	2543.35	3.58104	0.756352	0	0	0	0	45	0	0	0	0	0.0	0.0	0.0	0.0	0.476505	0.0	0.0	0.0	0.0	0.0	0.0	0.0	0.0	1836.03	0.0	0.0	0.0	0.0	0.0	0.0	0.0	0.0	40.8007	0.0	0.0	0.0	0.0	0	0	0	0	23	0	0	0	0	0	0	0	0	0	0	0	0	0	0	0	0	0	22	0	0	0	0	0	0	0	0	0	0	0	0	0	0	0	0	0	0	0	0	0	0	0	0	0	0	0	0	0	0	0	0.0	0.0	0.0	0.0	0.000286	0.0	0.0	0.0	0.0	0.0	0.0	0.0	0.0	1.0	0.0	0.0	0.0	0.0	
46	49	1855.238830641	2543.35	2543.35	2.82916	0.702253	0	0	0	0	47	0	0	0	0	0.0	0.0	0.0	0.0	0.385969	0.0	0.0	0.0	0.0	0.0	0.0	0.0	0.0	1837.7	0.0	0.0	0.0	0.0	0.0	0.0	0.0	0.0	39.1001	0.0	0.0	0.0	0.0	0	0	0	0	23	0	0	0	0	0	0	0	0	0	0	0	0	0	0	0	0	0	24	0	0	0	0	0	0	0	0	0	0	0	0	0	0	0	0	0	0	0	0	0	0	0	0	0	0	0	0	0	0	0	0.0	0.0	0.0	0.0	0.000252	0.0	0.0	0.0	0.0	0.0	0.0	0.0	0.0	1.0	0.0	0.0	0.0	0.0	
47	50	1864.592660865	2543.35	2543.35	2.82426	0.701822	0	0	0	0	48	0	0	0	0	0.0	0.0	0.0	0.0	0.347372	0.0	0.0	0.0	0.0	0.0	0.0	0.0	0.0	1847.06	0.0	0.0	0.0	0.0	0.0	0.0	0.0	0.0	38.4803	0.0	0.0	0.0	0.0	0	0	0	0	23	0	0	0	0	0	0	0	0	0	0	0	0	0	0	0	0	0	25	0	0	0	0	0	0	0	0	0	0	0	0	0	0	0	0	0	0	0	0	0	0	0	0	0	0	0	0	0	0	0	0.0	0.0	0.0	0.0	0.000235	0.0	0.0	0.0	0.0	0.0	0.0	0.0	0.0	1.0	0.0	0.0	0.0	0.0	
48	51	1934.205483157	2542.5	2542.5	2.77392	0.697327	0	0	0	0	49	0	0	0	0	0.0	0.0	0.0	0.0	0.412635	0.0	0.0	0.0	0.0	0.0	0.0	0.0	0.0	1916.67	0.0	0.0	0.0	0.0	0.0	0.0	0.0	0.0	39.1157	0.0	0.0	0.0	0.0	0	0	0	0	24	0	0	0	0	0	0	0	0	0	0	0	0	0	0	0	0	0	25	0	0	0	0	0	0	0	0	0	0	0	0	0	0	0	0	0	0	0	0	0	0	0	0	0	0	0	0	0	0	0	0.0	0.0	0.0	0.0	0.00027	0.0	0.0	0.0	0.0	0.0	0.0	0.0	0.0	1.0	0.0	0.0	0.0	0.0	
49	52	1937.03929869	2542.5	2542.5	2.42644	0.66224	0	0	0	0	50	0	0	0	0	0.0	0.0	0.0	0.0	0.371372	0.0	0.0	0.0	0.0	0.0	0.0	0.0	0.0	1919.5	0.0	0.0	0.0	0.0	0.0	0.0	0.0	0.0	38.3901	0.0	0.0	0.0	0.0	0	0	0	0	24	0	0	0	0	0	0	0	0	0	0	0	0	0	0	0	0	0	26	0	0	0	0	0	0	0	0	0	0	0	0	0	0	0	0	0	0	0	0	0	0	0	0	0	0	0	0	0	0	0	0.0	0.0	0.0	0.0	0.000252	0.0	0.0	0.0	0.0	0.0	0.0	0.0	0.0	1.0	0.0	0.0	0.0	0.0	
50	53	1943.727798467	2542.5	2542.5	2.41325	0.660751	0	0	0	0	51	0	0	0	0	0.0	0.0	0.0	0.0	0.334234	0.0	0.0	0.0	0.0	0.0	0.0	0.0	0.0	1926.19	0.0	0.0	0.0	0.0	0.0	0.0	0.0	0.0	37.7685	0.0	0.0	0.0	0.0	0	0	0	0	24	0	0	0	0	0	0	0	0	0	0	0	0	0	0	0	0	0	27	0	0	0	0	0	0	0	0	0	0	0	0	0	0	0	0	0	0	0	0	0	0	0	0	0	0	0	0	0	0	0	0.0	0.0	0.0	0.0	0.000234	0.0	0.0	0.0	0.0	0.0	0.0	0.0	0.0	1.0	0.0	0.0	0.0	0.0	
51	54	1970.638902868	2542.5	2542.5	2.38242	0.657217	0	0	0	0	52	0	0	0	0	0.0	0.0	0.0	0.0	0.300811	0.0	0.0	0.0	0.0	0.0	0.0	0.0	0.0	1953.1	0.0	0.0	0.0	0.0	0.0	0.0	0.0	0.0	37.5597	0.0	0.0	0.0	0.0	0	0	0	0	24	0	0	0	0	0	0	0	0	0	0	0	0	0	0	0	0	0	28	0	0	0	0	0	0	0	0	0	0	0	0	0	0	0	0	0	0	0	0	0	0	0	0	0	0	0	0	0	0	0	0.0	0.0	0.0	0.0	0.000213	0.0	0.0	0.0	0.0	0.0	0.0	0.0	0.0	1.0	0.0	0.0	0.0	0.0	
52	55	1989.440661812	2542.5	2542.5	2.26229	0.64273	0	0	0	0	53	0	0	0	0	0.0	0.0	0.0	0.0	0.27073	0.0	0.0	0.0	0.0	0.0	0.0	0.0	0.0	1971.9	0.0	0.0	0.0	0.0	0.0	0.0	0.0	0.0	37.2057	0.0	0.0	0.0	0.0	0	0	0	0	24	0	0	0	0	0	0	0	0	0	0	0	0	0	0	0	0	0	29	0	0	0	0	0	0	0	0	0	0	0	0	0	0	0	0	0	0	0	0	0	0	0	0	0	0	0	0	0	0	0	0.0	0.0	0.0	0.0	0.000196	0.0	0.0	0.0	0.0	0.0	0.0	0.0	0.0	1.0	0.0	0.0	0.0	0.0	
53	56	1993.945140599	2542.5	2542.5	2.18197	0.632357	0	0	0	0	54	0	0	0	0	0.0	0.0	0.0	0.0	0.243657	0.0	0.0	0.0	0.0	0.0	0.0	0.0	0.0	1976.41	0.0	0.0	0.0	0.0	0.0	0.0	0.0	0.0	36.6002	0.0	0.0	0.0	0.0	0	0	0	0	24	0	0	0	0	0	0	0	0	0	0	0	0	0	0	0	0	0	30	0	0	0	0	0	0	0	0	0	0	0	0	0	0	0	0	0	0	0	0	0	0	0	0	0	0	0	0	0	0	0	0.0	0.0	0.0	0.0	0.000182	0.0	0.0	0.0	0.0	0.0	0.0	0.0	0.0	1.0	0.0	0.0	0.0	0.0	
54	57	2015.674737623	2542.5	2542.5	2.16315	0.629841	0	0	0	0	55	0	0	0	0	0.0	0.0	0.0	0.0	0.219291	0.0	0.0	0.0	0.0	0.0	0.0	0.0	0.0	1998.14	0.0	0.0	0.0	0.0	0.0	0.0	0.0	0.0	36.3298	0.0	0.0	0.0	0.0	0	0	0	0	24	0	0	0	0	0	0	0	0	0	0	0	0	0	0	0	0	0	31	0	0	0	0	0	0	0	0	0	0	0	0	0	0	0	0	0	0	0	0	0	0	0	0	0	0	0	0	0	0	0	0.0	0.0	0.0	0.0	0.000166	0.0	0.0	0.0	0.0	0.0	0.0	0.0	0.0	1.0	0.0	0.0	0.0	0.0	
55	58	2026.10982114	2542.5	2542.5	2.07464	0.61754	0	0	0	0	56	0	0	0	0	0.0	0.0	0.0	0.0	0.197362	0.0	0.0	0.0	0.0	0.0	0.0	0.0	0.0	2008.57	0.0	0.0	0.0	0.0	0.0	0.0	0.0	0.0	35.8674	0.0	0.0	0.0	0.0	0	0	0	0	24	0	0	0	0	0	0	0	0	0	0	0	0	0	0	0	0	0	32	0	0	0	0	0	0	0	0	0	0	0	0	0	0	0	0	0	0	0	0	0	0	0	0	0	0	0	0	0	0	0	0.0	0.0	0.0	0.0	0.000153	0.0	0.0	0.0	0.0	0.0	0.0	0.0	0.0	1.0	0.0	0.0	0.0	0.0	
56	59	2044.78193124	2542.5	2542.5	2.03343	0.611538	0	0	0	0	57	0	0	0	0	0.0	0.0	0.0	0.0	0.177626	0.0	0.0	0.0	0.0	0.0	0.0	0.0	0.0	2027.25	0.0	0.0	0.0	0.0	0.0	0.0	0.0	0.0	35.5657	0.0	0.0	0.0	0.0	0	0	0	0	24	0	0	0	0	0	0	0	0	0	0	0	0	0	0	0	0	0	33	0	0	0	0	0	0	0	0	0	0	0	0	0	0	0	0	0	0	0	0	0	0	0	0	0	0	0	0	0	0	0	0.0	0.0	0.0	0.0	0.00014	0.0	0.0	0.0	0.0	0.0	0.0	0.0	0.0	1.0	0.0	0.0	0.0	0.0	
57	60	2050.033781006	2539.0	2539.0	1.96173	0.600643	0	0	0	0	58	0	0	0	0	0.0	0.0	0.0	0.0	0.259863	0.0	0.0	0.0	0.0	0.0	0.0	0.0	0.0	2032.5	0.0	0.0	0.0	0.0	0.0	0.0	0.0	0.0	35.0431	0.0	0.0	0.0	0.0	0	0	0	0	25	0	0	0	0	0	0	0	0	0	0	0	0	0	0	0	0	0	33	0	0	0	0	0	0	0	0	0	0	0	0	0	0	0	0	0	0	0	0	0	0	0	0	0	0	0	0	0	0	0	0.0	0.0	0.0	0.0	0.000212	0.0	0.0	0.0	0.0	0.0	0.0	0.0	0.0	1.0	0.0	0.0	0.0	0.0	
58	61	2057.758439939	2539.0	2539.0	1.94202	0.597544	0	0	0	0	59	0	0	0	0	0.0	0.0	0.0	0.0	0.233877	0.0	0.0	0.0	0.0	0.0	0.0	0.0	0.0	2040.22	0.0	0.0	0.0	0.0	0.0	0.0	0.0	0.0	34.58	0.0	0.0	0.0	0.0	0	0	0	0	25	0	0	0	0	0	0	0	0	0	0	0	0	0	0	0	0	0	34	0	0	0	0	0	0	0	0	0	0	0	0	0	0	0	0	0	0	0	0	0	0	0	0	0	0	0	0	0	0	0	0.0	0.0	0.0	0.0	0.000196	0.0	0.0	0.0	0.0	0.0	0.0	0.0	0.0	1.0	0.0	0.0	0.0	0.0	
59	62	2237.808773645	2525.75	2525.75	1.91339	0.592958	0	0	0	0	60	0	0	0	0	0.0	0.0	0.0	0.0	0.310489	0.0	0.0	0.0	0.0	0.0	0.0	0.0	0.0	2220.27	0.0	0.0	0.0	0.0	0.0	0.0	0.0	0.0	37.0045	0.0	0.0	0.0	0.0	0	0	0	0	26	0	0	0	0	0	0	0	0	0	0	0	0	0	0	0	0	0	34	0	0	0	0	0	0	0	0	0	0	0	0	0	0	0	0	0	0	0	0	0	0	0	0	0	0	0	0	0	0	0	0.0	0.0	0.0	0.0	0.000227	0.0	0.0	0.0	0.0	0.0	0.0	0.0	0.0	1.0	0.0	0.0	0.0	0.0	
60	63	2271.662007784	2521.75	2521.75	1.35352	0.47768	0	0	0	0	61	0	0	0	0	0.0	0.0	0.0	0.0	0.37944	0.0	0.0	0.0	0.0	0.0	0.0	0.0	0.0	2254.13	0.0	0.0	0.0	0.0	0.0	0.0	0.0	0.0	36.9529	0.0	0.0	0.0	0.0	0	0	0	0	27	0	0	0	0	0	0	0	0	0	0	0	0	0	0	0	0	0	34	0	0	0	0	0	0	0	0	0	0	0	0	0	0	0	0	0	0	0	0	0	0	0	0	0	0	0	0	0	0	0	0.0	0.0	0.0	0.0	0.000278	0.0	0.0	0.0	0.0	0.0	0.0	0.0	0.0	1.0	0.0	0.0	0.0	0.0	
61	64	2278.794217365	2521.75	2521.75	1.26823	0.454526	0	0	0	0	62	0	0	0	0	0.0	0.0	0.0	0.0	0.341496	0.0	0.0	0.0	0.0	0.0	0.0	0.0	0.0	2261.26	0.0	0.0	0.0	0.0	0.0	0.0	0.0	0.0	36.4719	0.0	0.0	0.0	0.0	0	0	0	0	27	0	0	0	0	0	0	0	0	0	0	0	0	0	0	0	0	0	35	0	0	0	0	0	0	0	0	0	0	0	0	0	0	0	0	0	0	0	0	0	0	0	0	0	0	0	0	0	0	0	0.0	0.0	0.0	0.0	0.000257	0.0	0.0	0.0	0.0	0.0	0.0	0.0	0.0	1.0	0.0	0.0	0.0	0.0	
62	65	2286.467965267	2520.25	2520.25	1.25096	0.449604	0	0	0	0	63	0	0	0	0	0.0	0.0	0.0	0.0	0.407347	0.0	0.0	0.0	0.0	0.0	0.0	0.0	0.0	2268.93	0.0	0.0	0.0	0.0	0.0	0.0	0.0	0.0	36.0148	0.0	0.0	0.0	0.0	0	0	0	0	28	0	0	0	0	0	0	0	0	0	0	0	0	0	0	0	0	0	35	0	0	0	0	0	0	0	0	0	0	0	0	0	0	0	0	0	0	0	0	0	0	0	0	0	0	0	0	0	0	0	0.0	0.0	0.0	0.0	0.000314	0.0	0.0	0.0	0.0	0.0	0.0	0.0	0.0	1.0	0.0	0.0	0.0	0.0	
63	66	2301.952920829	2520.25	2520.25	1.23264	0.444294	0	0	0	0	64	0	0	0	0	0.0	0.0	0.0	0.0	0.366612	0.0	0.0	0.0	0.0	0.0	0.0	0.0	0.0	2284.42	0.0	0.0	0.0	0.0	0.0	0.0	0.0	0.0	35.694	0.0	0.0	0.0	0.0	0	0	0	0	28	0	0	0	0	0	0	0	0	0	0	0	0	0	0	0	0	0	36	0	0	0	0	0	0	0	0	0	0	0	0	0	0	0	0	0	0	0	0	0	0	0	0	0	0	0	0	0	0	0	0.0	0.0	0.0	0.0	0.000288	0.0	0.0	0.0	0.0	0.0	0.0	0.0	0.0	1.0	0.0	0.0	0.0	0.0	
64	67	2482.011468044	2520.25	2520.25	1.19648	0.433534	0	0	0	0	65	0	0	0	0	0.0	0.0	0.0	0.0	0.329951	0.0	0.0	0.0	0.0	0.0	0.0	0.0	0.0	2464.47	0.0	0.0	0.0	0.0	0.0	0.0	0.0	0.0	37.915	0.0	0.0	0.0	0.0	0	0	0	0	28	0	0	0	0	0	0	0	0	0	0	0	0	0	0	0	0	0	37	0	0	0	0	0	0	0	0	0	0	0	0	0	0	0	0	0	0	0	0	0	0	0	0	0	0	0	0	0	0	0	0.0	0.0	0.0	0.0	0.00023	0.0	0.0	0.0	0.0	0.0	0.0	0.0	0.0	1.0	0.0	0.0	0.0	0.0	
65	68	2534.588796513	2520.25	2520.25	0.846369	0.306813	0	0	0	0	66	0	0	0	0	0.0	0.0	0.0	0.0	0.296956	0.0	0.0	0.0	0.0	0.0	0.0	0.0	0.0	2517.05	0.0	0.0	0.0	0.0	0.0	0.0	0.0	0.0	38.1372	0.0	0.0	0.0	0.0	0	0	0	0	28	0	0	0	0	0	0	0	0	0	0	0	0	0	0	0	0	0	38	0	0	0	0	0	0	0	0	0	0	0	0	0	0	0	0	0	0	0	0	0	0	0	0	0	0	0	0	0	0	0	0.0	0.0	0.0	0.0	0.000204	0.0	0.0	0.0	0.0	0.0	0.0	0.0	0.0	1.0	0.0	0.0	0.0	0.0	
66	69	2544.75295992	2520.25	2520.25	0.764994	0.270577	0	0	0	0	67	0	0	0	0	0.0	0.0	0.0	0.0	0.26726	0.0	0.0	0.0	0.0	0.0	0.0	0.0	0.0	2527.22	0.0	0.0	0.0	0.0	0.0	0.0	0.0	0.0	37.7196	0.0	0.0	0.0	0.0	0	0	0	0	28	0	0	0	0	0	0	0	0	0	0	0	0	0	0	0	0	0	39	0	0	0	0	0	0	0	0	0	0	0	0	0	0	0	0	0	0	0	0	0	0	0	0	0	0	0	0	0	0	0	0.0	0.0	0.0	0.0	0.000188	0.0	0.0	0.0	0.0	0.0	0.0	0.0	0.0	1.0	0.0	0.0	0.0	0.0	
67	70	2548.256742059	2520.25	2520.25	0.75019	0.263686	0	0	0	0	68	0	0	0	0	0.0	0.0	0.0	0.0	0.240534	0.0	0.0	0.0	0.0	0.0	0.0	0.0	0.0	2530.72	0.0	0.0	0.0	0.0	0.0	0.0	0.0	0.0	37.2165	0.0	0.0	0.0	0.0	0	0	0	0	28	0	0	0	0	0	0	0	0	0	0	0	0	0	0	0	0	0	40	0	0	0	0	0	0	0	0	0	0	0	0	0	0	0	0	0	0	0	0	0	0	0	0	0	0	0	0	0	0	0	0.0	0.0	0.0	0.0	0.000174	0.0	0.0	0.0	0.0	0.0	0.0	0.0	0.0	1.0	0.0	0.0	0.0	0.0	
68	71	2557.859641645	2520.25	2520.25	0.745154	0.261321	0	0	0	0	69	0	0	0	0	0.0	0.0	0.0	0.0	0.216481	0.0	0.0	0.0	0.0	0.0	0.0	0.0	0.0	2540.32	0.0	0.0	0.0	0.0	0.0	0.0	0.0	0.0	36.8163	0.0	0.0	0.0	0.0	0	0	0	0	28	0	0	0	0	0	0	0	0	0	0	0	0	0	0	0	0	0	41	0	0	0	0	0	0	0	0	0	0	0	0	0	0	0	0	0	0	0	0	0	0	0	0	0	0	0	0	0	0	0	0.0	0.0	0.0	0.0	0.00016	0.0	0.0	0.0	0.0	0.0	0.0	0.0	0.0	1.0	0.0	0.0	0.0	0.0	
69	72	2600.614434231	2508.05	2508.05	0.731522	0.254867	0	0	0	0	70	0	0	0	0	0.0	0.0	0.0	0.0	0.294833	0.0	0.0	0.0	0.0	0.0	0.0	0.0	0.0	2583.08	0.0	0.0	0.0	0.0	0.0	0.0	0.0	0.0	36.9011	0.0	0.0	0.0	0.0	0	0	0	0	29	0	0	0	0	0	0	0	0	0	0	0	0	0	0	0	0	0	41	0	0	0	0	0	0	0	0	0	0	0	0	0	0	0	0	0	0	0	0	0	0	0	0	0	0	0	0	0	0	0	0.0	0.0	0.0	0.0	0.000217	0.0	0.0	0.0	0.0	0.0	0.0	0.0	0.0	1.0	0.0	0.0	0.0	0.0	
70	73	2644.055108017	2498.05	2498.05	0.673795	0.226699	0	0	0	0	71	0	0	0	0	0.0	0.0	0.0	0.0	0.365349	0.0	0.0	0.0	0.0	0.0	0.0	0.0	0.0	2626.52	0.0	0.0	0.0	0.0	0.0	0.0	0.0	0.0	36.9932	0.0	0.0	0.0	0.0	0	0	0	0	30	0	0	0	0	0	0	0	0	0	0	0	0	0	0	0	0	0	41	0	0	0	0	0	0	0	0	0	0	0	0	0	0	0	0	0	0	0	0	0	0	0	0	0	0	0	0	0	0	0	0.0	0.0	0.0	0.0	0.000267	0.0	0.0	0.0	0.0	0.0	0.0	0.0	0.0	1.0	0.0	0.0	0.0	0.0	
71	74	2647.200851274	2498.05	2498.05	0.619806	0.199207	0	0	0	0	72	0	0	0	0	0.0	0.0	0.0	0.0	0.328814	0.0	0.0	0.0	0.0	0.0	0.0	0.0	0.0	2629.66	0.0	0.0	0.0	0.0	0.0	0.0	0.0	0.0	36.5231	0.0	0.0	0.0	0.0	0	0	0	0	30	0	0	0	0	0	0	0	0	0	0	0	0	0	0	0	0	0	42	0	0	0	0	0	0	0	0	0	0	0	0	0	0	0	0	0	0	0	0	0	0	0	0	0	0	0	0	0	0	0	0.0	0.0	0.0	0.0	0.000246	0.0	0.0	0.0	0.0	0.0	0.0	0.0	0.0	1.0	0.0	0.0	0.0	0.0	
72	75	2669.470565224	2498.05	2498.05	0.616068	0.197267	0	0	0	0	73	0	0	0	0	0.0	0.0	0.0	0.0	0.295933	0.0	0.0	0.0	0.0	0.0	0.0	0.0	0.0	2651.93	0.0	0.0	0.0	0.0	0.0	0.0	0.0	0.0	36.3279	0.0	0.0	0.0	0.0	0	0	0	0	30	0	0	0	0	0	0	0	0	0	0	0	0	0	0	0	0	0	43	0	0	0	0	0	0	0	0	0	0	0	0	0	0	0	0	0	0	0	0	0	0	0	0	0	0	0	0	0	0	0	0.0	0.0	0.0	0.0	0.000224	0.0	0.0	0.0	0.0	0.0	0.0	0.0	0.0	1.0	0.0	0.0	0.0	0.0	
73	76	2674.703446384	2498.05	2498.05	0.590247	0.183745	0	0	0	0	74	0	0	0	0	0.0	0.0	0.0	0.0	0.26634	0.0	0.0	0.0	0.0	0.0	0.0	0.0	0.0	2657.17	0.0	0.0	0.0	0.0	0.0	0.0	0.0	0.0	35.9077	0.0	0.0	0.0	0.0	0	0	0	0	30	0	0	0	0	0	0	0	0	0	0	0	0	0	0	0	0	0	44	0	0	0	0	0	0	0	0	0	0	0	0	0	0	0	0	0	0	0	0	0	0	0	0	0	0	0	0	0	0	0	0.0	0.0	0.0	0.0	0.000207	0.0	0.0	0.0	0.0	0.0	0.0	0.0	0.0	1.0	0.0	0.0	0.0	0.0	
74	77	2681.179098304	2498.05	2498.05	0.584339	0.180624	0	0	0	0	75	0	0	0	0	0.0	0.0	0.0	0.0	0.239706	0.0	0.0	0.0	0.0	0.0	0.0	0.0	0.0	2663.64	0.0	0.0	0.0	0.0	0.0	0.0	0.0	0.0	35.5152	0.0	0.0	0.0	0.0	0	0	0	0	30	0	0	0	0	0	0	0	0	0	0	0	0	0	0	0	0	0	45	0	0	0	0	0	0	0	0	0	0	0	0	0	0	0	0	0	0	0	0	0	0	0	0	0	0	0	0	0	0	0	0.0	0.0	0.0	0.0	0.00019	0.0	0.0	0.0	0.0	0.0	0.0	0.0	0.0	1.0	0.0	0.0	0.0	0.0	
75	78	2682.440936491	2498.05	2498.05	0.577109	0.176793	0	0	0	0	76	0	0	0	0	0.0	0.0	0.0	0.0	0.215735	0.0	0.0	0.0	0.0	0.0	0.0	0.0	0.0	2664.9	0.0	0.0	0.0	0.0	0.0	0.0	0.0	0.0	35.0645	0.0	0.0	0.0	0.0	0	0	0	0	30	0	0	0	0	0	0	0	0	0	0	0	0	0	0	0	0	0	46	0	0	0	0	0	0	0	0	0	0	0	0	0	0	0	0	0	0	0	0	0	0	0	0	0	0	0	0	0	0	0	0.0	0.0	0.0	0.0	0.000175	0.0	0.0	0.0	0.0	0.0	0.0	0.0	0.0	1.0	0.0	0.0	0.0	0.0	
76	79	2690.451161563	2498.05	2498.05	0.57571	0.17605	0	0	0	0	77	0	0	0	0	0.0	0.0	0.0	0.0	0.194162	0.0	0.0	0.0	0.0	0.0	0.0	0.0	0.0	2672.91	0.0	0.0	0.0	0.0	0.0	0.0	0.0	0.0	34.7132	0.0	0.0	0.0	0.0	0	0	0	0	30	0	0	0	0	0	0	0	0	0	0	0	0	0	0	0	0	0	47	0	0	0	0	0	0	0	0	0	0	0	0	0	0	0	0	0	0	0	0	0	0	0	0	0	0	0	0	0	0	0	0.0	0.0	0.0	0.0	0.000161	0.0	0.0	0.0	0.0	0.0	0.0	0.0	0.0	1.0	0.0	0.0	0.0	0.0	
77	80	2693.99030065	2498.05	2498.05	0.566912	0.171368	0	0	0	0	78	0	0	0	0	0.0	0.0	0.0	0.0	0.174745	0.0	0.0	0.0	0.0	0.0	0.0	0.0	0.0	2676.45	0.0	0.0	0.0	0.0	0.0	0.0	0.0	0.0	34.3135	0.0	0.0	0.0	0.0	0	0	0	0	30	0	0	0	0	0	0	0	0	0	0	0	0	0	0	0	0	0	48	0	0	0	0	0	0	0	0	0	0	0	0	0	0	0	0	0	0	0	0	0	0	0	0	0	0	0	0	0	0	0	0.0	0.0	0.0	0.0	0.000148	0.0	0.0	0.0	0.0	0.0	0.0	0.0	0.0	1.0	0.0	0.0	0.0	0.0	
78	81	2696.846630562	2498.05	2498.05	0.563068	0.169316	0	0	0	0	79	0	0	0	0	0.0	0.0	0.0	0.0	0.157271	0.0	0.0	0.0	0.0	0.0	0.0	0.0	0.0	2679.31	0.0	0.0	0.0	0.0	0.0	0.0	0.0	0.0	33.9153	0.0	0.0	0.0	0.0	0	0	0	0	30	0	0	0	0	0	0	0	0	0	0	0	0	0	0	0	0	0	49	0	0	0	0	0	0	0	0	0	0	0	0	0	0	0	0	0	0	0	0	0	0	0	0	0	0	0	0	0	0	0	0.0	0.0	0.0	0.0	0.000137	0.0	0.0	0.0	0.0	0.0	0.0	0.0	0.0	1.0	0.0	0.0	0.0	0.0	
79	82	2716.270756403	2498.05	2498.05	0.559984	0.167669	0	0	0	0	80	0	0	0	0	0.0	0.0	0.0	0.0	0.141544	0.0	0.0	0.0	0.0	0.0	0.0	0.0	0.0	2698.73	0.0	0.0	0.0	0.0	0.0	0.0	0.0	0.0	33.7342	0.0	0.0	0.0	0.0	0	0	0	0	30	0	0	0	0	0	0	0	0	0	0	0	0	0	0	0	0	0	50	0	0	0	0	0	0	0	0	0	0	0	0	0	0	0	0	0	0	0	0	0	0	0	0	0	0	0	0	0	0	0	0.0	0.0	0.0	0.0	0.000124	0.0	0.0	0.0	0.0	0.0	0.0	0.0	0.0	1.0	0.0	0.0	0.0	0.0	
80	84	2793.754311343	2493.55	2493.55	0.538777	0.156288	0	0	0	0	82	0	0	0	0	0.0	0.0	0.0	0.0	0.214651	0.0	0.0	0.0	0.0	0.0	0.0	0.0	0.0	2776.22	0.0	0.0	0.0	0.0	0.0	0.0	0.0	0.0	33.8563	0.0	0.0	0.0	0.0	0	0	0	0	31	0	0	0	0	0	0	0	0	0	0	0	0	0	0	0	0	0	51	0	0	0	0	0	0	0	0	0	0	0	0	0	0	0	0	0	0	0	0	0	0	0	0	0	0	0	0	0	0	0	0.0	0.0	0.0	0.0	0.000187	0.0	0.0	0.0	0.0	0.0	0.0	0.0	0.0	1.0	0.0	0.0	0.0	0.0	
81	85	2860.040144146	2493.55	2493.55	0.464793	0.11631	0	0	0	0	83	0	0	0	0	0.0	0.0	0.0	0.0	0.193185	0.0	0.0	0.0	0.0	0.0	0.0	0.0	0.0	2842.5	0.0	0.0	0.0	0.0	0.0	0.0	0.0	0.0	34.247	0.0	0.0	0.0	0.0	0	0	0	0	31	0	0	0	0	0	0	0	0	0	0	0	0	0	0	0	0	0	52	0	0	0	0	0	0	0	0	0	0	0	0	0	0	0	0	0	0	0	0	0	0	0	0	0	0	0	0	0	0	0	0.0	0.0	0.0	0.0	0.000165	0.0	0.0	0.0	0.0	0.0	0.0	0.0	0.0	1.0	0.0	0.0	0.0	0.0	
82	86	2865.23028592	2493.55	2493.55	0.409177	0.086819	0	0	0	0	84	0	0	0	0	0.0	0.0	0.0	0.0	0.173867	0.0	0.0	0.0	0.0	0.0	0.0	0.0	0.0	2847.69	0.0	0.0	0.0	0.0	0.0	0.0	0.0	0.0	33.9011	0.0	0.0	0.0	0.0	0	0	0	0	31	0	0	0	0	0	0	0	0	0	0	0	0	0	0	0	0	0	53	0	0	0	0	0	0	0	0	0	0	0	0	0	0	0	0	0	0	0	0	0	0	0	0	0	0	0	0	0	0	0	0.0	0.0	0.0	0.0	0.000151	0.0	0.0	0.0	0.0	0.0	0.0	0.0	0.0	1.0	0.0	0.0	0.0	0.0	
83	87	2878.600324345	2493.55	2493.55	0.405115	0.084717	0	0	0	0	85	0	0	0	0	0.0	0.0	0.0	0.0	0.15648	0.0	0.0	0.0	0.0	0.0	0.0	0.0	0.0	2861.06	0.0	0.0	0.0	0.0	0.0	0.0	0.0	0.0	33.6596	0.0	0.0	0.0	0.0	0	0	0	0	31	0	0	0	0	0	0	0	0	0	0	0	0	0	0	0	0	0	54	0	0	0	0	0	0	0	0	0	0	0	0	0	0	0	0	0	0	0	0	0	0	0	0	0	0	0	0	0	0	0	0.0	0.0	0.0	0.0	0.000138	0.0	0.0	0.0	0.0	0.0	0.0	0.0	0.0	1.0	0.0	0.0	0.0	0.0	
84	88	2896.172817301	2493.55	2493.55	0.394834	0.079443	0	0	0	0	86	0	0	0	0	0.0	0.0	0.0	0.0	0.140832	0.0	0.0	0.0	0.0	0.0	0.0	0.0	0.0	2878.64	0.0	0.0	0.0	0.0	0.0	0.0	0.0	0.0	33.4725	0.0	0.0	0.0	0.0	0	0	0	0	31	0	0	0	0	0	0	0	0	0	0	0	0	0	0	0	0	0	55	0	0	0	0	0	0	0	0	0	0	0	0	0	0	0	0	0	0	0	0	0	0	0	0	0	0	0	0	0	0	0	0.0	0.0	0.0	0.0	0.000126	0.0	0.0	0.0	0.0	0.0	0.0	0.0	0.0	1.0	0.0	0.0	0.0	0.0	
85	89	2906.981427979	2493.55	2493.55	0.381717	0.072822	0	0	0	0	87	0	0	0	0	0.0	0.0	0.0	0.0	0.126749	0.0	0.0	0.0	0.0	0.0	0.0	0.0	0.0	2889.44	0.0	0.0	0.0	0.0	0.0	0.0	0.0	0.0	33.212	0.0	0.0	0.0	0.0	0	0	0	0	31	0	0	0	0	0	0	0	0	0	0	0	0	0	0	0	0	0	56	0	0	0	0	0	0	0	0	0	0	0	0	0	0	0	0	0	0	0	0	0	0	0	0	0	0	0	0	0	0	0	0.0	0.0	0.0	0.0	0.000115	0.0	0.0	0.0	0.0	0.0	0.0	0.0	0.0	1.0	0.0	0.0	0.0	0.0	
86	90	2920.62045347	2493.55	2493.55	0.373866	0.068924	0	0	0	0	88	0	0	0	0	0.0	0.0	0.0	0.0	0.114074	0.0	0.0	0.0	0.0	0.0	0.0	0.0	0.0	2903.08	0.0	0.0	0.0	0.0	0.0	0.0	0.0	0.0	32.9896	0.0	0.0	0.0	0.0	0	0	0	0	31	0	0	0	0	0	0	0	0	0	0	0	0	0	0	0	0	0	57	0	0	0	0	0	0	0	0	0	0	0	0	0	0	0	0	0	0	0	0	0	0	0	0	0	0	0	0	0	0	0	0.0	0.0	0.0	0.0	0.000105	0.0	0.0	0.0	0.0	0.0	0.0	0.0	0.0	1.0	0.0	0.0	0.0	0.0	
87	91	2930.937065834	2493.55	2493.55	0.36419	0.064196	0	0	0	0	89	0	0	0	0	0.0	0.0	0.0	0.0	0.102667	0.0	0.0	0.0	0.0	0.0	0.0	0.0	0.0	2913.4	0.0	0.0	0.0	0.0	0.0	0.0	0.0	0.0	32.7348	0.0	0.0	0.0	0.0	0	0	0	0	31	0	0	0	0	0	0	0	0	0	0	0	0	0	0	0	0	0	58	0	0	0	0	0	0	0	0	0	0	0	0	0	0	0	0	0	0	0	0	0	0	0	0	0	0	0	0	0	0	0	0.0	0.0	0.0	0.0	9.6e-5	0.0	0.0	0.0	0.0	0.0	0.0	0.0	0.0	1.0	0.0	0.0	0.0	0.0	
88	92	2945.324918851	2493.55	2493.55	0.357037	0.06076	0	0	0	0	90	0	0	0	0	0.0	0.0	0.0	0.0	0.0924	0.0	0.0	0.0	0.0	0.0	0.0	0.0	0.0	2927.79	0.0	0.0	0.0	0.0	0.0	0.0	0.0	0.0	32.531	0.0	0.0	0.0	0.0	0	0	0	0	31	0	0	0	0	0	0	0	0	0	0	0	0	0	0	0	0	0	59	0	0	0	0	0	0	0	0	0	0	0	0	0	0	0	0	0	0	0	0	0	0	0	0	0	0	0	0	0	0	0	0.0	0.0	0.0	0.0	8.7e-5	0.0	0.0	0.0	0.0	0.0	0.0	0.0	0.0	1.0	0.0	0.0	0.0	0.0	
89	93	2958.457313378	2493.55	2493.55	0.347296	0.056169	0	0	0	0	91	0	0	0	0	0.0	0.0	0.0	0.0	0.08316	0.0	0.0	0.0	0.0	0.0	0.0	0.0	0.0	2940.92	0.0	0.0	0.0	0.0	0.0	0.0	0.0	0.0	32.3178	0.0	0.0	0.0	0.0	0	0	0	0	31	0	0	0	0	0	0	0	0	0	0	0	0	0	0	0	0	0	60	0	0	0	0	0	0	0	0	0	0	0	0	0	0	0	0	0	0	0	0	0	0	0	0	0	0	0	0	0	0	0	0.0	0.0	0.0	0.0	8.0e-5	0.0	0.0	0.0	0.0	0.0	0.0	0.0	0.0	1.0	0.0	0.0	0.0	0.0	
90	94	2966.858541105	2493.55	2493.55	0.338637	0.052182	0	0	0	0	92	0	0	0	0	0.0	0.0	0.0	0.0	0.074844	0.0	0.0	0.0	0.0	0.0	0.0	0.0	0.0	2949.32	0.0	0.0	0.0	0.0	0.0	0.0	0.0	0.0	32.0578	0.0	0.0	0.0	0.0	0	0	0	0	31	0	0	0	0	0	0	0	0	0	0	0	0	0	0	0	0	0	61	0	0	0	0	0	0	0	0	0	0	0	0	0	0	0	0	0	0	0	0	0	0	0	0	0	0	0	0	0	0	0	0.0	0.0	0.0	0.0	7.3e-5	0.0	0.0	0.0	0.0	0.0	0.0	0.0	0.0	1.0	0.0	0.0	0.0	0.0	
91	95	3017.637927484	2493.55	2493.55	0.333211	0.049732	0	0	0	0	93	0	0	0	0	0.0	0.0	0.0	0.0	0.06736	0.0	0.0	0.0	0.0	0.0	0.0	0.0	0.0	3000.1	0.0	0.0	0.0	0.0	0.0	0.0	0.0	0.0	32.2591	0.0	0.0	0.0	0.0	0	0	0	0	31	0	0	0	0	0	0	0	0	0	0	0	0	0	0	0	0	0	62	0	0	0	0	0	0	0	0	0	0	0	0	0	0	0	0	0	0	0	0	0	0	0	0	0	0	0	0	0	0	0	0.0	0.0	0.0	0.0	6.5e-5	0.0	0.0	0.0	0.0	0.0	0.0	0.0	0.0	1.0	0.0	0.0	0.0	0.0	
92	97	3097.56072541	2493.55	2493.55	0.301667	0.036337	0	0	0	0	95	0	0	0	0	0.0	0.0	0.0	0.0	0.054561	0.0	0.0	0.0	0.0	0.0	0.0	0.0	0.0	3080.02	0.0	0.0	0.0	0.0	0.0	0.0	0.0	0.0	32.4213	0.0	0.0	0.0	0.0	0	0	0	0	31	0	0	0	0	0	0	0	0	0	0	0	0	0	0	0	0	0	64	0	0	0	0	0	0	0	0	0	0	0	0	0	0	0	0	0	0	0	0	0	0	0	0	0	0	0	0	0	0	0	0.0	0.0	0.0	0.0	5.2e-5	0.0	0.0	0.0	0.0	0.0	0.0	0.0	0.0	1.0	0.0	0.0	0.0	0.0	
93	98	3113.795498841	2489.55	2489.55	0.259171	0.0211	0	0	0	0	96	0	0	0	0	0.0	0.0	0.0	0.0	0.149105	0.0	0.0	0.0	0.0	0.0	0.0	0.0	0.0	3096.26	0.0	0.0	0.0	0.0	0.0	0.0	0.0	0.0	32.2527	0.0	0.0	0.0	0.0	0	0	0	0	32	0	0	0	0	0	0	0	0	0	0	0	0	0	0	0	0	0	64	0	0	0	0	0	0	0	0	0	0	0	0	0	0	0	0	0	0	0	0	0	0	0	0	0	0	0	0	0	0	0	0.0	0.0	0.0	0.0	0.000143	0.0	0.0	0.0	0.0	0.0	0.0	0.0	0.0	1.0	0.0	0.0	0.0	0.0	
94	100	3159.672387941	2489.55	2489.55	0.250802	0.018551	0	0	0	0	98	0	0	0	0	0.0	0.0	0.0	0.0	0.120775	0.0	0.0	0.0	0.0	0.0	0.0	0.0	0.0	3142.13	0.0	0.0	0.0	0.0	0.0	0.0	0.0	0.0	32.0626	0.0	0.0	0.0	0.0	0	0	0	0	32	0	0	0	0	0	0	0	0	0	0	0	0	0	0	0	0	0	66	0	0	0	0	0	0	0	0	0	0	0	0	0	0	0	0	0	0	0	0	0	0	0	0	0	0	0	0	0	0	0	0.0	0.0	0.0	0.0	0.000117	0.0	0.0	0.0	0.0	0.0	0.0	0.0	0.0	1.0	0.0	0.0	0.0	0.0	
95	101	3165.061960221	2489.55	2489.55	0.229998	0.012934	0	0	0	0	99	0	0	0	0	0.0	0.0	0.0	0.0	0.108698	0.0	0.0	0.0	0.0	0.0	0.0	0.0	0.0	3147.52	0.0	0.0	0.0	0.0	0.0	0.0	0.0	0.0	31.7932	0.0	0.0	0.0	0.0	0	0	0	0	32	0	0	0	0	0	0	0	0	0	0	0	0	0	0	0	0	0	67	0	0	0	0	0	0	0	0	0	0	0	0	0	0	0	0	0	0	0	0	0	0	0	0	0	0	0	0	0	0	0	0.0	0.0	0.0	0.0	0.000108	0.0	0.0	0.0	0.0	0.0	0.0	0.0	0.0	1.0	0.0	0.0	0.0	0.0	
96	102	3244.709646746	2489.55	2489.55	0.227627	0.012362	0	0	0	0	100	0	0	0	0	0.0	0.0	0.0	0.0	0.097828	0.0	0.0	0.0	0.0	0.0	0.0	0.0	0.0	3227.17	0.0	0.0	0.0	0.0	0.0	0.0	0.0	0.0	32.2717	0.0	0.0	0.0	0.0	0	0	0	0	32	0	0	0	0	0	0	0	0	0	0	0	0	0	0	0	0	0	68	0	0	0	0	0	0	0	0	0	0	0	0	0	0	0	0	0	0	0	0	0	0	0	0	0	0	0	0	0	0	0	0.0	0.0	0.0	0.0	9.4e-5	0.0	0.0	0.0	0.0	0.0	0.0	0.0	0.0	1.0	0.0	0.0	0.0	0.0	
97	103	3247.62074315	2489.55	2489.55	0.195307	0.005975	0	0	0	0	101	0	0	0	0	0.0	0.0	0.0	0.0	0.088045	0.0	0.0	0.0	0.0	0.0	0.0	0.0	0.0	3230.08	0.0	0.0	0.0	0.0	0.0	0.0	0.0	0.0	31.981	0.0	0.0	0.0	0.0	0	0	0	0	32	0	0	0	0	0	0	0	0	0	0	0	0	0	0	0	0	0	69	0	0	0	0	0	0	0	0	0	0	0	0	0	0	0	0	0	0	0	0	0	0	0	0	0	0	0	0	0	0	0	0.0	0.0	0.0	0.0	8.6e-5	0.0	0.0	0.0	0.0	0.0	0.0	0.0	0.0	1.0	0.0	0.0	0.0	0.0	
98	104	3253.783760604	2489.55	2489.55	0.194217	0.005806	0	0	0	0	102	0	0	0	0	0.0	0.0	0.0	0.0	0.079241	0.0	0.0	0.0	0.0	0.0	0.0	0.0	0.0	3236.25	0.0	0.0	0.0	0.0	0.0	0.0	0.0	0.0	31.7279	0.0	0.0	0.0	0.0	0	0	0	0	32	0	0	0	0	0	0	0	0	0	0	0	0	0	0	0	0	0	70	0	0	0	0	0	0	0	0	0	0	0	0	0	0	0	0	0	0	0	0	0	0	0	0	0	0	0	0	0	0	0	0.0	0.0	0.0	0.0	7.9e-5	0.0	0.0	0.0	0.0	0.0	0.0	0.0	0.0	1.0	0.0	0.0	0.0	0.0	
99	105	3260.886784351	2489.55	2489.55	0.19193	0.00546	0	0	0	0	103	0	0	0	0	0.0	0.0	0.0	0.0	0.071316	0.0	0.0	0.0	0.0	0.0	0.0	0.0	0.0	3243.35	0.0	0.0	0.0	0.0	0.0	0.0	0.0	0.0	31.4888	0.0	0.0	0.0	0.0	0	0	0	0	32	0	0	0	0	0	0	0	0	0	0	0	0	0	0	0	0	0	71	0	0	0	0	0	0	0	0	0	0	0	0	0	0	0	0	0	0	0	0	0	0	0	0	0	0	0	0	0	0	0	0.0	0.0	0.0	0.0	7.2e-5	0.0	0.0	0.0	0.0	0.0	0.0	0.0	0.0	1.0	0.0	0.0	0.0	0.0	
100	106	3281.127687936	2489.55	2489.55	0.189326	0.005083	0	0	0	0	104	0	0	0	0	0.0	0.0	0.0	0.0	0.064185	0.0	0.0	0.0	0.0	0.0	0.0	0.0	0.0	3263.59	0.0	0.0	0.0	0.0	0.0	0.0	0.0	0.0	31.3807	0.0	0.0	0.0	0.0	0	0	0	0	32	0	0	0	0	0	0	0	0	0	0	0	0	0	0	0	0	0	72	0	0	0	0	0	0	0	0	0	0	0	0	0	0	0	0	0	0	0	0	0	0	0	0	0	0	0	0	0	0	0	0.0	0.0	0.0	0.0	6.5e-5	0.0	0.0	0.0	0.0	0.0	0.0	0.0	0.0	1.0	0.0	0.0	0.0	0.0	
101	108	3363.337532036	2487.7	2487.7	0.181836	0.004089	0	0	0	0	106	0	0	0	0	0.0	0.0	0.0	0.0	0.15199	0.0	0.0	0.0	0.0	0.0	0.0	0.0	0.0	3345.8	0.0	0.0	0.0	0.0	0.0	0.0	0.0	0.0	31.5641	0.0	0.0	0.0	0.0	0	0	0	0	33	0	0	0	0	0	0	0	0	0	0	0	0	0	0	0	0	0	73	0	0	0	0	0	0	0	0	0	0	0	0	0	0	0	0	0	0	0	0	0	0	0	0	0	0	0	0	0	0	0	0.0	0.0	0.0	0.0	0.000153	0.0	0.0	0.0	0.0	0.0	0.0	0.0	0.0	1.0	0.0	0.0	0.0	0.0	
102	109	3382.014961946	2487.7	2487.7	0.155477	0.00161	0	0	0	0	107	0	0	0	0	0.0	0.0	0.0	0.0	0.136791	0.0	0.0	0.0	0.0	0.0	0.0	0.0	0.0	3364.48	0.0	0.0	0.0	0.0	0.0	0.0	0.0	0.0	31.4437	0.0	0.0	0.0	0.0	0	0	0	0	33	0	0	0	0	0	0	0	0	0	0	0	0	0	0	0	0	0	74	0	0	0	0	0	0	0	0	0	0	0	0	0	0	0	0	0	0	0	0	0	0	0	0	0	0	0	0	0	0	0	0.0	0.0	0.0	0.0	0.000138	0.0	0.0	0.0	0.0	0.0	0.0	0.0	0.0	1.0	0.0	0.0	0.0	0.0	
103	110	3468.464305479	2487.7	2487.7	0.149993	0.001272	0	0	0	0	108	0	0	0	0	0.0	0.0	0.0	0.0	0.123112	0.0	0.0	0.0	0.0	0.0	0.0	0.0	0.0	3450.93	0.0	0.0	0.0	0.0	0.0	0.0	0.0	0.0	31.953	0.0	0.0	0.0	0.0	0	0	0	0	33	0	0	0	0	0	0	0	0	0	0	0	0	0	0	0	0	0	75	0	0	0	0	0	0	0	0	0	0	0	0	0	0	0	0	0	0	0	0	0	0	0	0	0	0	0	0	0	0	0	0.0	0.0	0.0	0.0	0.000121	0.0	0.0	0.0	0.0	0.0	0.0	0.0	0.0	1.0	0.0	0.0	0.0	0.0	
104	111	3473.730430591	2487.7	2487.7	0.127024	0.000381	0	0	0	0	109	0	0	0	0	0.0	0.0	0.0	0.0	0.110801	0.0	0.0	0.0	0.0	0.0	0.0	0.0	0.0	3456.19	0.0	0.0	0.0	0.0	0.0	0.0	0.0	0.0	31.7082	0.0	0.0	0.0	0.0	0	0	0	0	33	0	0	0	0	0	0	0	0	0	0	0	0	0	0	0	0	0	76	0	0	0	0	0	0	0	0	0	0	0	0	0	0	0	0	0	0	0	0	0	0	0	0	0	0	0	0	0	0	0	0.0	0.0	0.0	0.0	0.00011	0.0	0.0	0.0	0.0	0.0	0.0	0.0	0.0	1.0	0.0	0.0	0.0	0.0	
105	112	3628.18798555	2487.7	2487.7	0.125745	0.000352	0	0	0	0	110	0	0	0	0	0.0	0.0	0.0	0.0	0.09972	0.0	0.0	0.0	0.0	0.0	0.0	0.0	0.0	3610.65	0.0	0.0	0.0	0.0	0.0	0.0	0.0	0.0	32.8241	0.0	0.0	0.0	0.0	0	0	0	0	33	0	0	0	0	0	0	0	0	0	0	0	0	0	0	0	0	0	77	0	0	0	0	0	0	0	0	0	0	0	0	0	0	0	0	0	0	0	0	0	0	0	0	0	0	0	0	0	0	0	0.0	0.0	0.0	0.0	9.3e-5	0.0	0.0	0.0	0.0	0.0	0.0	0.0	0.0	1.0	0.0	0.0	0.0	0.0	
106	113	3631.182869134	2487.7	2487.7	0.093437	2.2e-5	0	0	0	0	111	0	0	0	0	0.0	0.0	0.0	0.0	0.089748	0.0	0.0	0.0	0.0	0.0	0.0	0.0	0.0	3613.65	0.0	0.0	0.0	0.0	0.0	0.0	0.0	0.0	32.5554	0.0	0.0	0.0	0.0	0	0	0	0	33	0	0	0	0	0	0	0	0	0	0	0	0	0	0	0	0	0	78	0	0	0	0	0	0	0	0	0	0	0	0	0	0	0	0	0	0	0	0	0	0	0	0	0	0	0	0	0	0	0	0.0	0.0	0.0	0.0	8.5e-5	0.0	0.0	0.0	0.0	0.0	0.0	0.0	0.0	1.0	0.0	0.0	0.0	0.0	
107	114	3644.124125885	2487.7	2487.7	0.092901	2.1e-5	0	0	0	0	112	0	0	0	0	0.0	0.0	0.0	0.0	0.080774	0.0	0.0	0.0	0.0	0.0	0.0	0.0	0.0	3626.59	0.0	0.0	0.0	0.0	0.0	0.0	0.0	0.0	32.3802	0.0	0.0	0.0	0.0	0	0	0	0	33	0	0	0	0	0	0	0	0	0	0	0	0	0	0	0	0	0	79	0	0	0	0	0	0	0	0	0	0	0	0	0	0	0	0	0	0	0	0	0	0	0	0	0	0	0	0	0	0	0	0.0	0.0	0.0	0.0	7.7e-5	0.0	0.0	0.0	0.0	0.0	0.0	0.0	0.0	1.0	0.0	0.0	0.0	0.0	
108	115	3659.022947184	2487.7	2487.7	0.090618	1.6e-5	0	0	0	0	113	0	0	0	0	0.0	0.0	0.0	0.0	0.072696	0.0	0.0	0.0	0.0	0.0	0.0	0.0	0.0	3641.49	0.0	0.0	0.0	0.0	0.0	0.0	0.0	0.0	32.2255	0.0	0.0	0.0	0.0	0	0	0	0	33	0	0	0	0	0	0	0	0	0	0	0	0	0	0	0	0	0	80	0	0	0	0	0	0	0	0	0	0	0	0	0	0	0	0	0	0	0	0	0	0	0	0	0	0	0	0	0	0	0	0.0	0.0	0.0	0.0	7.0e-5	0.0	0.0	0.0	0.0	0.0	0.0	0.0	0.0	1.0	0.0	0.0	0.0	0.0	
109	116	3663.10003618	2487.7	2487.7	0.088059	1.2e-5	0	0	0	0	114	0	0	0	0	0.0	0.0	0.0	0.0	0.065427	0.0	0.0	0.0	0.0	0.0	0.0	0.0	0.0	3645.56	0.0	0.0	0.0	0.0	0.0	0.0	0.0	0.0	31.9786	0.0	0.0	0.0	0.0	0	0	0	0	33	0	0	0	0	0	0	0	0	0	0	0	0	0	0	0	0	0	81	0	0	0	0	0	0	0	0	0	0	0	0	0	0	0	0	0	0	0	0	0	0	0	0	0	0	0	0	0	0	0	0.0	0.0	0.0	0.0	6.4e-5	0.0	0.0	0.0	0.0	0.0	0.0	0.0	0.0	1.0	0.0	0.0	0.0	0.0	
110	117	3675.61280378	2487.7	2487.7	0.087371	1.1e-5	0	0	0	0	115	0	0	0	0	0.0	0.0	0.0	0.0	0.058884	0.0	0.0	0.0	0.0	0.0	0.0	0.0	0.0	3658.07	0.0	0.0	0.0	0.0	0.0	0.0	0.0	0.0	31.8093	0.0	0.0	0.0	0.0	0	0	0	0	33	0	0	0	0	0	0	0	0	0	0	0	0	0	0	0	0	0	82	0	0	0	0	0	0	0	0	0	0	0	0	0	0	0	0	0	0	0	0	0	0	0	0	0	0	0	0	0	0	0	0.0	0.0	0.0	0.0	5.8e-5	0.0	0.0	0.0	0.0	0.0	0.0	0.0	0.0	1.0	0.0	0.0	0.0	0.0	
111	118	3678.162425559	2487.7	2487.7	0.085294	8.0e-6	0	0	0	0	116	0	0	0	0	0.0	0.0	0.0	0.0	0.052996	0.0	0.0	0.0	0.0	0.0	0.0	0.0	0.0	3660.62	0.0	0.0	0.0	0.0	0.0	0.0	0.0	0.0	31.5571	0.0	0.0	0.0	0.0	0	0	0	0	33	0	0	0	0	0	0	0	0	0	0	0	0	0	0	0	0	0	83	0	0	0	0	0	0	0	0	0	0	0	0	0	0	0	0	0	0	0	0	0	0	0	0	0	0	0	0	0	0	0	0.0	0.0	0.0	0.0	5.3e-5	0.0	0.0	0.0	0.0	0.0	0.0	0.0	0.0	1.0	0.0	0.0	0.0	0.0	
112	119	3776.592471376	2487.7	2487.7	0.084877	8.0e-6	0	0	0	0	117	0	0	0	0	0.0	0.0	0.0	0.0	0.047696	0.0	0.0	0.0	0.0	0.0	0.0	0.0	0.0	3759.05	0.0	0.0	0.0	0.0	0.0	0.0	0.0	0.0	32.1287	0.0	0.0	0.0	0.0	0	0	0	0	33	0	0	0	0	0	0	0	0	0	0	0	0	0	0	0	0	0	84	0	0	0	0	0	0	0	0	0	0	0	0	0	0	0	0	0	0	0	0	0	0	0	0	0	0	0	0	0	0	0	0.0	0.0	0.0	0.0	4.6e-5	0.0	0.0	0.0	0.0	0.0	0.0	0.0	0.0	1.0	0.0	0.0	0.0	0.0	
113	120	3791.125494921	2487.7	2487.7	0.070243	1.0e-6	0	0	0	0	118	0	0	0	0	0.0	0.0	0.0	0.0	0.042926	0.0	0.0	0.0	0.0	0.0	0.0	0.0	0.0	3773.59	0.0	0.0	0.0	0.0	0.0	0.0	0.0	0.0	31.9796	0.0	0.0	0.0	0.0	0	0	0	0	33	0	0	0	0	0	0	0	0	0	0	0	0	0	0	0	0	0	85	0	0	0	0	0	0	0	0	0	0	0	0	0	0	0	0	0	0	0	0	0	0	0	0	0	0	0	0	0	0	0	0.0	0.0	0.0	0.0	4.2e-5	0.0	0.0	0.0	0.0	0.0	0.0	0.0	0.0	1.0	0.0	0.0	0.0	0.0	
114	121	3794.899633103	2487.7	2487.7	0.068308	0.0	0	0	0	0	119	0	0	0	0	0.0	0.0	0.0	0.0	0.038634	0.0	0.0	0.0	0.0	0.0	0.0	0.0	0.0	3777.36	0.0	0.0	0.0	0.0	0.0	0.0	0.0	0.0	31.7425	0.0	0.0	0.0	0.0	0	0	0	0	33	0	0	0	0	0	0	0	0	0	0	0	0	0	0	0	0	0	86	0	0	0	0	0	0	0	0	0	0	0	0	0	0	0	0	0	0	0	0	0	0	0	0	0	0	0	0	0	0	0	0.0	0.0	0.0	0.0	3.8e-5	0.0	0.0	0.0	0.0	0.0	0.0	0.0	0.0	1.0	0.0	0.0	0.0	0.0	
115	122	3804.625421085	2487.7	2487.7	0.067814	0.0	0	0	0	0	120	0	0	0	0	0.0	0.0	0.0	0.0	0.03477	0.0	0.0	0.0	0.0	0.0	0.0	0.0	0.0	3787.09	0.0	0.0	0.0	0.0	0.0	0.0	0.0	0.0	31.5591	0.0	0.0	0.0	0.0	0	0	0	0	33	0	0	0	0	0	0	0	0	0	0	0	0	0	0	0	0	0	87	0	0	0	0	0	0	0	0	0	0	0	0	0	0	0	0	0	0	0	0	0	0	0	0	0	0	0	0	0	0	0	0.0	0.0	0.0	0.0	3.5e-5	0.0	0.0	0.0	0.0	0.0	0.0	0.0	0.0	1.0	0.0	0.0	0.0	0.0	
116	123	3818.63879907	2487.7	2487.7	0.066558	0.0	0	0	0	0	121	0	0	0	0	0.0	0.0	0.0	0.0	0.031293	0.0	0.0	0.0	0.0	0.0	0.0	0.0	0.0	3801.1	0.0	0.0	0.0	0.0	0.0	0.0	0.0	0.0	31.4141	0.0	0.0	0.0	0.0	0	0	0	0	33	0	0	0	0	0	0	0	0	0	0	0	0	0	0	0	0	0	88	0	0	0	0	0	0	0	0	0	0	0	0	0	0	0	0	0	0	0	0	0	0	0	0	0	0	0	0	0	0	0	0.0	0.0	0.0	0.0	3.2e-5	0.0	0.0	0.0	0.0	0.0	0.0	0.0	0.0	1.0	0.0	0.0	0.0	0.0	
117	124	3825.051645729	2487.7	2487.7	0.064788	0.0	0	0	0	0	122	0	0	0	0	0.0	0.0	0.0	0.0	0.028164	0.0	0.0	0.0	0.0	0.0	0.0	0.0	0.0	3807.51	0.0	0.0	0.0	0.0	0.0	0.0	0.0	0.0	31.2091	0.0	0.0	0.0	0.0	0	0	0	0	33	0	0	0	0	0	0	0	0	0	0	0	0	0	0	0	0	0	89	0	0	0	0	0	0	0	0	0	0	0	0	0	0	0	0	0	0	0	0	0	0	0	0	0	0	0	0	0	0	0	0.0	0.0	0.0	0.0	2.9e-5	0.0	0.0	0.0	0.0	0.0	0.0	0.0	0.0	1.0	0.0	0.0	0.0	0.0	
118	125	3851.92794694	2487.7	2487.7	0.063994	0.0	0	0	0	0	123	0	0	0	0	0.0	0.0	0.0	0.0	0.025348	0.0	0.0	0.0	0.0	0.0	0.0	0.0	0.0	3834.39	0.0	0.0	0.0	0.0	0.0	0.0	0.0	0.0	31.1739	0.0	0.0	0.0	0.0	0	0	0	0	33	0	0	0	0	0	0	0	0	0	0	0	0	0	0	0	0	0	90	0	0	0	0	0	0	0	0	0	0	0	0	0	0	0	0	0	0	0	0	0	0	0	0	0	0	0	0	0	0	0	0.0	0.0	0.0	0.0	2.6e-5	0.0	0.0	0.0	0.0	0.0	0.0	0.0	0.0	1.0	0.0	0.0	0.0	0.0	
119	126	3859.874294088	2487.7	2487.7	0.060772	0.0	0	0	0	0	124	0	0	0	0	0.0	0.0	0.0	0.0	0.022813	0.0	0.0	0.0	0.0	0.0	0.0	0.0	0.0	3842.34	0.0	0.0	0.0	0.0	0.0	0.0	0.0	0.0	30.9866	0.0	0.0	0.0	0.0	0	0	0	0	33	0	0	0	0	0	0	0	0	0	0	0	0	0	0	0	0	0	91	0	0	0	0	0	0	0	0	0	0	0	0	0	0	0	0	0	0	0	0	0	0	0	0	0	0	0	0	0	0	0	0.0	0.0	0.0	0.0	2.4e-5	0.0	0.0	0.0	0.0	0.0	0.0	0.0	0.0	1.0	0.0	0.0	0.0	0.0	
120	127	3926.56395893	2487.7	2487.7	0.05985	0.0	0	0	0	0	125	0	0	0	0	0.0	0.0	0.0	0.0	0.020532	0.0	0.0	0.0	0.0	0.0	0.0	0.0	0.0	3909.03	0.0	0.0	0.0	0.0	0.0	0.0	0.0	0.0	31.2722	0.0	0.0	0.0	0.0	0	0	0	0	33	0	0	0	0	0	0	0	0	0	0	0	0	0	0	0	0	0	92	0	0	0	0	0	0	0	0	0	0	0	0	0	0	0	0	0	0	0	0	0	0	0	0	0	0	0	0	0	0	0	0.0	0.0	0.0	0.0	2.1e-5	0.0	0.0	0.0	0.0	0.0	0.0	0.0	0.0	1.0	0.0	0.0	0.0	0.0	
121	128	3940.334512507	2487.7	2487.7	0.052648	0.0	0	0	0	0	126	0	0	0	0	0.0	0.0	0.0	0.0	0.018478	0.0	0.0	0.0	0.0	0.0	0.0	0.0	0.0	3922.8	0.0	0.0	0.0	0.0	0.0	0.0	0.0	0.0	31.1333	0.0	0.0	0.0	0.0	0	0	0	0	33	0	0	0	0	0	0	0	0	0	0	0	0	0	0	0	0	0	93	0	0	0	0	0	0	0	0	0	0	0	0	0	0	0	0	0	0	0	0	0	0	0	0	0	0	0	0	0	0	0	0.0	0.0	0.0	0.0	1.9e-5	0.0	0.0	0.0	0.0	0.0	0.0	0.0	0.0	1.0	0.0	0.0	0.0	0.0	
122	129	3999.822531025	2487.7	2487.7	0.051272	0.0	0	0	0	0	127	0	0	0	0	0.0	0.0	0.0	0.0	0.016631	0.0	0.0	0.0	0.0	0.0	0.0	0.0	0.0	3982.28	0.0	0.0	0.0	0.0	0.0	0.0	0.0	0.0	31.3566	0.0	0.0	0.0	0.0	0	0	0	0	33	0	0	0	0	0	0	0	0	0	0	0	0	0	0	0	0	0	94	0	0	0	0	0	0	0	0	0	0	0	0	0	0	0	0	0	0	0	0	0	0	0	0	0	0	0	0	0	0	0	0.0	0.0	0.0	0.0	1.7e-5	0.0	0.0	0.0	0.0	0.0	0.0	0.0	0.0	1.0	0.0	0.0	0.0	0.0	
123	130	4036.298947403	2487.7	2487.7	0.045731	0.0	0	0	0	0	128	0	0	0	0	0.0	0.0	0.0	0.0	0.014968	0.0	0.0	0.0	0.0	0.0	0.0	0.0	0.0	4018.76	0.0	0.0	0.0	0.0	0.0	0.0	0.0	0.0	31.3966	0.0	0.0	0.0	0.0	0	0	0	0	33	0	0	0	0	0	0	0	0	0	0	0	0	0	0	0	0	0	95	0	0	0	0	0	0	0	0	0	0	0	0	0	0	0	0	0	0	0	0	0	0	0	0	0	0	0	0	0	0	0	0.0	0.0	0.0	0.0	1.5e-5	0.0	0.0	0.0	0.0	0.0	0.0	0.0	0.0	1.0	0.0	0.0	0.0	0.0	
124	131	4100.395321327	2487.7	2487.7	0.042634	0.0	0	0	0	0	129	0	0	0	0	0.0	0.0	0.0	0.0	0.013471	0.0	0.0	0.0	0.0	0.0	0.0	0.0	0.0	4082.86	0.0	0.0	0.0	0.0	0.0	0.0	0.0	0.0	31.6501	0.0	0.0	0.0	0.0	0	0	0	0	33	0	0	0	0	0	0	0	0	0	0	0	0	0	0	0	0	0	96	0	0	0	0	0	0	0	0	0	0	0	0	0	0	0	0	0	0	0	0	0	0	0	0	0	0	0	0	0	0	0	0.0	0.0	0.0	0.0	1.3e-5	0.0	0.0	0.0	0.0	0.0	0.0	0.0	0.0	1.0	0.0	0.0	0.0	0.0	
125	132	4104.50389121	2487.7	2487.7	0.037691	0.0	0	0	0	0	130	0	0	0	0	0.0	0.0	0.0	0.0	0.012124	0.0	0.0	0.0	0.0	0.0	0.0	0.0	0.0	4086.97	0.0	0.0	0.0	0.0	0.0	0.0	0.0	0.0	31.4382	0.0	0.0	0.0	0.0	0	0	0	0	33	0	0	0	0	0	0	0	0	0	0	0	0	0	0	0	0	0	97	0	0	0	0	0	0	0	0	0	0	0	0	0	0	0	0	0	0	0	0	0	0	0	0	0	0	0	0	0	0	0	0.0	0.0	0.0	0.0	1.2e-5	0.0	0.0	0.0	0.0	0.0	0.0	0.0	0.0	1.0	0.0	0.0	0.0	0.0	
126	133	4133.49979986	2475.85	2475.85	0.037394	0.0	0	0	0	0	131	0	0	0	0	0.0	0.0	0.0	0.0	0.110911	0.0	0.0	0.0	0.0	0.0	0.0	0.0	0.0	4115.96	0.0	0.0	0.0	0.0	0.0	0.0	0.0	0.0	31.4196	0.0	0.0	0.0	0.0	0	0	0	0	34	0	0	0	0	0	0	0	0	0	0	0	0	0	0	0	0	0	97	0	0	0	0	0	0	0	0	0	0	0	0	0	0	0	0	0	0	0	0	0	0	0	0	0	0	0	0	0	0	0	0.0	0.0	0.0	0.0	0.000112	0.0	0.0	0.0	0.0	0.0	0.0	0.0	0.0	1.0	0.0	0.0	0.0	0.0	
127	134	4140.996070149	2475.85	2475.85	0.035367	0.0	0	0	0	0	132	0	0	0	0	0.0	0.0	0.0	0.0	0.09982	0.0	0.0	0.0	0.0	0.0	0.0	0.0	0.0	4123.46	0.0	0.0	0.0	0.0	0.0	0.0	0.0	0.0	31.2383	0.0	0.0	0.0	0.0	0	0	0	0	34	0	0	0	0	0	0	0	0	0	0	0	0	0	0	0	0	0	98	0	0	0	0	0	0	0	0	0	0	0	0	0	0	0	0	0	0	0	0	0	0	0	0	0	0	0	0	0	0	0	0.0	0.0	0.0	0.0	0.000102	0.0	0.0	0.0	0.0	0.0	0.0	0.0	0.0	1.0	0.0	0.0	0.0	0.0	
128	135	4144.803878296	2475.85	2475.85	0.03486	0.0	0	0	0	0	133	0	0	0	0	0.0	0.0	0.0	0.0	0.089838	0.0	0.0	0.0	0.0	0.0	0.0	0.0	0.0	4127.27	0.0	0.0	0.0	0.0	0.0	0.0	0.0	0.0	31.0321	0.0	0.0	0.0	0.0	0	0	0	0	34	0	0	0	0	0	0	0	0	0	0	0	0	0	0	0	0	0	99	0	0	0	0	0	0	0	0	0	0	0	0	0	0	0	0	0	0	0	0	0	0	0	0	0	0	0	0	0	0	0	0.0	0.0	0.0	0.0	9.3e-5	0.0	0.0	0.0	0.0	0.0	0.0	0.0	0.0	1.0	0.0	0.0	0.0	0.0	
129	137	4146.398059795	2475.85	2475.85	0.034545	0.0	0	0	0	0	135	0	0	0	0	0.0	0.0	0.0	0.0	0.072769	0.0	0.0	0.0	0.0	0.0	0.0	0.0	0.0	4128.86	0.0	0.0	0.0	0.0	0.0	0.0	0.0	0.0	30.5841	0.0	0.0	0.0	0.0	0	0	0	0	34	0	0	0	0	0	0	0	0	0	0	0	0	0	0	0	0	0	101	0	0	0	0	0	0	0	0	0	0	0	0	0	0	0	0	0	0	0	0	0	0	0	0	0	0	0	0	0	0	0	0.0	0.0	0.0	0.0	7.8e-5	0.0	0.0	0.0	0.0	0.0	0.0	0.0	0.0	1.0	0.0	0.0	0.0	0.0	
130	138	4166.966699662	2475.85	2475.85	0.0345	0.0	0	0	0	0	136	0	0	0	0	0.0	0.0	0.0	0.0	0.065492	0.0	0.0	0.0	0.0	0.0	0.0	0.0	0.0	4149.43	0.0	0.0	0.0	0.0	0.0	0.0	0.0	0.0	30.5105	0.0	0.0	0.0	0.0	0	0	0	0	34	0	0	0	0	0	0	0	0	0	0	0	0	0	0	0	0	0	102	0	0	0	0	0	0	0	0	0	0	0	0	0	0	0	0	0	0	0	0	0	0	0	0	0	0	0	0	0	0	0	0.0	0.0	0.0	0.0	7.0e-5	0.0	0.0	0.0	0.0	0.0	0.0	0.0	0.0	1.0	0.0	0.0	0.0	0.0	
131	139	4179.741931211	2475.85	2475.85	0.033163	0.0	0	0	0	0	137	0	0	0	0	0.0	0.0	0.0	0.0	0.058943	0.0	0.0	0.0	0.0	0.0	0.0	0.0	0.0	4162.2	0.0	0.0	0.0	0.0	0.0	0.0	0.0	0.0	30.381	0.0	0.0	0.0	0.0	0	0	0	0	34	0	0	0	0	0	0	0	0	0	0	0	0	0	0	0	0	0	103	0	0	0	0	0	0	0	0	0	0	0	0	0	0	0	0	0	0	0	0	0	0	0	0	0	0	0	0	0	0	0	0.0	0.0	0.0	0.0	6.4e-5	0.0	0.0	0.0	0.0	0.0	0.0	0.0	0.0	1.0	0.0	0.0	0.0	0.0	
132	140	4182.706130701	2475.85	2475.85	0.032358	0.0	0	0	0	0	138	0	0	0	0	0.0	0.0	0.0	0.0	0.053048	0.0	0.0	0.0	0.0	0.0	0.0	0.0	0.0	4165.17	0.0	0.0	0.0	0.0	0.0	0.0	0.0	0.0	30.1824	0.0	0.0	0.0	0.0	0	0	0	0	34	0	0	0	0	0	0	0	0	0	0	0	0	0	0	0	0	0	104	0	0	0	0	0	0	0	0	0	0	0	0	0	0	0	0	0	0	0	0	0	0	0	0	0	0	0	0	0	0	0	0.0	0.0	0.0	0.0	5.8e-5	0.0	0.0	0.0	0.0	0.0	0.0	0.0	0.0	1.0	0.0	0.0	0.0	0.0	
133	141	4197.166134127	2475.85	2475.85	0.032174	0.0	0	0	0	0	139	0	0	0	0	0.0	0.0	0.0	0.0	0.047744	0.0	0.0	0.0	0.0	0.0	0.0	0.0	0.0	4179.63	0.0	0.0	0.0	0.0	0.0	0.0	0.0	0.0	30.0693	0.0	0.0	0.0	0.0	0	0	0	0	34	0	0	0	0	0	0	0	0	0	0	0	0	0	0	0	0	0	105	0	0	0	0	0	0	0	0	0	0	0	0	0	0	0	0	0	0	0	0	0	0	0	0	0	0	0	0	0	0	0	0.0	0.0	0.0	0.0	5.3e-5	0.0	0.0	0.0	0.0	0.0	0.0	0.0	0.0	1.0	0.0	0.0	0.0	0.0	
134	142	4219.548764251	2475.85	2475.85	0.031292	0.0	0	0	0	0	140	0	0	0	0	0.0	0.0	0.0	0.0	0.042969	0.0	0.0	0.0	0.0	0.0	0.0	0.0	0.0	4202.01	0.0	0.0	0.0	0.0	0.0	0.0	0.0	0.0	30.0144	0.0	0.0	0.0	0.0	0	0	0	0	34	0	0	0	0	0	0	0	0	0	0	0	0	0	0	0	0	0	106	0	0	0	0	0	0	0	0	0	0	0	0	0	0	0	0	0	0	0	0	0	0	0	0	0	0	0	0	0	0	0	0.0	0.0	0.0	0.0	4.8e-5	0.0	0.0	0.0	0.0	0.0	0.0	0.0	0.0	1.0	0.0	0.0	0.0	0.0	
135	144	4224.323697997	2475.85	2475.85	0.029924	0.0	0	0	0	0	142	0	0	0	0	0.0	0.0	0.0	0.0	0.034805	0.0	0.0	0.0	0.0	0.0	0.0	0.0	0.0	4206.79	0.0	0.0	0.0	0.0	0.0	0.0	0.0	0.0	29.6252	0.0	0.0	0.0	0.0	0	0	0	0	34	0	0	0	0	0	0	0	0	0	0	0	0	0	0	0	0	0	108	0	0	0	0	0	0	0	0	0	0	0	0	0	0	0	0	0	0	0	0	0	0	0	0	0	0	0	0	0	0	0	0.0	0.0	0.0	0.0	4.0e-5	0.0	0.0	0.0	0.0	0.0	0.0	0.0	0.0	1.0	0.0	0.0	0.0	0.0	
136	145	4257.270524099	2475.85	2475.85	0.0297	0.0	0	0	0	0	143	0	0	0	0	0.0	0.0	0.0	0.0	0.031325	0.0	0.0	0.0	0.0	0.0	0.0	0.0	0.0	4239.73	0.0	0.0	0.0	0.0	0.0	0.0	0.0	0.0	29.6485	0.0	0.0	0.0	0.0	0	0	0	0	34	0	0	0	0	0	0	0	0	0	0	0	0	0	0	0	0	0	109	0	0	0	0	0	0	0	0	0	0	0	0	0	0	0	0	0	0	0	0	0	0	0	0	0	0	0	0	0	0	0	0.0	0.0	0.0	0.0	3.6e-5	0.0	0.0	0.0	0.0	0.0	0.0	0.0	0.0	1.0	0.0	0.0	0.0	0.0	
137	146	4264.343144557	2475.85	2475.85	0.027877	0.0	0	0	0	0	144	0	0	0	0	0.0	0.0	0.0	0.0	0.028192	0.0	0.0	0.0	0.0	0.0	0.0	0.0	0.0	4246.8	0.0	0.0	0.0	0.0	0.0	0.0	0.0	0.0	29.4917	0.0	0.0	0.0	0.0	0	0	0	0	34	0	0	0	0	0	0	0	0	0	0	0	0	0	0	0	0	0	110	0	0	0	0	0	0	0	0	0	0	0	0	0	0	0	0	0	0	0	0	0	0	0	0	0	0	0	0	0	0	0	0.0	0.0	0.0	0.0	3.2e-5	0.0	0.0	0.0	0.0	0.0	0.0	0.0	0.0	1.0	0.0	0.0	0.0	0.0	
138	147	4276.054479891	2475.85	2475.85	0.0275	0.0	0	0	0	0	145	0	0	0	0	0.0	0.0	0.0	0.0	0.025373	0.0	0.0	0.0	0.0	0.0	0.0	0.0	0.0	4258.52	0.0	0.0	0.0	0.0	0.0	0.0	0.0	0.0	29.3691	0.0	0.0	0.0	0.0	0	0	0	0	34	0	0	0	0	0	0	0	0	0	0	0	0	0	0	0	0	0	111	0	0	0	0	0	0	0	0	0	0	0	0	0	0	0	0	0	0	0	0	0	0	0	0	0	0	0	0	0	0	0	0.0	0.0	0.0	0.0	2.9e-5	0.0	0.0	0.0	0.0	0.0	0.0	0.0	0.0	1.0	0.0	0.0	0.0	0.0	
139	148	4281.491401199	2475.85	2475.85	0.026888	0.0	0	0	0	0	146	0	0	0	0	0.0	0.0	0.0	0.0	0.022836	0.0	0.0	0.0	0.0	0.0	0.0	0.0	0.0	4263.95	0.0	0.0	0.0	0.0	0.0	0.0	0.0	0.0	29.2052	0.0	0.0	0.0	0.0	0	0	0	0	34	0	0	0	0	0	0	0	0	0	0	0	0	0	0	0	0	0	112	0	0	0	0	0	0	0	0	0	0	0	0	0	0	0	0	0	0	0	0	0	0	0	0	0	0	0	0	0	0	0	0.0	0.0	0.0	0.0	2.7e-5	0.0	0.0	0.0	0.0	0.0	0.0	0.0	0.0	1.0	0.0	0.0	0.0	0.0	
140	149	4285.735699571	2475.85	2475.85	0.026609	0.0	0	0	0	0	147	0	0	0	0	0.0	0.0	0.0	0.0	0.020552	0.0	0.0	0.0	0.0	0.0	0.0	0.0	0.0	4268.2	0.0	0.0	0.0	0.0	0.0	0.0	0.0	0.0	29.0354	0.0	0.0	0.0	0.0	0	0	0	0	34	0	0	0	0	0	0	0	0	0	0	0	0	0	0	0	0	0	113	0	0	0	0	0	0	0	0	0	0	0	0	0	0	0	0	0	0	0	0	0	0	0	0	0	0	0	0	0	0	0	0.0	0.0	0.0	0.0	2.4e-5	0.0	0.0	0.0	0.0	0.0	0.0	0.0	0.0	1.0	0.0	0.0	0.0	0.0	
141	150	4313.321213257	2475.85	2475.85	0.026392	0.0	0	0	0	0	148	0	0	0	0	0.0	0.0	0.0	0.0	0.018497	0.0	0.0	0.0	0.0	0.0	0.0	0.0	0.0	4295.78	0.0	0.0	0.0	0.0	0.0	0.0	0.0	0.0	29.0256	0.0	0.0	0.0	0.0	0	0	0	0	34	0	0	0	0	0	0	0	0	0	0	0	0	0	0	0	0	0	114	0	0	0	0	0	0	0	0	0	0	0	0	0	0	0	0	0	0	0	0	0	0	0	0	0	0	0	0	0	0	0	0.0	0.0	0.0	0.0	2.2e-5	0.0	0.0	0.0	0.0	0.0	0.0	0.0	0.0	1.0	0.0	0.0	0.0	0.0	
142	151	4314.587855515	2475.85	2475.85	0.025029	0.0	0	0	0	0	149	0	0	0	0	0.0	0.0	0.0	0.0	0.016647	0.0	0.0	0.0	0.0	0.0	0.0	0.0	0.0	4297.05	0.0	0.0	0.0	0.0	0.0	0.0	0.0	0.0	28.8393	0.0	0.0	0.0	0.0	0	0	0	0	34	0	0	0	0	0	0	0	0	0	0	0	0	0	0	0	0	0	115	0	0	0	0	0	0	0	0	0	0	0	0	0	0	0	0	0	0	0	0	0	0	0	0	0	0	0	0	0	0	0	0.0	0.0	0.0	0.0	2.0e-5	0.0	0.0	0.0	0.0	0.0	0.0	0.0	0.0	1.0	0.0	0.0	0.0	0.0	
143	152	4329.51181197	2475.85	2475.85	0.024968	0.0	0	0	0	0	150	0	0	0	0	0.0	0.0	0.0	0.0	0.014982	0.0	0.0	0.0	0.0	0.0	0.0	0.0	0.0	4311.97	0.0	0.0	0.0	0.0	0.0	0.0	0.0	0.0	28.7465	0.0	0.0	0.0	0.0	0	0	0	0	34	0	0	0	0	0	0	0	0	0	0	0	0	0	0	0	0	0	116	0	0	0	0	0	0	0	0	0	0	0	0	0	0	0	0	0	0	0	0	0	0	0	0	0	0	0	0	0	0	0	0.0	0.0	0.0	0.0	1.8e-5	0.0	0.0	0.0	0.0	0.0	0.0	0.0	0.0	1.0	0.0	0.0	0.0	0.0	
144	153	4332.850335581	2475.85	2475.85	0.024262	0.0	0	0	0	0	151	0	0	0	0	0.0	0.0	0.0	0.0	0.013484	0.0	0.0	0.0	0.0	0.0	0.0	0.0	0.0	4315.31	0.0	0.0	0.0	0.0	0.0	0.0	0.0	0.0	28.5782	0.0	0.0	0.0	0.0	0	0	0	0	34	0	0	0	0	0	0	0	0	0	0	0	0	0	0	0	0	0	117	0	0	0	0	0	0	0	0	0	0	0	0	0	0	0	0	0	0	0	0	0	0	0	0	0	0	0	0	0	0	0	0.0	0.0	0.0	0.0	1.7e-5	0.0	0.0	0.0	0.0	0.0	0.0	0.0	0.0	1.0	0.0	0.0	0.0	0.0	
145	154	4426.422543201	2475.85	2475.85	0.024107	0.0	0	0	0	0	152	0	0	0	0	0.0	0.0	0.0	0.0	0.012136	0.0	0.0	0.0	0.0	0.0	0.0	0.0	0.0	4408.88	0.0	0.0	0.0	0.0	0.0	0.0	0.0	0.0	29.0058	0.0	0.0	0.0	0.0	0	0	0	0	34	0	0	0	0	0	0	0	0	0	0	0	0	0	0	0	0	0	118	0	0	0	0	0	0	0	0	0	0	0	0	0	0	0	0	0	0	0	0	0	0	0	0	0	0	0	0	0	0	0	0.0	0.0	0.0	0.0	1.4e-5	0.0	0.0	0.0	0.0	0.0	0.0	0.0	0.0	1.0	0.0	0.0	0.0	0.0	
146	155	4430.402085209	2475.85	2475.85	0.020138	0.0	0	0	0	0	153	0	0	0	0	0.0	0.0	0.0	0.0	0.010922	0.0	0.0	0.0	0.0	0.0	0.0	0.0	0.0	4412.86	0.0	0.0	0.0	0.0	0.0	0.0	0.0	0.0	28.8422	0.0	0.0	0.0	0.0	0	0	0	0	34	0	0	0	0	0	0	0	0	0	0	0	0	0	0	0	0	0	119	0	0	0	0	0	0	0	0	0	0	0	0	0	0	0	0	0	0	0	0	0	0	0	0	0	0	0	0	0	0	0	0.0	0.0	0.0	0.0	1.3e-5	0.0	0.0	0.0	0.0	0.0	0.0	0.0	0.0	1.0	0.0	0.0	0.0	0.0	
147	156	4433.686358638	2475.85	2475.85	0.019984	0.0	0	0	0	0	154	0	0	0	0	0.0	0.0	0.0	0.0	0.00983	0.0	0.0	0.0	0.0	0.0	0.0	0.0	0.0	4416.15	0.0	0.0	0.0	0.0	0.0	0.0	0.0	0.0	28.6763	0.0	0.0	0.0	0.0	0	0	0	0	34	0	0	0	0	0	0	0	0	0	0	0	0	0	0	0	0	0	120	0	0	0	0	0	0	0	0	0	0	0	0	0	0	0	0	0	0	0	0	0	0	0	0	0	0	0	0	0	0	0	0.0	0.0	0.0	0.0	1.2e-5	0.0	0.0	0.0	0.0	0.0	0.0	0.0	0.0	1.0	0.0	0.0	0.0	0.0	
148	157	4436.556387219	2475.85	2475.85	0.019858	0.0	0	0	0	0	155	0	0	0	0	0.0	0.0	0.0	0.0	0.008847	0.0	0.0	0.0	0.0	0.0	0.0	0.0	0.0	4419.02	0.0	0.0	0.0	0.0	0.0	0.0	0.0	0.0	28.5098	0.0	0.0	0.0	0.0	0	0	0	0	34	0	0	0	0	0	0	0	0	0	0	0	0	0	0	0	0	0	121	0	0	0	0	0	0	0	0	0	0	0	0	0	0	0	0	0	0	0	0	0	0	0	0	0	0	0	0	0	0	0	0.0	0.0	0.0	0.0	1.1e-5	0.0	0.0	0.0	0.0	0.0	0.0	0.0	0.0	1.0	0.0	0.0	0.0	0.0	
149	158	4441.549448055	2475.85	2475.85	0.019749	0.0	0	0	0	0	156	0	0	0	0	0.0	0.0	0.0	0.0	0.007962	0.0	0.0	0.0	0.0	0.0	0.0	0.0	0.0	4424.01	0.0	0.0	0.0	0.0	0.0	0.0	0.0	0.0	28.359	0.0	0.0	0.0	0.0	0	0	0	0	34	0	0	0	0	0	0	0	0	0	0	0	0	0	0	0	0	0	122	0	0	0	0	0	0	0	0	0	0	0	0	0	0	0	0	0	0	0	0	0	0	0	0	0	0	0	0	0	0	0	0.0	0.0	0.0	0.0	1.0e-5	0.0	0.0	0.0	0.0	0.0	0.0	0.0	0.0	1.0	0.0	0.0	0.0	0.0	
150	159	4451.845701955	2475.85	2475.85	0.01956	0.0	0	0	0	0	157	0	0	0	0	0.0	0.0	0.0	0.0	0.007166	0.0	0.0	0.0	0.0	0.0	0.0	0.0	0.0	4434.31	0.0	0.0	0.0	0.0	0.0	0.0	0.0	0.0	28.244	0.0	0.0	0.0	0.0	0	0	0	0	34	0	0	0	0	0	0	0	0	0	0	0	0	0	0	0	0	0	123	0	0	0	0	0	0	0	0	0	0	0	0	0	0	0	0	0	0	0	0	0	0	0	0	0	0	0	0	0	0	0	0.0	0.0	0.0	0.0	9.0e-6	0.0	0.0	0.0	0.0	0.0	0.0	0.0	0.0	1.0	0.0	0.0	0.0	0.0	
151	160	4568.875815976	2475.85	2475.85	0.019177	0.0	0	0	0	0	158	0	0	0	0	0.0	0.0	0.0	0.0	0.006449	0.0	0.0	0.0	0.0	0.0	0.0	0.0	0.0	4551.34	0.0	0.0	0.0	0.0	0.0	0.0	0.0	0.0	28.8059	0.0	0.0	0.0	0.0	0	0	0	0	34	0	0	0	0	0	0	0	0	0	0	0	0	0	0	0	0	0	124	0	0	0	0	0	0	0	0	0	0	0	0	0	0	0	0	0	0	0	0	0	0	0	0	0	0	0	0	0	0	0	0.0	0.0	0.0	0.0	8.0e-6	0.0	0.0	0.0	0.0	0.0	0.0	0.0	0.0	1.0	0.0	0.0	0.0	0.0	
152	161	4582.70148204	2475.85	2475.85	0.015313	0.0	0	0	0	0	159	0	0	0	0	0.0	0.0	0.0	0.0	0.005805	0.0	0.0	0.0	0.0	0.0	0.0	0.0	0.0	4565.16	0.0	0.0	0.0	0.0	0.0	0.0	0.0	0.0	28.7117	0.0	0.0	0.0	0.0	0	0	0	0	34	0	0	0	0	0	0	0	0	0	0	0	0	0	0	0	0	0	125	0	0	0	0	0	0	0	0	0	0	0	0	0	0	0	0	0	0	0	0	0	0	0	0	0	0	0	0	0	0	0	0.0	0.0	0.0	0.0	7.0e-6	0.0	0.0	0.0	0.0	0.0	0.0	0.0	0.0	1.0	0.0	0.0	0.0	0.0	
153	162	4584.153866381	2475.85	2475.85	0.014911	0.0	0	0	0	0	160	0	0	0	0	0.0	0.0	0.0	0.0	0.005224	0.0	0.0	0.0	0.0	0.0	0.0	0.0	0.0	4566.62	0.0	0.0	0.0	0.0	0.0	0.0	0.0	0.0	28.5413	0.0	0.0	0.0	0.0	0	0	0	0	34	0	0	0	0	0	0	0	0	0	0	0	0	0	0	0	0	0	126	0	0	0	0	0	0	0	0	0	0	0	0	0	0	0	0	0	0	0	0	0	0	0	0	0	0	0	0	0	0	0	0.0	0.0	0.0	0.0	6.0e-6	0.0	0.0	0.0	0.0	0.0	0.0	0.0	0.0	1.0	0.0	0.0	0.0	0.0	
154	163	4666.155425494	2475.85	2475.85	0.01487	0.0	0	0	0	0	161	0	0	0	0	0.0	0.0	0.0	0.0	0.004702	0.0	0.0	0.0	0.0	0.0	0.0	0.0	0.0	4648.62	0.0	0.0	0.0	0.0	0.0	0.0	0.0	0.0	28.8734	0.0	0.0	0.0	0.0	0	0	0	0	34	0	0	0	0	0	0	0	0	0	0	0	0	0	0	0	0	0	127	0	0	0	0	0	0	0	0	0	0	0	0	0	0	0	0	0	0	0	0	0	0	0	0	0	0	0	0	0	0	0	0.0	0.0	0.0	0.0	6.0e-6	0.0	0.0	0.0	0.0	0.0	0.0	0.0	0.0	1.0	0.0	0.0	0.0	0.0	
155	165	4737.848361422	2475.85	2475.85	0.012684	0.0	0	0	0	0	163	0	0	0	0	0.0	0.0	0.0	0.0	0.003808	0.0	0.0	0.0	0.0	0.0	0.0	0.0	0.0	4720.31	0.0	0.0	0.0	0.0	0.0	0.0	0.0	0.0	28.959	0.0	0.0	0.0	0.0	0	0	0	0	34	0	0	0	0	0	0	0	0	0	0	0	0	0	0	0	0	0	129	0	0	0	0	0	0	0	0	0	0	0	0	0	0	0	0	0	0	0	0	0	0	0	0	0	0	0	0	0	0	0	0.0	0.0	0.0	0.0	5.0e-6	0.0	0.0	0.0	0.0	0.0	0.0	0.0	0.0	1.0	0.0	0.0	0.0	0.0	
156	166	4764.833088062	2475.85	2475.85	0.011066	0.0	0	0	0	0	164	0	0	0	0	0.0	0.0	0.0	0.0	0.003428	0.0	0.0	0.0	0.0	0.0	0.0	0.0	0.0	4747.29	0.0	0.0	0.0	0.0	0.0	0.0	0.0	0.0	28.9469	0.0	0.0	0.0	0.0	0	0	0	0	34	0	0	0	0	0	0	0	0	0	0	0	0	0	0	0	0	0	130	0	0	0	0	0	0	0	0	0	0	0	0	0	0	0	0	0	0	0	0	0	0	0	0	0	0	0	0	0	0	0	0.0	0.0	0.0	0.0	4.0e-6	0.0	0.0	0.0	0.0	0.0	0.0	0.0	0.0	1.0	0.0	0.0	0.0	0.0	
157	168	4792.059391402	2475.85	2475.85	0.010488	0.0	0	0	0	0	166	0	0	0	0	0.0	0.0	0.0	0.0	0.002776	0.0	0.0	0.0	0.0	0.0	0.0	0.0	0.0	4774.52	0.0	0.0	0.0	0.0	0.0	0.0	0.0	0.0	28.7622	0.0	0.0	0.0	0.0	0	0	0	0	34	0	0	0	0	0	0	0	0	0	0	0	0	0	0	0	0	0	132	0	0	0	0	0	0	0	0	0	0	0	0	0	0	0	0	0	0	0	0	0	0	0	0	0	0	0	0	0	0	0	0.0	0.0	0.0	0.0	3.0e-6	0.0	0.0	0.0	0.0	0.0	0.0	0.0	0.0	1.0	0.0	0.0	0.0	0.0	
158	169	4811.580379363	2475.85	2475.85	0.00997	0.0	0	0	0	0	167	0	0	0	0	0.0	0.0	0.0	0.0	0.002499	0.0	0.0	0.0	0.0	0.0	0.0	0.0	0.0	4794.04	0.0	0.0	0.0	0.0	0.0	0.0	0.0	0.0	28.7068	0.0	0.0	0.0	0.0	0	0	0	0	34	0	0	0	0	0	0	0	0	0	0	0	0	0	0	0	0	0	133	0	0	0	0	0	0	0	0	0	0	0	0	0	0	0	0	0	0	0	0	0	0	0	0	0	0	0	0	0	0	0	0.0	0.0	0.0	0.0	3.0e-6	0.0	0.0	0.0	0.0	0.0	0.0	0.0	0.0	1.0	0.0	0.0	0.0	0.0	
159	170	4896.785609765	2475.85	2475.85	0.009603	0.0	0	0	0	0	168	0	0	0	0	0.0	0.0	0.0	0.0	0.002249	0.0	0.0	0.0	0.0	0.0	0.0	0.0	0.0	4879.25	0.0	0.0	0.0	0.0	0.0	0.0	0.0	0.0	29.0431	0.0	0.0	0.0	0.0	0	0	0	0	34	0	0	0	0	0	0	0	0	0	0	0	0	0	0	0	0	0	134	0	0	0	0	0	0	0	0	0	0	0	0	0	0	0	0	0	0	0	0	0	0	0	0	0	0	0	0	0	0	0	0.0	0.0	0.0	0.0	3.0e-6	0.0	0.0	0.0	0.0	0.0	0.0	0.0	0.0	1.0	0.0	0.0	0.0	0.0	
160	171	4984.554388289	2475.85	2475.85	0.008152	0.0	0	0	0	0	169	0	0	0	0	0.0	0.0	0.0	0.0	0.002024	0.0	0.0	0.0	0.0	0.0	0.0	0.0	0.0	4967.02	0.0	0.0	0.0	0.0	0.0	0.0	0.0	0.0	29.3906	0.0	0.0	0.0	0.0	0	0	0	0	34	0	0	0	0	0	0	0	0	0	0	0	0	0	0	0	0	0	135	0	0	0	0	0	0	0	0	0	0	0	0	0	0	0	0	0	0	0	0	0	0	0	0	0	0	0	0	0	0	0	0.0	0.0	0.0	0.0	2.0e-6	0.0	0.0	0.0	0.0	0.0	0.0	0.0	0.0	1.0	0.0	0.0	0.0	0.0	
161	172	5015.900843079	2475.85	2475.85	0.006886	0.0	0	0	0	0	170	0	0	0	0	0.0	0.0	0.0	0.0	0.001822	0.0	0.0	0.0	0.0	0.0	0.0	0.0	0.0	4998.36	0.0	0.0	0.0	0.0	0.0	0.0	0.0	0.0	29.4021	0.0	0.0	0.0	0.0	0	0	0	0	34	0	0	0	0	0	0	0	0	0	0	0	0	0	0	0	0	0	136	0	0	0	0	0	0	0	0	0	0	0	0	0	0	0	0	0	0	0	0	0	0	0	0	0	0	0	0	0	0	0	0.0	0.0	0.0	0.0	2.0e-6	0.0	0.0	0.0	0.0	0.0	0.0	0.0	0.0	1.0	0.0	0.0	0.0	0.0	
162	174	5096.980935408	2475.85	2475.85	0.006474	0.0	0	0	0	0	172	0	0	0	0	0.0	0.0	0.0	0.0	0.001475	0.0	0.0	0.0	0.0	0.0	0.0	0.0	0.0	5079.44	0.0	0.0	0.0	0.0	0.0	0.0	0.0	0.0	29.5316	0.0	0.0	0.0	0.0	0	0	0	0	34	0	0	0	0	0	0	0	0	0	0	0	0	0	0	0	0	0	138	0	0	0	0	0	0	0	0	0	0	0	0	0	0	0	0	0	0	0	0	0	0	0	0	0	0	0	0	0	0	0	0.0	0.0	0.0	0.0	2.0e-6	0.0	0.0	0.0	0.0	0.0	0.0	0.0	0.0	1.0	0.0	0.0	0.0	0.0	
163	175	5101.39118067	2475.85	2475.85	0.005548	0.0	0	0	0	0	173	0	0	0	0	0.0	0.0	0.0	0.0	0.001328	0.0	0.0	0.0	0.0	0.0	0.0	0.0	0.0	5083.85	0.0	0.0	0.0	0.0	0.0	0.0	0.0	0.0	29.3864	0.0	0.0	0.0	0.0	0	0	0	0	34	0	0	0	0	0	0	0	0	0	0	0	0	0	0	0	0	0	139	0	0	0	0	0	0	0	0	0	0	0	0	0	0	0	0	0	0	0	0	0	0	0	0	0	0	0	0	0	0	0	0.0	0.0	0.0	0.0	2.0e-6	0.0	0.0	0.0	0.0	0.0	0.0	0.0	0.0	1.0	0.0	0.0	0.0	0.0	
164	176	5115.471243894	2475.85	2475.85	0.005501	0.0	0	0	0	0	174	0	0	0	0	0.0	0.0	0.0	0.0	0.001195	0.0	0.0	0.0	0.0	0.0	0.0	0.0	0.0	5097.93	0.0	0.0	0.0	0.0	0.0	0.0	0.0	0.0	29.2985	0.0	0.0	0.0	0.0	0	0	0	0	34	0	0	0	0	0	0	0	0	0	0	0	0	0	0	0	0	0	140	0	0	0	0	0	0	0	0	0	0	0	0	0	0	0	0	0	0	0	0	0	0	0	0	0	0	0	0	0	0	0	0.0	0.0	0.0	0.0	1.0e-6	0.0	0.0	0.0	0.0	0.0	0.0	0.0	0.0	1.0	0.0	0.0	0.0	0.0	
165	177	5122.049099881	2475.85	2475.85	0.005354	0.0	0	0	0	0	175	0	0	0	0	0.0	0.0	0.0	0.0	0.001076	0.0	0.0	0.0	0.0	0.0	0.0	0.0	0.0	5104.51	0.0	0.0	0.0	0.0	0.0	0.0	0.0	0.0	29.1686	0.0	0.0	0.0	0.0	0	0	0	0	34	0	0	0	0	0	0	0	0	0	0	0	0	0	0	0	0	0	141	0	0	0	0	0	0	0	0	0	0	0	0	0	0	0	0	0	0	0	0	0	0	0	0	0	0	0	0	0	0	0	0.0	0.0	0.0	0.0	1.0e-6	0.0	0.0	0.0	0.0	0.0	0.0	0.0	0.0	1.0	0.0	0.0	0.0	0.0	
166	178	5135.199221768	2475.85	2475.85	0.005287	0.0	0	0	0	0	176	0	0	0	0	0.0	0.0	0.0	0.0	0.000968	0.0	0.0	0.0	0.0	0.0	0.0	0.0	0.0	5117.66	0.0	0.0	0.0	0.0	0.0	0.0	0.0	0.0	29.0776	0.0	0.0	0.0	0.0	0	0	0	0	34	0	0	0	0	0	0	0	0	0	0	0	0	0	0	0	0	0	142	0	0	0	0	0	0	0	0	0	0	0	0	0	0	0	0	0	0	0	0	0	0	0	0	0	0	0	0	0	0	0	0.0	0.0	0.0	0.0	1.0e-6	0.0	0.0	0.0	0.0	0.0	0.0	0.0	0.0	1.0	0.0	0.0	0.0	0.0	
167	180	5152.760839317	2475.85	2475.85	0.005145	0.0	0	0	0	0	178	0	0	0	0	0.0	0.0	0.0	0.0	0.000784	0.0	0.0	0.0	0.0	0.0	0.0	0.0	0.0	5135.22	0.0	0.0	0.0	0.0	0.0	0.0	0.0	0.0	28.8496	0.0	0.0	0.0	0.0	0	0	0	0	34	0	0	0	0	0	0	0	0	0	0	0	0	0	0	0	0	0	144	0	0	0	0	0	0	0	0	0	0	0	0	0	0	0	0	0	0	0	0	0	0	0	0	0	0	0	0	0	0	0	0.0	0.0	0.0	0.0	1.0e-6	0.0	0.0	0.0	0.0	0.0	0.0	0.0	0.0	1.0	0.0	0.0	0.0	0.0	
168	181	5155.046200401	2475.85	2475.85	0.004983	0.0	0	0	0	0	179	0	0	0	0	0.0	0.0	0.0	0.0	0.000706	0.0	0.0	0.0	0.0	0.0	0.0	0.0	0.0	5137.51	0.0	0.0	0.0	0.0	0.0	0.0	0.0	0.0	28.7012	0.0	0.0	0.0	0.0	0	0	0	0	34	0	0	0	0	0	0	0	0	0	0	0	0	0	0	0	0	0	145	0	0	0	0	0	0	0	0	0	0	0	0	0	0	0	0	0	0	0	0	0	0	0	0	0	0	0	0	0	0	0	0.0	0.0	0.0	0.0	1.0e-6	0.0	0.0	0.0	0.0	0.0	0.0	0.0	0.0	1.0	0.0	0.0	0.0	0.0	
169	182	5194.320137719	2475.85	2475.85	0.004962	0.0	0	0	0	0	180	0	0	0	0	0.0	0.0	0.0	0.0	0.000635	0.0	0.0	0.0	0.0	0.0	0.0	0.0	0.0	5176.78	0.0	0.0	0.0	0.0	0.0	0.0	0.0	0.0	28.7599	0.0	0.0	0.0	0.0	0	0	0	0	34	0	0	0	0	0	0	0	0	0	0	0	0	0	0	0	0	0	146	0	0	0	0	0	0	0	0	0	0	0	0	0	0	0	0	0	0	0	0	0	0	0	0	0	0	0	0	0	0	0	0.0	0.0	0.0	0.0	1.0e-6	0.0	0.0	0.0	0.0	0.0	0.0	0.0	0.0	1.0	0.0	0.0	0.0	0.0	
170	183	5287.992940705	2464.85	2464.85	0.004601	0.0	0	0	0	0	181	0	0	0	0	0.0	0.0	0.0	0.0	0.100572	0.0	0.0	0.0	0.0	0.0	0.0	0.0	0.0	5270.45	0.0	0.0	0.0	0.0	0.0	0.0	0.0	0.0	29.1185	0.0	0.0	0.0	0.0	0	0	0	0	35	0	0	0	0	0	0	0	0	0	0	0	0	0	0	0	0	0	146	0	0	0	0	0	0	0	0	0	0	0	0	0	0	0	0	0	0	0	0	0	0	0	0	0	0	0	0	0	0	0	0.0	0.0	0.0	0.0	0.000119	0.0	0.0	0.0	0.0	0.0	0.0	0.0	0.0	1.0	0.0	0.0	0.0	0.0	
171	184	5304.923555595	2459.85	2459.85	0.003842	0.0	0	0	0	0	182	0	0	0	0	0.0	0.0	0.0	0.0	0.190514	0.0	0.0	0.0	0.0	0.0	0.0	0.0	0.0	5287.38	0.0	0.0	0.0	0.0	0.0	0.0	0.0	0.0	29.0516	0.0	0.0	0.0	0.0	0	0	0	0	36	0	0	0	0	0	0	0	0	0	0	0	0	0	0	0	0	0	146	0	0	0	0	0	0	0	0	0	0	0	0	0	0	0	0	0	0	0	0	0	0	0	0	0	0	0	0	0	0	0	0.0	0.0	0.0	0.0	0.000226	0.0	0.0	0.0	0.0	0.0	0.0	0.0	0.0	1.0	0.0	0.0	0.0	0.0	
172	185	5318.353588287	2459.85	2459.85	0.003719	0.0	0	0	0	0	183	0	0	0	0	0.0	0.0	0.0	0.0	0.171463	0.0	0.0	0.0	0.0	0.0	0.0	0.0	0.0	5300.81	0.0	0.0	0.0	0.0	0.0	0.0	0.0	0.0	28.9662	0.0	0.0	0.0	0.0	0	0	0	0	36	0	0	0	0	0	0	0	0	0	0	0	0	0	0	0	0	0	147	0	0	0	0	0	0	0	0	0	0	0	0	0	0	0	0	0	0	0	0	0	0	0	0	0	0	0	0	0	0	0	0.0	0.0	0.0	0.0	0.000204	0.0	0.0	0.0	0.0	0.0	0.0	0.0	0.0	1.0	0.0	0.0	0.0	0.0	
173	186	5498.3984745	2459.85	2459.85	0.003625	0.0	0	0	0	0	184	0	0	0	0	0.0	0.0	0.0	0.0	0.154317	0.0	0.0	0.0	0.0	0.0	0.0	0.0	0.0	5480.86	0.0	0.0	0.0	0.0	0.0	0.0	0.0	0.0	29.7873	0.0	0.0	0.0	0.0	0	0	0	0	36	0	0	0	0	0	0	0	0	0	0	0	0	0	0	0	0	0	148	0	0	0	0	0	0	0	0	0	0	0	0	0	0	0	0	0	0	0	0	0	0	0	0	0	0	0	0	0	0	0	0.0	0.0	0.0	0.0	0.000174	0.0	0.0	0.0	0.0	0.0	0.0	0.0	0.0	1.0	0.0	0.0	0.0	0.0	
174	187	5501.062921659	2459.85	2459.85	0.002564	0.0	0	0	0	0	185	0	0	0	0	0.0	0.0	0.0	0.0	0.138885	0.0	0.0	0.0	0.0	0.0	0.0	0.0	0.0	5483.52	0.0	0.0	0.0	0.0	0.0	0.0	0.0	0.0	29.6407	0.0	0.0	0.0	0.0	0	0	0	0	36	0	0	0	0	0	0	0	0	0	0	0	0	0	0	0	0	0	149	0	0	0	0	0	0	0	0	0	0	0	0	0	0	0	0	0	0	0	0	0	0	0	0	0	0	0	0	0	0	0	0.0	0.0	0.0	0.0	0.000158	0.0	0.0	0.0	0.0	0.0	0.0	0.0	0.0	1.0	0.0	0.0	0.0	0.0	
175	188	5508.98947412	2459.85	2459.85	0.002551	0.0	0	0	0	0	186	0	0	0	0	0.0	0.0	0.0	0.0	0.124997	0.0	0.0	0.0	0.0	0.0	0.0	0.0	0.0	5491.45	0.0	0.0	0.0	0.0	0.0	0.0	0.0	0.0	29.5239	0.0	0.0	0.0	0.0	0	0	0	0	36	0	0	0	0	0	0	0	0	0	0	0	0	0	0	0	0	0	150	0	0	0	0	0	0	0	0	0	0	0	0	0	0	0	0	0	0	0	0	0	0	0	0	0	0	0	0	0	0	0	0.0	0.0	0.0	0.0	0.000143	0.0	0.0	0.0	0.0	0.0	0.0	0.0	0.0	1.0	0.0	0.0	0.0	0.0	
176	190	5534.711084535	2459.85	2459.85	0.002508	0.0	0	0	0	0	188	0	0	0	0	0.0	0.0	0.0	0.0	0.101247	0.0	0.0	0.0	0.0	0.0	0.0	0.0	0.0	5517.17	0.0	0.0	0.0	0.0	0.0	0.0	0.0	0.0	29.3467	0.0	0.0	0.0	0.0	0	0	0	0	36	0	0	0	0	0	0	0	0	0	0	0	0	0	0	0	0	0	152	0	0	0	0	0	0	0	0	0	0	0	0	0	0	0	0	0	0	0	0	0	0	0	0	0	0	0	0	0	0	0	0.0	0.0	0.0	0.0	0.000118	0.0	0.0	0.0	0.0	0.0	0.0	0.0	0.0	1.0	0.0	0.0	0.0	0.0	
177	191	5545.819661606	2459.85	2459.85	0.002391	0.0	0	0	0	0	189	0	0	0	0	0.0	0.0	0.0	0.0	0.091122	0.0	0.0	0.0	0.0	0.0	0.0	0.0	0.0	5528.28	0.0	0.0	0.0	0.0	0.0	0.0	0.0	0.0	29.2502	0.0	0.0	0.0	0.0	0	0	0	0	36	0	0	0	0	0	0	0	0	0	0	0	0	0	0	0	0	0	153	0	0	0	0	0	0	0	0	0	0	0	0	0	0	0	0	0	0	0	0	0	0	0	0	0	0	0	0	0	0	0	0.0	0.0	0.0	0.0	0.000107	0.0	0.0	0.0	0.0	0.0	0.0	0.0	0.0	1.0	0.0	0.0	0.0	0.0	
178	192	5556.313180846	2459.85	2459.85	0.002341	0.0	0	0	0	0	190	0	0	0	0	0.0	0.0	0.0	0.0	0.08201	0.0	0.0	0.0	0.0	0.0	0.0	0.0	0.0	5538.77	0.0	0.0	0.0	0.0	0.0	0.0	0.0	0.0	29.1514	0.0	0.0	0.0	0.0	0	0	0	0	36	0	0	0	0	0	0	0	0	0	0	0	0	0	0	0	0	0	154	0	0	0	0	0	0	0	0	0	0	0	0	0	0	0	0	0	0	0	0	0	0	0	0	0	0	0	0	0	0	0	0.0	0.0	0.0	0.0	9.7e-5	0.0	0.0	0.0	0.0	0.0	0.0	0.0	0.0	1.0	0.0	0.0	0.0	0.0	
179	193	5563.704004537	2459.85	2459.85	0.002294	0.0	0	0	0	0	191	0	0	0	0	0.0	0.0	0.0	0.0	0.073809	0.0	0.0	0.0	0.0	0.0	0.0	0.0	0.0	5546.16	0.0	0.0	0.0	0.0	0.0	0.0	0.0	0.0	29.0375	0.0	0.0	0.0	0.0	0	0	0	0	36	0	0	0	0	0	0	0	0	0	0	0	0	0	0	0	0	0	155	0	0	0	0	0	0	0	0	0	0	0	0	0	0	0	0	0	0	0	0	0	0	0	0	0	0	0	0	0	0	0	0.0	0.0	0.0	0.0	8.8e-5	0.0	0.0	0.0	0.0	0.0	0.0	0.0	0.0	1.0	0.0	0.0	0.0	0.0	
180	194	5579.84803055	2459.85	2459.85	0.002261	0.0	0	0	0	0	192	0	0	0	0	0.0	0.0	0.0	0.0	0.066428	0.0	0.0	0.0	0.0	0.0	0.0	0.0	0.0	5562.31	0.0	0.0	0.0	0.0	0.0	0.0	0.0	0.0	28.9704	0.0	0.0	0.0	0.0	0	0	0	0	36	0	0	0	0	0	0	0	0	0	0	0	0	0	0	0	0	0	156	0	0	0	0	0	0	0	0	0	0	0	0	0	0	0	0	0	0	0	0	0	0	0	0	0	0	0	0	0	0	0	0.0	0.0	0.0	0.0	7.9e-5	0.0	0.0	0.0	0.0	0.0	0.0	0.0	0.0	1.0	0.0	0.0	0.0	0.0	
181	195	5583.896890929	2459.85	2459.85	0.002192	0.0	0	0	0	0	193	0	0	0	0	0.0	0.0	0.0	0.0	0.059786	0.0	0.0	0.0	0.0	0.0	0.0	0.0	0.0	5566.36	0.0	0.0	0.0	0.0	0.0	0.0	0.0	0.0	28.8412	0.0	0.0	0.0	0.0	0	0	0	0	36	0	0	0	0	0	0	0	0	0	0	0	0	0	0	0	0	0	157	0	0	0	0	0	0	0	0	0	0	0	0	0	0	0	0	0	0	0	0	0	0	0	0	0	0	0	0	0	0	0	0.0	0.0	0.0	0.0	7.2e-5	0.0	0.0	0.0	0.0	0.0	0.0	0.0	0.0	1.0	0.0	0.0	0.0	0.0	
182	197	5598.46047414	2459.85	2459.85	0.002173	0.0	0	0	0	0	195	0	0	0	0	0.0	0.0	0.0	0.0	0.048426	0.0	0.0	0.0	0.0	0.0	0.0	0.0	0.0	5580.92	0.0	0.0	0.0	0.0	0.0	0.0	0.0	0.0	28.6201	0.0	0.0	0.0	0.0	0	0	0	0	36	0	0	0	0	0	0	0	0	0	0	0	0	0	0	0	0	0	159	0	0	0	0	0	0	0	0	0	0	0	0	0	0	0	0	0	0	0	0	0	0	0	0	0	0	0	0	0	0	0	0.0	0.0	0.0	0.0	5.9e-5	0.0	0.0	0.0	0.0	0.0	0.0	0.0	0.0	1.0	0.0	0.0	0.0	0.0	
183	198	5778.507919695	2459.85	2459.85	0.002115	0.0	0	0	0	0	196	0	0	0	0	0.0	0.0	0.0	0.0	0.043584	0.0	0.0	0.0	0.0	0.0	0.0	0.0	0.0	5760.97	0.0	0.0	0.0	0.0	0.0	0.0	0.0	0.0	29.3927	0.0	0.0	0.0	0.0	0	0	0	0	36	0	0	0	0	0	0	0	0	0	0	0	0	0	0	0	0	0	160	0	0	0	0	0	0	0	0	0	0	0	0	0	0	0	0	0	0	0	0	0	0	0	0	0	0	0	0	0	0	0	0.0	0.0	0.0	0.0	5.0e-5	0.0	0.0	0.0	0.0	0.0	0.0	0.0	0.0	1.0	0.0	0.0	0.0	0.0	
184	199	5779.802689454	2459.85	2459.85	0.001496	0.0	0	0	0	0	197	0	0	0	0	0.0	0.0	0.0	0.0	0.039225	0.0	0.0	0.0	0.0	0.0	0.0	0.0	0.0	5762.26	0.0	0.0	0.0	0.0	0.0	0.0	0.0	0.0	29.2501	0.0	0.0	0.0	0.0	0	0	0	0	36	0	0	0	0	0	0	0	0	0	0	0	0	0	0	0	0	0	161	0	0	0	0	0	0	0	0	0	0	0	0	0	0	0	0	0	0	0	0	0	0	0	0	0	0	0	0	0	0	0	0.0	0.0	0.0	0.0	4.6e-5	0.0	0.0	0.0	0.0	0.0	0.0	0.0	0.0	1.0	0.0	0.0	0.0	0.0	
185	200	5831.487900606	2459.85	2459.85	0.001493	0.0	0	0	0	0	198	0	0	0	0	0.0	0.0	0.0	0.0	0.035303	0.0	0.0	0.0	0.0	0.0	0.0	0.0	0.0	5813.95	0.0	0.0	0.0	0.0	0.0	0.0	0.0	0.0	29.3634	0.0	0.0	0.0	0.0	0	0	0	0	36	0	0	0	0	0	0	0	0	0	0	0	0	0	0	0	0	0	162	0	0	0	0	0	0	0	0	0	0	0	0	0	0	0	0	0	0	0	0	0	0	0	0	0	0	0	0	0	0	0	0.0	0.0	0.0	0.0	4.1e-5	0.0	0.0	0.0	0.0	0.0	0.0	0.0	0.0	1.0	0.0	0.0	0.0	0.0	
186	201	5845.296277264	2459.85	2459.85	0.001351	0.0	0	0	0	0	199	0	0	0	0	0.0	0.0	0.0	0.0	0.031773	0.0	0.0	0.0	0.0	0.0	0.0	0.0	0.0	5827.76	0.0	0.0	0.0	0.0	0.0	0.0	0.0	0.0	29.2852	0.0	0.0	0.0	0.0	0	0	0	0	36	0	0	0	0	0	0	0	0	0	0	0	0	0	0	0	0	0	163	0	0	0	0	0	0	0	0	0	0	0	0	0	0	0	0	0	0	0	0	0	0	0	0	0	0	0	0	0	0	0	0.0	0.0	0.0	0.0	3.7e-5	0.0	0.0	0.0	0.0	0.0	0.0	0.0	0.0	1.0	0.0	0.0	0.0	0.0	
187	202	5859.007151281	2459.85	2459.85	0.001316	0.0	0	0	0	0	200	0	0	0	0	0.0	0.0	0.0	0.0	0.028595	0.0	0.0	0.0	0.0	0.0	0.0	0.0	0.0	5841.47	0.0	0.0	0.0	0.0	0.0	0.0	0.0	0.0	29.2073	0.0	0.0	0.0	0.0	0	0	0	0	36	0	0	0	0	0	0	0	0	0	0	0	0	0	0	0	0	0	164	0	0	0	0	0	0	0	0	0	0	0	0	0	0	0	0	0	0	0	0	0	0	0	0	0	0	0	0	0	0	0	0.0	0.0	0.0	0.0	3.4e-5	0.0	0.0	0.0	0.0	0.0	0.0	0.0	0.0	1.0	0.0	0.0	0.0	0.0	
188	203	5864.687523134	2459.85	2459.85	0.001282	0.0	0	0	0	0	201	0	0	0	0	0.0	0.0	0.0	0.0	0.025736	0.0	0.0	0.0	0.0	0.0	0.0	0.0	0.0	5847.15	0.0	0.0	0.0	0.0	0.0	0.0	0.0	0.0	29.0903	0.0	0.0	0.0	0.0	0	0	0	0	36	0	0	0	0	0	0	0	0	0	0	0	0	0	0	0	0	0	165	0	0	0	0	0	0	0	0	0	0	0	0	0	0	0	0	0	0	0	0	0	0	0	0	0	0	0	0	0	0	0	0.0	0.0	0.0	0.0	3.0e-5	0.0	0.0	0.0	0.0	0.0	0.0	0.0	0.0	1.0	0.0	0.0	0.0	0.0	
189	204	5872.046226059	2459.85	2459.85	0.001268	0.0	0	0	0	0	202	0	0	0	0	0.0	0.0	0.0	0.0	0.023162	0.0	0.0	0.0	0.0	0.0	0.0	0.0	0.0	5854.51	0.0	0.0	0.0	0.0	0.0	0.0	0.0	0.0	28.9827	0.0	0.0	0.0	0.0	0	0	0	0	36	0	0	0	0	0	0	0	0	0	0	0	0	0	0	0	0	0	166	0	0	0	0	0	0	0	0	0	0	0	0	0	0	0	0	0	0	0	0	0	0	0	0	0	0	0	0	0	0	0	0.0	0.0	0.0	0.0	2.8e-5	0.0	0.0	0.0	0.0	0.0	0.0	0.0	0.0	1.0	0.0	0.0	0.0	0.0	
190	205	5875.010947811	2459.85	2459.85	0.00125	0.0	0	0	0	0	203	0	0	0	0	0.0	0.0	0.0	0.0	0.020846	0.0	0.0	0.0	0.0	0.0	0.0	0.0	0.0	5857.47	0.0	0.0	0.0	0.0	0.0	0.0	0.0	0.0	28.8545	0.0	0.0	0.0	0.0	0	0	0	0	36	0	0	0	0	0	0	0	0	0	0	0	0	0	0	0	0	0	167	0	0	0	0	0	0	0	0	0	0	0	0	0	0	0	0	0	0	0	0	0	0	0	0	0	0	0	0	0	0	0	0.0	0.0	0.0	0.0	2.5e-5	0.0	0.0	0.0	0.0	0.0	0.0	0.0	0.0	1.0	0.0	0.0	0.0	0.0	
191	206	5904.851121054	2459.85	2459.85	0.001243	0.0	0	0	0	0	204	0	0	0	0	0.0	0.0	0.0	0.0	0.018761	0.0	0.0	0.0	0.0	0.0	0.0	0.0	0.0	5887.31	0.0	0.0	0.0	0.0	0.0	0.0	0.0	0.0	28.8594	0.0	0.0	0.0	0.0	0	0	0	0	36	0	0	0	0	0	0	0	0	0	0	0	0	0	0	0	0	0	168	0	0	0	0	0	0	0	0	0	0	0	0	0	0	0	0	0	0	0	0	0	0	0	0	0	0	0	0	0	0	0	0.0	0.0	0.0	0.0	2.3e-5	0.0	0.0	0.0	0.0	0.0	0.0	0.0	0.0	1.0	0.0	0.0	0.0	0.0	
192	207	5906.637336183	2459.85	2459.85	0.001174	0.0	0	0	0	0	205	0	0	0	0	0.0	0.0	0.0	0.0	0.016885	0.0	0.0	0.0	0.0	0.0	0.0	0.0	0.0	5889.1	0.0	0.0	0.0	0.0	0.0	0.0	0.0	0.0	28.7273	0.0	0.0	0.0	0.0	0	0	0	0	36	0	0	0	0	0	0	0	0	0	0	0	0	0	0	0	0	0	169	0	0	0	0	0	0	0	0	0	0	0	0	0	0	0	0	0	0	0	0	0	0	0	0	0	0	0	0	0	0	0	0.0	0.0	0.0	0.0	2.0e-5	0.0	0.0	0.0	0.0	0.0	0.0	0.0	0.0	1.0	0.0	0.0	0.0	0.0	
193	208	5925.501703583	2459.85	2459.85	0.00117	0.0	0	0	0	0	206	0	0	0	0	0.0	0.0	0.0	0.0	0.015197	0.0	0.0	0.0	0.0	0.0	0.0	0.0	0.0	5907.96	0.0	0.0	0.0	0.0	0.0	0.0	0.0	0.0	28.6794	0.0	0.0	0.0	0.0	0	0	0	0	36	0	0	0	0	0	0	0	0	0	0	0	0	0	0	0	0	0	170	0	0	0	0	0	0	0	0	0	0	0	0	0	0	0	0	0	0	0	0	0	0	0	0	0	0	0	0	0	0	0	0.0	0.0	0.0	0.0	1.8e-5	0.0	0.0	0.0	0.0	0.0	0.0	0.0	0.0	1.0	0.0	0.0	0.0	0.0	
194	209	5937.71341874	2459.85	2459.85	0.001128	0.0	0	0	0	0	207	0	0	0	0	0.0	0.0	0.0	0.0	0.013677	0.0	0.0	0.0	0.0	0.0	0.0	0.0	0.0	5920.17	0.0	0.0	0.0	0.0	0.0	0.0	0.0	0.0	28.5999	0.0	0.0	0.0	0.0	0	0	0	0	36	0	0	0	0	0	0	0	0	0	0	0	0	0	0	0	0	0	171	0	0	0	0	0	0	0	0	0	0	0	0	0	0	0	0	0	0	0	0	0	0	0	0	0	0	0	0	0	0	0	0.0	0.0	0.0	0.0	1.7e-5	0.0	0.0	0.0	0.0	0.0	0.0	0.0	0.0	1.0	0.0	0.0	0.0	0.0	
195	210	5970.105601876	2459.85	2459.85	0.001102	0.0	0	0	0	0	208	0	0	0	0	0.0	0.0	0.0	0.0	0.012309	0.0	0.0	0.0	0.0	0.0	0.0	0.0	0.0	5952.57	0.0	0.0	0.0	0.0	0.0	0.0	0.0	0.0	28.6181	0.0	0.0	0.0	0.0	0	0	0	0	36	0	0	0	0	0	0	0	0	0	0	0	0	0	0	0	0	0	172	0	0	0	0	0	0	0	0	0	0	0	0	0	0	0	0	0	0	0	0	0	0	0	0	0	0	0	0	0	0	0	0.0	0.0	0.0	0.0	1.5e-5	0.0	0.0	0.0	0.0	0.0	0.0	0.0	0.0	1.0	0.0	0.0	0.0	0.0	
196	211	5971.502579802	2459.85	2459.85	0.001035	0.0	0	0	0	0	209	0	0	0	0	0.0	0.0	0.0	0.0	0.011078	0.0	0.0	0.0	0.0	0.0	0.0	0.0	0.0	5953.96	0.0	0.0	0.0	0.0	0.0	0.0	0.0	0.0	28.4879	0.0	0.0	0.0	0.0	0	0	0	0	36	0	0	0	0	0	0	0	0	0	0	0	0	0	0	0	0	0	173	0	0	0	0	0	0	0	0	0	0	0	0	0	0	0	0	0	0	0	0	0	0	0	0	0	0	0	0	0	0	0	0.0	0.0	0.0	0.0	1.4e-5	0.0	0.0	0.0	0.0	0.0	0.0	0.0	0.0	1.0	0.0	0.0	0.0	0.0	
197	212	5983.706572985	2459.85	2459.85	0.001032	0.0	0	0	0	0	210	0	0	0	0	0.0	0.0	0.0	0.0	0.009971	0.0	0.0	0.0	0.0	0.0	0.0	0.0	0.0	5966.17	0.0	0.0	0.0	0.0	0.0	0.0	0.0	0.0	28.4103	0.0	0.0	0.0	0.0	0	0	0	0	36	0	0	0	0	0	0	0	0	0	0	0	0	0	0	0	0	0	174	0	0	0	0	0	0	0	0	0	0	0	0	0	0	0	0	0	0	0	0	0	0	0	0	0	0	0	0	0	0	0	0.0	0.0	0.0	0.0	1.2e-5	0.0	0.0	0.0	0.0	0.0	0.0	0.0	0.0	1.0	0.0	0.0	0.0	0.0	
198	213	5997.266155408	2459.85	2459.85	0.001009	0.0	0	0	0	0	211	0	0	0	0	0.0	0.0	0.0	0.0	0.008973	0.0	0.0	0.0	0.0	0.0	0.0	0.0	0.0	5979.73	0.0	0.0	0.0	0.0	0.0	0.0	0.0	0.0	28.3399	0.0	0.0	0.0	0.0	0	0	0	0	36	0	0	0	0	0	0	0	0	0	0	0	0	0	0	0	0	0	175	0	0	0	0	0	0	0	0	0	0	0	0	0	0	0	0	0	0	0	0	0	0	0	0	0	0	0	0	0	0	0	0.0	0.0	0.0	0.0	1.1e-5	0.0	0.0	0.0	0.0	0.0	0.0	0.0	0.0	1.0	0.0	0.0	0.0	0.0	
199	214	6015.141368738	2459.85	2459.85	0.000983	0.0	0	0	0	0	212	0	0	0	0	0.0	0.0	0.0	0.0	0.008076	0.0	0.0	0.0	0.0	0.0	0.0	0.0	0.0	5997.6	0.0	0.0	0.0	0.0	0.0	0.0	0.0	0.0	28.2906	0.0	0.0	0.0	0.0	0	0	0	0	36	0	0	0	0	0	0	0	0	0	0	0	0	0	0	0	0	0	176	0	0	0	0	0	0	0	0	0	0	0	0	0	0	0	0	0	0	0	0	0	0	0	0	0	0	0	0	0	0	0	0.0	0.0	0.0	0.0	1.0e-5	0.0	0.0	0.0	0.0	0.0	0.0	0.0	0.0	1.0	0.0	0.0	0.0	0.0	
200	215	6034.330347441	2459.85	2459.85	0.000949	0.0	0	0	0	0	213	0	0	0	0	0.0	0.0	0.0	0.0	0.007269	0.0	0.0	0.0	0.0	0.0	0.0	0.0	0.0	6016.79	0.0	0.0	0.0	0.0	0.0	0.0	0.0	0.0	28.2478	0.0	0.0	0.0	0.0	0	0	0	0	36	0	0	0	0	0	0	0	0	0	0	0	0	0	0	0	0	0	177	0	0	0	0	0	0	0	0	0	0	0	0	0	0	0	0	0	0	0	0	0	0	0	0	0	0	0	0	0	0	0	0.0	0.0	0.0	0.0	9.0e-6	0.0	0.0	0.0	0.0	0.0	0.0	0.0	0.0	1.0	0.0	0.0	0.0	0.0	
201	216	6047.307399598	2459.85	2459.85	0.000915	0.0	0	0	0	0	214	0	0	0	0	0.0	0.0	0.0	0.0	0.006542	0.0	0.0	0.0	0.0	0.0	0.0	0.0	0.0	6029.77	0.0	0.0	0.0	0.0	0.0	0.0	0.0	0.0	28.1765	0.0	0.0	0.0	0.0	0	0	0	0	36	0	0	0	0	0	0	0	0	0	0	0	0	0	0	0	0	0	178	0	0	0	0	0	0	0	0	0	0	0	0	0	0	0	0	0	0	0	0	0	0	0	0	0	0	0	0	0	0	0	0.0	0.0	0.0	0.0	8.0e-6	0.0	0.0	0.0	0.0	0.0	0.0	0.0	0.0	1.0	0.0	0.0	0.0	0.0	
202	217	6072.414200659	2459.85	2459.85	0.000892	0.0	0	0	0	0	215	0	0	0	0	0.0	0.0	0.0	0.0	0.005888	0.0	0.0	0.0	0.0	0.0	0.0	0.0	0.0	6054.87	0.0	0.0	0.0	0.0	0.0	0.0	0.0	0.0	28.1622	0.0	0.0	0.0	0.0	0	0	0	0	36	0	0	0	0	0	0	0	0	0	0	0	0	0	0	0	0	0	179	0	0	0	0	0	0	0	0	0	0	0	0	0	0	0	0	0	0	0	0	0	0	0	0	0	0	0	0	0	0	0	0.0	0.0	0.0	0.0	7.0e-6	0.0	0.0	0.0	0.0	0.0	0.0	0.0	0.0	1.0	0.0	0.0	0.0	0.0	
203	218	6080.86378174	2459.85	2459.85	0.00085	0.0	0	0	0	0	216	0	0	0	0	0.0	0.0	0.0	0.0	0.005299	0.0	0.0	0.0	0.0	0.0	0.0	0.0	0.0	6063.32	0.0	0.0	0.0	0.0	0.0	0.0	0.0	0.0	28.0709	0.0	0.0	0.0	0.0	0	0	0	0	36	0	0	0	0	0	0	0	0	0	0	0	0	0	0	0	0	0	180	0	0	0	0	0	0	0	0	0	0	0	0	0	0	0	0	0	0	0	0	0	0	0	0	0	0	0	0	0	0	0	0.0	0.0	0.0	0.0	7.0e-6	0.0	0.0	0.0	0.0	0.0	0.0	0.0	0.0	1.0	0.0	0.0	0.0	0.0	
204	219	6119.431951803	2459.85	2459.85	0.000837	0.0	0	0	0	0	217	0	0	0	0	0.0	0.0	0.0	0.0	0.004769	0.0	0.0	0.0	0.0	0.0	0.0	0.0	0.0	6101.89	0.0	0.0	0.0	0.0	0.0	0.0	0.0	0.0	28.1193	0.0	0.0	0.0	0.0	0	0	0	0	36	0	0	0	0	0	0	0	0	0	0	0	0	0	0	0	0	0	181	0	0	0	0	0	0	0	0	0	0	0	0	0	0	0	0	0	0	0	0	0	0	0	0	0	0	0	0	0	0	0	0.0	0.0	0.0	0.0	6.0e-6	0.0	0.0	0.0	0.0	0.0	0.0	0.0	0.0	1.0	0.0	0.0	0.0	0.0	
205	220	6120.683840852	2459.85	2459.85	0.000777	0.0	0	0	0	0	218	0	0	0	0	0.0	0.0	0.0	0.0	0.004292	0.0	0.0	0.0	0.0	0.0	0.0	0.0	0.0	6103.14	0.0	0.0	0.0	0.0	0.0	0.0	0.0	0.0	27.9961	0.0	0.0	0.0	0.0	0	0	0	0	36	0	0	0	0	0	0	0	0	0	0	0	0	0	0	0	0	0	182	0	0	0	0	0	0	0	0	0	0	0	0	0	0	0	0	0	0	0	0	0	0	0	0	0	0	0	0	0	0	0	0.0	0.0	0.0	0.0	5.0e-6	0.0	0.0	0.0	0.0	0.0	0.0	0.0	0.0	1.0	0.0	0.0	0.0	0.0	
206	221	6131.441475121	2459.85	2459.85	0.000775	0.0	0	0	0	0	219	0	0	0	0	0.0	0.0	0.0	0.0	0.003863	0.0	0.0	0.0	0.0	0.0	0.0	0.0	0.0	6113.9	0.0	0.0	0.0	0.0	0.0	0.0	0.0	0.0	27.9174	0.0	0.0	0.0	0.0	0	0	0	0	36	0	0	0	0	0	0	0	0	0	0	0	0	0	0	0	0	0	183	0	0	0	0	0	0	0	0	0	0	0	0	0	0	0	0	0	0	0	0	0	0	0	0	0	0	0	0	0	0	0	0.0	0.0	0.0	0.0	5.0e-6	0.0	0.0	0.0	0.0	0.0	0.0	0.0	0.0	1.0	0.0	0.0	0.0	0.0	
207	223	6135.175312663	2459.85	2459.85	0.000758	0.0	0	0	0	0	221	0	0	0	0	0.0	0.0	0.0	0.0	0.003129	0.0	0.0	0.0	0.0	0.0	0.0	0.0	0.0	6117.64	0.0	0.0	0.0	0.0	0.0	0.0	0.0	0.0	27.6816	0.0	0.0	0.0	0.0	0	0	0	0	36	0	0	0	0	0	0	0	0	0	0	0	0	0	0	0	0	0	185	0	0	0	0	0	0	0	0	0	0	0	0	0	0	0	0	0	0	0	0	0	0	0	0	0	0	0	0	0	0	0	0.0	0.0	0.0	0.0	4.0e-6	0.0	0.0	0.0	0.0	0.0	0.0	0.0	0.0	1.0	0.0	0.0	0.0	0.0	
208	224	6250.937519157	2452.0	2452.0	0.000754	0.0	0	0	0	0	222	0	0	0	0	0.0	0.0	0.0	0.0	0.102816	0.0	0.0	0.0	0.0	0.0	0.0	0.0	0.0	6233.4	0.0	0.0	0.0	0.0	0.0	0.0	0.0	0.0	28.0784	0.0	0.0	0.0	0.0	0	0	0	0	37	0	0	0	0	0	0	0	0	0	0	0	0	0	0	0	0	0	185	0	0	0	0	0	0	0	0	0	0	0	0	0	0	0	0	0	0	0	0	0	0	0	0	0	0	0	0	0	0	0	0.0	0.0	0.0	0.0	0.00013	0.0	0.0	0.0	0.0	0.0	0.0	0.0	0.0	1.0	0.0	0.0	0.0	0.0	
209	226	6267.83162077	2452.0	2452.0	0.000602	0.0	0	0	0	0	224	0	0	0	0	0.0	0.0	0.0	0.0	0.083281	0.0	0.0	0.0	0.0	0.0	0.0	0.0	0.0	6250.29	0.0	0.0	0.0	0.0	0.0	0.0	0.0	0.0	27.9031	0.0	0.0	0.0	0.0	0	0	0	0	37	0	0	0	0	0	0	0	0	0	0	0	0	0	0	0	0	0	187	0	0	0	0	0	0	0	0	0	0	0	0	0	0	0	0	0	0	0	0	0	0	0	0	0	0	0	0	0	0	0	0.0	0.0	0.0	0.0	0.000107	0.0	0.0	0.0	0.0	0.0	0.0	0.0	0.0	1.0	0.0	0.0	0.0	0.0	
210	228	6271.597403865	2452.0	2452.0	0.000583	0.0	0	0	0	0	226	0	0	0	0	0.0	0.0	0.0	0.0	0.067458	0.0	0.0	0.0	0.0	0.0	0.0	0.0	0.0	6254.06	0.0	0.0	0.0	0.0	0.0	0.0	0.0	0.0	27.6728	0.0	0.0	0.0	0.0	0	0	0	0	37	0	0	0	0	0	0	0	0	0	0	0	0	0	0	0	0	0	189	0	0	0	0	0	0	0	0	0	0	0	0	0	0	0	0	0	0	0	0	0	0	0	0	0	0	0	0	0	0	0	0.0	0.0	0.0	0.0	8.8e-5	0.0	0.0	0.0	0.0	0.0	0.0	0.0	0.0	1.0	0.0	0.0	0.0	0.0	
211	229	6401.561330269	2452.0	2452.0	0.00058	0.0	0	0	0	0	227	0	0	0	0	0.0	0.0	0.0	0.0	0.060712	0.0	0.0	0.0	0.0	0.0	0.0	0.0	0.0	6384.02	0.0	0.0	0.0	0.0	0.0	0.0	0.0	0.0	28.1234	0.0	0.0	0.0	0.0	0	0	0	0	37	0	0	0	0	0	0	0	0	0	0	0	0	0	0	0	0	0	190	0	0	0	0	0	0	0	0	0	0	0	0	0	0	0	0	0	0	0	0	0	0	0	0	0	0	0	0	0	0	0	0.0	0.0	0.0	0.0	7.7e-5	0.0	0.0	0.0	0.0	0.0	0.0	0.0	0.0	1.0	0.0	0.0	0.0	0.0	
212	230	6416.074051509	2452.0	2452.0	0.000452	0.0	0	0	0	0	228	0	0	0	0	0.0	0.0	0.0	0.0	0.054641	0.0	0.0	0.0	0.0	0.0	0.0	0.0	0.0	6398.53	0.0	0.0	0.0	0.0	0.0	0.0	0.0	0.0	28.0637	0.0	0.0	0.0	0.0	0	0	0	0	37	0	0	0	0	0	0	0	0	0	0	0	0	0	0	0	0	0	191	0	0	0	0	0	0	0	0	0	0	0	0	0	0	0	0	0	0	0	0	0	0	0	0	0	0	0	0	0	0	0	0.0	0.0	0.0	0.0	6.9e-5	0.0	0.0	0.0	0.0	0.0	0.0	0.0	0.0	1.0	0.0	0.0	0.0	0.0	
213	231	6420.138577921	2452.0	2452.0	0.000439	0.0	0	0	0	0	229	0	0	0	0	0.0	0.0	0.0	0.0	0.049177	0.0	0.0	0.0	0.0	0.0	0.0	0.0	0.0	6402.6	0.0	0.0	0.0	0.0	0.0	0.0	0.0	0.0	27.9589	0.0	0.0	0.0	0.0	0	0	0	0	37	0	0	0	0	0	0	0	0	0	0	0	0	0	0	0	0	0	192	0	0	0	0	0	0	0	0	0	0	0	0	0	0	0	0	0	0	0	0	0	0	0	0	0	0	0	0	0	0	0	0.0	0.0	0.0	0.0	6.3e-5	0.0	0.0	0.0	0.0	0.0	0.0	0.0	0.0	1.0	0.0	0.0	0.0	0.0	
214	233	6424.258893667	2452.0	2452.0	0.000435	0.0	0	0	0	0	231	0	0	0	0	0.0	0.0	0.0	0.0	0.039833	0.0	0.0	0.0	0.0	0.0	0.0	0.0	0.0	6406.72	0.0	0.0	0.0	0.0	0.0	0.0	0.0	0.0	27.7347	0.0	0.0	0.0	0.0	0	0	0	0	37	0	0	0	0	0	0	0	0	0	0	0	0	0	0	0	0	0	194	0	0	0	0	0	0	0	0	0	0	0	0	0	0	0	0	0	0	0	0	0	0	0	0	0	0	0	0	0	0	0	0.0	0.0	0.0	0.0	5.2e-5	0.0	0.0	0.0	0.0	0.0	0.0	0.0	0.0	1.0	0.0	0.0	0.0	0.0	
215	235	6438.194090942	2452.0	2452.0	0.000432	0.0	0	0	0	0	233	0	0	0	0	0.0	0.0	0.0	0.0	0.032265	0.0	0.0	0.0	0.0	0.0	0.0	0.0	0.0	6420.65	0.0	0.0	0.0	0.0	0.0	0.0	0.0	0.0	27.5565	0.0	0.0	0.0	0.0	0	0	0	0	37	0	0	0	0	0	0	0	0	0	0	0	0	0	0	0	0	0	196	0	0	0	0	0	0	0	0	0	0	0	0	0	0	0	0	0	0	0	0	0	0	0	0	0	0	0	0	0	0	0	0.0	0.0	0.0	0.0	4.2e-5	0.0	0.0	0.0	0.0	0.0	0.0	0.0	0.0	1.0	0.0	0.0	0.0	0.0	
216	236	6448.315509465	2452.0	2452.0	0.000421	0.0	0	0	0	0	234	0	0	0	0	0.0	0.0	0.0	0.0	0.029038	0.0	0.0	0.0	0.0	0.0	0.0	0.0	0.0	6430.78	0.0	0.0	0.0	0.0	0.0	0.0	0.0	0.0	27.4819	0.0	0.0	0.0	0.0	0	0	0	0	37	0	0	0	0	0	0	0	0	0	0	0	0	0	0	0	0	0	197	0	0	0	0	0	0	0	0	0	0	0	0	0	0	0	0	0	0	0	0	0	0	0	0	0	0	0	0	0	0	0	0.0	0.0	0.0	0.0	3.8e-5	0.0	0.0	0.0	0.0	0.0	0.0	0.0	0.0	1.0	0.0	0.0	0.0	0.0	
217	237	6452.08716746	2452.0	2452.0	0.000413	0.0	0	0	0	0	235	0	0	0	0	0.0	0.0	0.0	0.0	0.026134	0.0	0.0	0.0	0.0	0.0	0.0	0.0	0.0	6434.55	0.0	0.0	0.0	0.0	0.0	0.0	0.0	0.0	27.381	0.0	0.0	0.0	0.0	0	0	0	0	37	0	0	0	0	0	0	0	0	0	0	0	0	0	0	0	0	0	198	0	0	0	0	0	0	0	0	0	0	0	0	0	0	0	0	0	0	0	0	0	0	0	0	0	0	0	0	0	0	0	0.0	0.0	0.0	0.0	3.5e-5	0.0	0.0	0.0	0.0	0.0	0.0	0.0	0.0	1.0	0.0	0.0	0.0	0.0	
218	238	6456.35085342	2452.0	2452.0	0.00041	0.0	0	0	0	0	236	0	0	0	0	0.0	0.0	0.0	0.0	0.023521	0.0	0.0	0.0	0.0	0.0	0.0	0.0	0.0	6438.81	0.0	0.0	0.0	0.0	0.0	0.0	0.0	0.0	27.2831	0.0	0.0	0.0	0.0	0	0	0	0	37	0	0	0	0	0	0	0	0	0	0	0	0	0	0	0	0	0	199	0	0	0	0	0	0	0	0	0	0	0	0	0	0	0	0	0	0	0	0	0	0	0	0	0	0	0	0	0	0	0	0.0	0.0	0.0	0.0	3.2e-5	0.0	0.0	0.0	0.0	0.0	0.0	0.0	0.0	1.0	0.0	0.0	0.0	0.0	
219	239	6496.751595322	2452.0	2452.0	0.000406	0.0	0	0	0	0	237	0	0	0	0	0.0	0.0	0.0	0.0	0.021169	0.0	0.0	0.0	0.0	0.0	0.0	0.0	0.0	6479.21	0.0	0.0	0.0	0.0	0.0	0.0	0.0	0.0	27.3384	0.0	0.0	0.0	0.0	0	0	0	0	37	0	0	0	0	0	0	0	0	0	0	0	0	0	0	0	0	0	200	0	0	0	0	0	0	0	0	0	0	0	0	0	0	0	0	0	0	0	0	0	0	0	0	0	0	0	0	0	0	0	0.0	0.0	0.0	0.0	2.8e-5	0.0	0.0	0.0	0.0	0.0	0.0	0.0	0.0	1.0	0.0	0.0	0.0	0.0	
220	240	6508.582822623	2452.0	2452.0	0.000376	0.0	0	0	0	0	238	0	0	0	0	0.0	0.0	0.0	0.0	0.019052	0.0	0.0	0.0	0.0	0.0	0.0	0.0	0.0	6491.04	0.0	0.0	0.0	0.0	0.0	0.0	0.0	0.0	27.2733	0.0	0.0	0.0	0.0	0	0	0	0	37	0	0	0	0	0	0	0	0	0	0	0	0	0	0	0	0	0	201	0	0	0	0	0	0	0	0	0	0	0	0	0	0	0	0	0	0	0	0	0	0	0	0	0	0	0	0	0	0	0	0.0	0.0	0.0	0.0	2.6e-5	0.0	0.0	0.0	0.0	0.0	0.0	0.0	0.0	1.0	0.0	0.0	0.0	0.0	
221	241	6511.948116648	2452.0	2452.0	0.000368	0.0	0	0	0	0	239	0	0	0	0	0.0	0.0	0.0	0.0	0.017147	0.0	0.0	0.0	0.0	0.0	0.0	0.0	0.0	6494.41	0.0	0.0	0.0	0.0	0.0	0.0	0.0	0.0	27.1733	0.0	0.0	0.0	0.0	0	0	0	0	37	0	0	0	0	0	0	0	0	0	0	0	0	0	0	0	0	0	202	0	0	0	0	0	0	0	0	0	0	0	0	0	0	0	0	0	0	0	0	0	0	0	0	0	0	0	0	0	0	0	0.0	0.0	0.0	0.0	2.3e-5	0.0	0.0	0.0	0.0	0.0	0.0	0.0	0.0	1.0	0.0	0.0	0.0	0.0	
222	242	6675.272253585	2452.0	2452.0	0.000365	0.0	0	0	0	0	240	0	0	0	0	0.0	0.0	0.0	0.0	0.015432	0.0	0.0	0.0	0.0	0.0	0.0	0.0	0.0	6657.73	0.0	0.0	0.0	0.0	0.0	0.0	0.0	0.0	27.7405	0.0	0.0	0.0	0.0	0	0	0	0	37	0	0	0	0	0	0	0	0	0	0	0	0	0	0	0	0	0	203	0	0	0	0	0	0	0	0	0	0	0	0	0	0	0	0	0	0	0	0	0	0	0	0	0	0	0	0	0	0	0	0.0	0.0	0.0	0.0	2.0e-5	0.0	0.0	0.0	0.0	0.0	0.0	0.0	0.0	1.0	0.0	0.0	0.0	0.0	
223	243	6686.070307734	2452.0	2452.0	0.000267	0.0	0	0	0	0	241	0	0	0	0	0.0	0.0	0.0	0.0	0.013889	0.0	0.0	0.0	0.0	0.0	0.0	0.0	0.0	6668.53	0.0	0.0	0.0	0.0	0.0	0.0	0.0	0.0	27.6702	0.0	0.0	0.0	0.0	0	0	0	0	37	0	0	0	0	0	0	0	0	0	0	0	0	0	0	0	0	0	204	0	0	0	0	0	0	0	0	0	0	0	0	0	0	0	0	0	0	0	0	0	0	0	0	0	0	0	0	0	0	0	0.0	0.0	0.0	0.0	1.8e-5	0.0	0.0	0.0	0.0	0.0	0.0	0.0	0.0	1.0	0.0	0.0	0.0	0.0	
224	244	6690.536159987	2452.0	2452.0	0.000261	0.0	0	0	0	0	242	0	0	0	0	0.0	0.0	0.0	0.0	0.0125	0.0	0.0	0.0	0.0	0.0	0.0	0.0	0.0	6673.0	0.0	0.0	0.0	0.0	0.0	0.0	0.0	0.0	27.5744	0.0	0.0	0.0	0.0	0	0	0	0	37	0	0	0	0	0	0	0	0	0	0	0	0	0	0	0	0	0	205	0	0	0	0	0	0	0	0	0	0	0	0	0	0	0	0	0	0	0	0	0	0	0	0	0	0	0	0	0	0	0	0.0	0.0	0.0	0.0	1.6e-5	0.0	0.0	0.0	0.0	0.0	0.0	0.0	0.0	1.0	0.0	0.0	0.0	0.0	
225	245	6692.068762457	2452.0	2452.0	0.000259	0.0	0	0	0	0	243	0	0	0	0	0.0	0.0	0.0	0.0	0.01125	0.0	0.0	0.0	0.0	0.0	0.0	0.0	0.0	6674.53	0.0	0.0	0.0	0.0	0.0	0.0	0.0	0.0	27.4672	0.0	0.0	0.0	0.0	0	0	0	0	37	0	0	0	0	0	0	0	0	0	0	0	0	0	0	0	0	0	206	0	0	0	0	0	0	0	0	0	0	0	0	0	0	0	0	0	0	0	0	0	0	0	0	0	0	0	0	0	0	0	0.0	0.0	0.0	0.0	1.5e-5	0.0	0.0	0.0	0.0	0.0	0.0	0.0	0.0	1.0	0.0	0.0	0.0	0.0	
226	246	6710.577143196	2452.0	2452.0	0.000258	0.0	0	0	0	0	244	0	0	0	0	0.0	0.0	0.0	0.0	0.010125	0.0	0.0	0.0	0.0	0.0	0.0	0.0	0.0	6693.04	0.0	0.0	0.0	0.0	0.0	0.0	0.0	0.0	27.4305	0.0	0.0	0.0	0.0	0	0	0	0	37	0	0	0	0	0	0	0	0	0	0	0	0	0	0	0	0	0	207	0	0	0	0	0	0	0	0	0	0	0	0	0	0	0	0	0	0	0	0	0	0	0	0	0	0	0	0	0	0	0	0.0	0.0	0.0	0.0	1.3e-5	0.0	0.0	0.0	0.0	0.0	0.0	0.0	0.0	1.0	0.0	0.0	0.0	0.0	
227	247	6814.204416849	2452.0	2452.0	0.000249	0.0	0	0	0	0	245	0	0	0	0	0.0	0.0	0.0	0.0	0.009113	0.0	0.0	0.0	0.0	0.0	0.0	0.0	0.0	6796.66	0.0	0.0	0.0	0.0	0.0	0.0	0.0	0.0	27.7415	0.0	0.0	0.0	0.0	0	0	0	0	37	0	0	0	0	0	0	0	0	0	0	0	0	0	0	0	0	0	208	0	0	0	0	0	0	0	0	0	0	0	0	0	0	0	0	0	0	0	0	0	0	0	0	0	0	0	0	0	0	0	0.0	0.0	0.0	0.0	1.2e-5	0.0	0.0	0.0	0.0	0.0	0.0	0.0	0.0	1.0	0.0	0.0	0.0	0.0	
228	248	6819.518675856	2452.0	2452.0	0.000204	0.0	0	0	0	0	246	0	0	0	0	0.0	0.0	0.0	0.0	0.008201	0.0	0.0	0.0	0.0	0.0	0.0	0.0	0.0	6801.98	0.0	0.0	0.0	0.0	0.0	0.0	0.0	0.0	27.6503	0.0	0.0	0.0	0.0	0	0	0	0	37	0	0	0	0	0	0	0	0	0	0	0	0	0	0	0	0	0	209	0	0	0	0	0	0	0	0	0	0	0	0	0	0	0	0	0	0	0	0	0	0	0	0	0	0	0	0	0	0	0	0.0	0.0	0.0	0.0	1.1e-5	0.0	0.0	0.0	0.0	0.0	0.0	0.0	0.0	1.0	0.0	0.0	0.0	0.0	
229	249	6832.053739629	2452.0	2452.0	0.000202	0.0	0	0	0	0	247	0	0	0	0	0.0	0.0	0.0	0.0	0.007381	0.0	0.0	0.0	0.0	0.0	0.0	0.0	0.0	6814.51	0.0	0.0	0.0	0.0	0.0	0.0	0.0	0.0	27.5891	0.0	0.0	0.0	0.0	0	0	0	0	37	0	0	0	0	0	0	0	0	0	0	0	0	0	0	0	0	0	210	0	0	0	0	0	0	0	0	0	0	0	0	0	0	0	0	0	0	0	0	0	0	0	0	0	0	0	0	0	0	0	0.0	0.0	0.0	0.0	1.0e-5	0.0	0.0	0.0	0.0	0.0	0.0	0.0	0.0	1.0	0.0	0.0	0.0	0.0	
230	250	6843.149475146	2452.0	2452.0	0.000197	0.0	0	0	0	0	248	0	0	0	0	0.0	0.0	0.0	0.0	0.006643	0.0	0.0	0.0	0.0	0.0	0.0	0.0	0.0	6825.61	0.0	0.0	0.0	0.0	0.0	0.0	0.0	0.0	27.5226	0.0	0.0	0.0	0.0	0	0	0	0	37	0	0	0	0	0	0	0	0	0	0	0	0	0	0	0	0	0	211	0	0	0	0	0	0	0	0	0	0	0	0	0	0	0	0	0	0	0	0	0	0	0	0	0	0	0	0	0	0	0	0.0	0.0	0.0	0.0	9.0e-6	0.0	0.0	0.0	0.0	0.0	0.0	0.0	0.0	1.0	0.0	0.0	0.0	0.0	
231	251	7003.191073851	2452.0	2452.0	0.000193	0.0	0	0	0	0	249	0	0	0	0	0.0	0.0	0.0	0.0	0.005979	0.0	0.0	0.0	0.0	0.0	0.0	0.0	0.0	6985.65	0.0	0.0	0.0	0.0	0.0	0.0	0.0	0.0	28.0548	0.0	0.0	0.0	0.0	0	0	0	0	37	0	0	0	0	0	0	0	0	0	0	0	0	0	0	0	0	0	212	0	0	0	0	0	0	0	0	0	0	0	0	0	0	0	0	0	0	0	0	0	0	0	0	0	0	0	0	0	0	0	0.0	0.0	0.0	0.0	8.0e-6	0.0	0.0	0.0	0.0	0.0	0.0	0.0	0.0	1.0	0.0	0.0	0.0	0.0	
232	252	7018.144971114	2452.0	2452.0	0.000142	0.0	0	0	0	0	250	0	0	0	0	0.0	0.0	0.0	0.0	0.005381	0.0	0.0	0.0	0.0	0.0	0.0	0.0	0.0	7000.6	0.0	0.0	0.0	0.0	0.0	0.0	0.0	0.0	28.0024	0.0	0.0	0.0	0.0	0	0	0	0	37	0	0	0	0	0	0	0	0	0	0	0	0	0	0	0	0	0	213	0	0	0	0	0	0	0	0	0	0	0	0	0	0	0	0	0	0	0	0	0	0	0	0	0	0	0	0	0	0	0	0.0	0.0	0.0	0.0	7.0e-6	0.0	0.0	0.0	0.0	0.0	0.0	0.0	0.0	1.0	0.0	0.0	0.0	0.0	
233	253	7025.27588671	2452.0	2452.0	0.000138	0.0	0	0	0	0	251	0	0	0	0	0.0	0.0	0.0	0.0	0.004843	0.0	0.0	0.0	0.0	0.0	0.0	0.0	0.0	7007.74	0.0	0.0	0.0	0.0	0.0	0.0	0.0	0.0	27.9193	0.0	0.0	0.0	0.0	0	0	0	0	37	0	0	0	0	0	0	0	0	0	0	0	0	0	0	0	0	0	214	0	0	0	0	0	0	0	0	0	0	0	0	0	0	0	0	0	0	0	0	0	0	0	0	0	0	0	0	0	0	0	0.0	0.0	0.0	0.0	6.0e-6	0.0	0.0	0.0	0.0	0.0	0.0	0.0	0.0	1.0	0.0	0.0	0.0	0.0	
234	254	7096.113941292	2452.0	2452.0	0.000136	0.0	0	0	0	0	252	0	0	0	0	0.0	0.0	0.0	0.0	0.004358	0.0	0.0	0.0	0.0	0.0	0.0	0.0	0.0	7078.57	0.0	0.0	0.0	0.0	0.0	0.0	0.0	0.0	28.0896	0.0	0.0	0.0	0.0	0	0	0	0	37	0	0	0	0	0	0	0	0	0	0	0	0	0	0	0	0	0	215	0	0	0	0	0	0	0	0	0	0	0	0	0	0	0	0	0	0	0	0	0	0	0	0	0	0	0	0	0	0	0	0.0	0.0	0.0	0.0	6.0e-6	0.0	0.0	0.0	0.0	0.0	0.0	0.0	0.0	1.0	0.0	0.0	0.0	0.0	
235	255	7187.506968905	2452.0	2452.0	0.000119	0.0	0	0	0	0	253	0	0	0	0	0.0	0.0	0.0	0.0	0.003923	0.0	0.0	0.0	0.0	0.0	0.0	0.0	0.0	7169.97	0.0	0.0	0.0	0.0	0.0	0.0	0.0	0.0	28.3398	0.0	0.0	0.0	0.0	0	0	0	0	37	0	0	0	0	0	0	0	0	0	0	0	0	0	0	0	0	0	216	0	0	0	0	0	0	0	0	0	0	0	0	0	0	0	0	0	0	0	0	0	0	0	0	0	0	0	0	0	0	0	0.0	0.0	0.0	0.0	5.0e-6	0.0	0.0	0.0	0.0	0.0	0.0	0.0	0.0	1.0	0.0	0.0	0.0	0.0	
236	255	7187.506990907	2452.0	2452.0	0.0001	0.0	0	0	0	0	253	0	0	0	0	0.0	0.0	0.0	0.0	0.003923	0.0	0.0	0.0	0.0	0.0	0.0	0.0	0.0	7169.97	0.0	0.0	0.0	0.0	0.0	0.0	0.0	0.0	28.3398	0.0	0.0	0.0	0.0	0	0	0	0	37	0	0	0	0	0	0	0	0	0	0	0	0	0	0	0	0	0	216	0	0	0	0	0	0	0	0	0	0	0	0	0	0	0	0	0	0	0	0	0	0	0	0	0	0	0	0	0	0	0	0.0	0.0	0.0	0.0	5.0e-6	0.0	0.0	0.0	0.0	0.0	0.0	0.0	0.0	1.0	0.0	0.0	0.0	0.0	
