indexLine	algoIter	time	best obj	current obj	T	probdelta1	nb uses 1	nb uses 2	nb uses 3	nb uses 4	nb uses 5	nb uses 6	nb uses 7	nb uses 8	nb uses 9	score 1	score 2	score 3	score 4	score 5	score 6	score 7	score 8	score 9	duration 1	duration 2	duration 3	duration 4	duration 5	duration 6	duration 7	duration 8	duration 9	avgDuration 1	avgDuration 2	avgDuration 3	avgDuration 4	avgDuration 5	avgDuration 6	avgDuration 7	avgDuration 8	avgDuration 9	sigmas1 1	sigmas1 2	sigmas1 3	sigmas1 4	sigmas1 5	sigmas1 6	sigmas1 7	sigmas1 8	sigmas1 9	sigmas2 1	sigmas2 2	sigmas2 3	sigmas2 4	sigmas2 5	sigmas2 6	sigmas2 7	sigmas2 8	sigmas2 9	sigmas3 1	sigmas3 2	sigmas3 3	sigmas3 4	sigmas3 5	sigmas3 6	sigmas3 7	sigmas3 8	sigmas3 9	sigmas4 1	sigmas4 2	sigmas4 3	sigmas4 4	sigmas4 5	sigmas4 6	sigmas4 7	sigmas4 8	sigmas4 9	sigmas5 1	sigmas5 2	sigmas5 3	sigmas5 4	sigmas5 5	sigmas5 6	sigmas5 7	sigmas5 8	sigmas5 9	sigmas6 1	sigmas6 2	sigmas6 3	sigmas6 4	sigmas6 5	sigmas6 6	sigmas6 7	sigmas6 8	sigmas6 9	weight 1	weight 2	weight 3	weight 4	weight 5	weight 6	weight 7	weight 8	weight 9	proba 1	proba 2	proba 3	proba 4	proba 5	proba 6	proba 7	proba 8	proba 9	
1	1	61.397486809	16443.412	16443.412	100.0	0.99005	0	0	0	0	0	0	0	0	0	0.0	0.0	0.0	0.0	0.0	0.0	0.0	0.0	0.0	0.0	0.0	0.0	0.0	0.0	0.0	0.0	0.0	0.0	0.0	0.0	0.0	0.0	0.0	0.0	0.0	0.0	0.0	0	0	0	0	0	0	0	0	0	0	0	0	0	0	0	0	0	0	0	0	0	0	0	0	0	0	0	0	0	0	0	0	0	0	0	0	0	0	0	0	0	0	0	0	0	0	0	0	0	0	0	0	0	0	0.0	0.0	0.0	0.0	0.0	0.0	0.0	0.0	0.0	0.0	0.0	0.0	0.0	0.0	0.0	0.0	0.0	0.0	
2	2	242.506593385	15525.294	15525.294	100.0	0.99005	0	0	0	0	0	0	0	0	0	0.0	0.0	0.0	0.0	1.0	0.0	0.0	0.0	0.0	0.0	0.0	0.0	0.0	0.0	0.0	0.0	0.0	0.0	0.0	0.0	0.0	0.0	181.109	0.0	0.0	0.0	0.0	0	0	0	0	0	0	0	0	0	0	0	0	0	0	0	0	0	0	0	0	0	0	0	0	0	0	0	0	0	0	0	0	0	0	0	0	0	0	0	0	0	0	0	0	0	0	0	0	0	0	0	0	0	0	0.0	0.0	0.0	0.0	3.0e-5	0.0	0.0	0.0	0.0	0.0	0.0	0.0	0.0	0.0	0.0	0.0	0.0	0.0	
3	3	354.036031434	14352.25	14352.25	100.0	0.99005	0	0	0	0	1	0	0	0	0	0.0	0.0	0.0	0.0	1.0	0.0	0.0	0.0	0.0	0.0	0.0	0.0	0.0	111.529	0.0	0.0	0.0	0.0	0.0	0.0	0.0	0.0	111.529	0.0	0.0	0.0	0.0	0	0	0	0	1	0	0	0	0	0	0	0	0	0	0	0	0	0	0	0	0	0	0	0	0	0	0	0	0	0	0	0	0	0	0	0	0	0	0	0	0	0	0	0	0	0	0	0	0	0	0	0	0	0	0.0	0.0	0.0	0.0	8.0e-5	0.0	0.0	0.0	0.0	0.0	0.0	0.0	0.0	1.0	0.0	0.0	0.0	0.0	
4	4	371.655102252	14198.088	14198.088	50.4381	0.980369	0	0	0	0	2	0	0	0	0	0.0	0.0	0.0	0.0	1.0	0.0	0.0	0.0	0.0	0.0	0.0	0.0	0.0	129.148	0.0	0.0	0.0	0.0	0.0	0.0	0.0	0.0	64.5742	0.0	0.0	0.0	0.0	0	0	0	0	2	0	0	0	0	0	0	0	0	0	0	0	0	0	0	0	0	0	0	0	0	0	0	0	0	0	0	0	0	0	0	0	0	0	0	0	0	0	0	0	0	0	0	0	0	0	0	0	0	0	0.0	0.0	0.0	0.0	0.00024	0.0	0.0	0.0	0.0	0.0	0.0	0.0	0.0	1.0	0.0	0.0	0.0	0.0	
5	5	393.011396157	13951.96	13951.96	48.7491	0.979696	0	0	0	0	3	0	0	0	0	0.0	0.0	0.0	0.0	1.0	0.0	0.0	0.0	0.0	0.0	0.0	0.0	0.0	150.505	0.0	0.0	0.0	0.0	0.0	0.0	0.0	0.0	50.1682	0.0	0.0	0.0	0.0	0	0	0	0	3	0	0	0	0	0	0	0	0	0	0	0	0	0	0	0	0	0	0	0	0	0	0	0	0	0	0	0	0	0	0	0	0	0	0	0	0	0	0	0	0	0	0	0	0	0	0	0	0	0	0.0	0.0	0.0	0.0	0.000397	0.0	0.0	0.0	0.0	0.0	0.0	0.0	0.0	1.0	0.0	0.0	0.0	0.0	
6	6	411.144635675	13888.46	13888.46	46.7774	0.978849	0	0	0	0	4	0	0	0	0	0.0	0.0	0.0	0.0	1.0	0.0	0.0	0.0	0.0	0.0	0.0	0.0	0.0	168.638	0.0	0.0	0.0	0.0	0.0	0.0	0.0	0.0	42.1595	0.0	0.0	0.0	0.0	0	0	0	0	4	0	0	0	0	0	0	0	0	0	0	0	0	0	0	0	0	0	0	0	0	0	0	0	0	0	0	0	0	0	0	0	0	0	0	0	0	0	0	0	0	0	0	0	0	0	0	0	0	0	0.0	0.0	0.0	0.0	0.000563	0.0	0.0	0.0	0.0	0.0	0.0	0.0	0.0	1.0	0.0	0.0	0.0	0.0	
7	7	430.296985369	13812.96	13812.96	45.166	0.978103	0	0	0	0	5	0	0	0	0	0.0	0.0	0.0	0.0	1.0	0.0	0.0	0.0	0.0	0.0	0.0	0.0	0.0	187.79	0.0	0.0	0.0	0.0	0.0	0.0	0.0	0.0	37.5581	0.0	0.0	0.0	0.0	0	0	0	0	5	0	0	0	0	0	0	0	0	0	0	0	0	0	0	0	0	0	0	0	0	0	0	0	0	0	0	0	0	0	0	0	0	0	0	0	0	0	0	0	0	0	0	0	0	0	0	0	0	0	0.0	0.0	0.0	0.0	0.000709	0.0	0.0	0.0	0.0	0.0	0.0	0.0	0.0	1.0	0.0	0.0	0.0	0.0	
8	8	453.001178206	13563.239	13563.239	43.5243	0.977286	0	0	0	0	6	0	0	0	0	0.0	0.0	0.0	0.0	1.0	0.0	0.0	0.0	0.0	0.0	0.0	0.0	0.0	210.494	0.0	0.0	0.0	0.0	0.0	0.0	0.0	0.0	35.0824	0.0	0.0	0.0	0.0	0	0	0	0	6	0	0	0	0	0	0	0	0	0	0	0	0	0	0	0	0	0	0	0	0	0	0	0	0	0	0	0	0	0	0	0	0	0	0	0	0	0	0	0	0	0	0	0	0	0	0	0	0	0	0.0	0.0	0.0	0.0	0.000812	0.0	0.0	0.0	0.0	0.0	0.0	0.0	0.0	1.0	0.0	0.0	0.0	0.0	
9	9	481.715571758	13253.107	13253.107	41.6553	0.976279	0	0	0	0	7	0	0	0	0	0.0	0.0	0.0	0.0	1.0	0.0	0.0	0.0	0.0	0.0	0.0	0.0	0.0	239.209	0.0	0.0	0.0	0.0	0.0	0.0	0.0	0.0	34.1727	0.0	0.0	0.0	0.0	0	0	0	0	7	0	0	0	0	0	0	0	0	0	0	0	0	0	0	0	0	0	0	0	0	0	0	0	0	0	0	0	0	0	0	0	0	0	0	0	0	0	0	0	0	0	0	0	0	0	0	0	0	0	0.0	0.0	0.0	0.0	0.000856	0.0	0.0	0.0	0.0	0.0	0.0	0.0	0.0	1.0	0.0	0.0	0.0	0.0	
10	10	564.037566033	12875.974	12875.974	39.406	0.974942	0	0	0	0	8	0	0	0	0	0.0	0.0	0.0	0.0	1.0	0.0	0.0	0.0	0.0	0.0	0.0	0.0	0.0	321.531	0.0	0.0	0.0	0.0	0.0	0.0	0.0	0.0	40.1913	0.0	0.0	0.0	0.0	0	0	0	0	8	0	0	0	0	0	0	0	0	0	0	0	0	0	0	0	0	0	0	0	0	0	0	0	0	0	0	0	0	0	0	0	0	0	0	0	0	0	0	0	0	0	0	0	0	0	0	0	0	0	0.0	0.0	0.0	0.0	0.000619	0.0	0.0	0.0	0.0	0.0	0.0	0.0	0.0	1.0	0.0	0.0	0.0	0.0	
11	11	581.368721166	12837.224	12837.224	33.6083	0.970684	0	0	0	0	9	0	0	0	0	0.0	0.0	0.0	0.0	1.0	0.0	0.0	0.0	0.0	0.0	0.0	0.0	0.0	338.862	0.0	0.0	0.0	0.0	0.0	0.0	0.0	0.0	37.6513	0.0	0.0	0.0	0.0	0	0	0	0	9	0	0	0	0	0	0	0	0	0	0	0	0	0	0	0	0	0	0	0	0	0	0	0	0	0	0	0	0	0	0	0	0	0	0	0	0	0	0	0	0	0	0	0	0	0	0	0	0	0	0.0	0.0	0.0	0.0	0.000705	0.0	0.0	0.0	0.0	0.0	0.0	0.0	0.0	1.0	0.0	0.0	0.0	0.0	
12	12	762.421655014	12554.298	12554.298	32.5009	0.9697	0	0	0	0	10	0	0	0	0	0.0	0.0	0.0	0.0	1.0	0.0	0.0	0.0	0.0	0.0	0.0	0.0	0.0	519.915	0.0	0.0	0.0	0.0	0.0	0.0	0.0	0.0	51.9915	0.0	0.0	0.0	0.0	0	0	0	0	10	0	0	0	0	0	0	0	0	0	0	0	0	0	0	0	0	0	0	0	0	0	0	0	0	0	0	0	0	0	0	0	0	0	0	0	0	0	0	0	0	0	0	0	0	0	0	0	0	0	0.0	0.0	0.0	0.0	0.00037	0.0	0.0	0.0	0.0	0.0	0.0	0.0	0.0	1.0	0.0	0.0	0.0	0.0	
13	13	782.568663183	12269.401	12269.401	22.9027	0.957277	0	0	0	0	11	0	0	0	0	0.0	0.0	0.0	0.0	1.0	0.0	0.0	0.0	0.0	0.0	0.0	0.0	0.0	540.062	0.0	0.0	0.0	0.0	0.0	0.0	0.0	0.0	49.0965	0.0	0.0	0.0	0.0	0	0	0	0	11	0	0	0	0	0	0	0	0	0	0	0	0	0	0	0	0	0	0	0	0	0	0	0	0	0	0	0	0	0	0	0	0	0	0	0	0	0	0	0	0	0	0	0	0	0	0	0	0	0	0.0	0.0	0.0	0.0	0.000415	0.0	0.0	0.0	0.0	0.0	0.0	0.0	0.0	1.0	0.0	0.0	0.0	0.0	
14	14	823.67870632	12242.71	12242.71	22.0279	0.955618	0	0	0	0	12	0	0	0	0	0.0	0.0	0.0	0.0	1.0	0.0	0.0	0.0	0.0	0.0	0.0	0.0	0.0	581.172	0.0	0.0	0.0	0.0	0.0	0.0	0.0	0.0	48.431	0.0	0.0	0.0	0.0	0	0	0	0	12	0	0	0	0	0	0	0	0	0	0	0	0	0	0	0	0	0	0	0	0	0	0	0	0	0	0	0	0	0	0	0	0	0	0	0	0	0	0	0	0	0	0	0	0	0	0	0	0	0	0.0	0.0	0.0	0.0	0.000426	0.0	0.0	0.0	0.0	0.0	0.0	0.0	0.0	1.0	0.0	0.0	0.0	0.0	
15	15	839.024330238	12242.71	12242.71	20.345	0.952036	0	0	0	0	13	0	0	0	0	0.0	0.0	0.0	0.0	0.9	0.0	0.0	0.0	0.0	0.0	0.0	0.0	0.0	596.517	0.0	0.0	0.0	0.0	0.0	0.0	0.0	0.0	45.886	0.0	0.0	0.0	0.0	0	0	0	0	12	0	0	0	0	0	0	0	0	0	0	0	0	0	0	0	0	0	1	0	0	0	0	0	0	0	0	0	0	0	0	0	0	0	0	0	0	0	0	0	0	0	0	0	0	0	0	0	0	0	0.0	0.0	0.0	0.0	0.000427	0.0	0.0	0.0	0.0	0.0	0.0	0.0	0.0	1.0	0.0	0.0	0.0	0.0	
16	16	882.71082382	12242.71	12242.71	19.7503	0.950628	0	0	0	0	14	0	0	0	0	0.0	0.0	0.0	0.0	0.81	0.0	0.0	0.0	0.0	0.0	0.0	0.0	0.0	640.204	0.0	0.0	0.0	0.0	0.0	0.0	0.0	0.0	45.7288	0.0	0.0	0.0	0.0	0	0	0	0	12	0	0	0	0	0	0	0	0	0	0	0	0	0	0	0	0	0	2	0	0	0	0	0	0	0	0	0	0	0	0	0	0	0	0	0	0	0	0	0	0	0	0	0	0	0	0	0	0	0	0.0	0.0	0.0	0.0	0.000387	0.0	0.0	0.0	0.0	0.0	0.0	0.0	0.0	1.0	0.0	0.0	0.0	0.0	
17	17	900.069445324	12206.71	12206.71	18.1508	0.946396	0	0	0	0	15	0	0	0	0	0.0	0.0	0.0	0.0	0.829	0.0	0.0	0.0	0.0	0.0	0.0	0.0	0.0	657.562	0.0	0.0	0.0	0.0	0.0	0.0	0.0	0.0	43.8375	0.0	0.0	0.0	0.0	0	0	0	0	13	0	0	0	0	0	0	0	0	0	0	0	0	0	0	0	0	0	2	0	0	0	0	0	0	0	0	0	0	0	0	0	0	0	0	0	0	0	0	0	0	0	0	0	0	0	0	0	0	0	0.0	0.0	0.0	0.0	0.000431	0.0	0.0	0.0	0.0	0.0	0.0	0.0	0.0	1.0	0.0	0.0	0.0	0.0	
18	18	932.531502543	12097.533	12097.533	17.5518	0.944618	0	0	0	0	16	0	0	0	0	0.0	0.0	0.0	0.0	0.8461	0.0	0.0	0.0	0.0	0.0	0.0	0.0	0.0	690.025	0.0	0.0	0.0	0.0	0.0	0.0	0.0	0.0	43.1265	0.0	0.0	0.0	0.0	0	0	0	0	14	0	0	0	0	0	0	0	0	0	0	0	0	0	0	0	0	0	2	0	0	0	0	0	0	0	0	0	0	0	0	0	0	0	0	0	0	0	0	0	0	0	0	0	0	0	0	0	0	0	0.0	0.0	0.0	0.0	0.000455	0.0	0.0	0.0	0.0	0.0	0.0	0.0	0.0	1.0	0.0	0.0	0.0	0.0	
19	19	952.66788849	12058.724	12058.724	16.4842	0.941139	0	0	0	0	17	0	0	0	0	0.0	0.0	0.0	0.0	0.86149	0.0	0.0	0.0	0.0	0.0	0.0	0.0	0.0	710.161	0.0	0.0	0.0	0.0	0.0	0.0	0.0	0.0	41.7742	0.0	0.0	0.0	0.0	0	0	0	0	15	0	0	0	0	0	0	0	0	0	0	0	0	0	0	0	0	0	2	0	0	0	0	0	0	0	0	0	0	0	0	0	0	0	0	0	0	0	0	0	0	0	0	0	0	0	0	0	0	0	0.0	0.0	0.0	0.0	0.000494	0.0	0.0	0.0	0.0	0.0	0.0	0.0	0.0	1.0	0.0	0.0	0.0	0.0	
20	20	970.172741922	12057.724	12057.724	15.8548	0.938876	0	0	0	0	18	0	0	0	0	0.0	0.0	0.0	0.0	0.875341	0.0	0.0	0.0	0.0	0.0	0.0	0.0	0.0	727.666	0.0	0.0	0.0	0.0	0.0	0.0	0.0	0.0	40.4259	0.0	0.0	0.0	0.0	0	0	0	0	16	0	0	0	0	0	0	0	0	0	0	0	0	0	0	0	0	0	2	0	0	0	0	0	0	0	0	0	0	0	0	0	0	0	0	0	0	0	0	0	0	0	0	0	0	0	0	0	0	0	0.0	0.0	0.0	0.0	0.000536	0.0	0.0	0.0	0.0	0.0	0.0	0.0	0.0	1.0	0.0	0.0	0.0	0.0	
21	21	987.897359425	12045.224	12045.224	15.3272	0.93684	0	0	0	0	19	0	0	0	0	0.0	0.0	0.0	0.0	0.887807	0.0	0.0	0.0	0.0	0.0	0.0	0.0	0.0	745.39	0.0	0.0	0.0	0.0	0.0	0.0	0.0	0.0	39.2311	0.0	0.0	0.0	0.0	0	0	0	0	17	0	0	0	0	0	0	0	0	0	0	0	0	0	0	0	0	0	2	0	0	0	0	0	0	0	0	0	0	0	0	0	0	0	0	0	0	0	0	0	0	0	0	0	0	0	0	0	0	0	0.0	0.0	0.0	0.0	0.000577	0.0	0.0	0.0	0.0	0.0	0.0	0.0	0.0	1.0	0.0	0.0	0.0	0.0	
22	22	1005.365377476	12045.224	12045.224	14.811	0.934711	0	0	0	0	20	0	0	0	0	0.0	0.0	0.0	0.0	0.799026	0.0	0.0	0.0	0.0	0.0	0.0	0.0	0.0	762.858	0.0	0.0	0.0	0.0	0.0	0.0	0.0	0.0	38.1429	0.0	0.0	0.0	0.0	0	0	0	0	17	0	0	0	0	0	0	0	0	0	0	0	0	0	0	0	0	0	3	0	0	0	0	0	0	0	0	0	0	0	0	0	0	0	0	0	0	0	0	0	0	0	0	0	0	0	0	0	0	0	0.0	0.0	0.0	0.0	0.000549	0.0	0.0	0.0	0.0	0.0	0.0	0.0	0.0	1.0	0.0	0.0	0.0	0.0	
23	23	1073.562310921	12039.724	12039.724	14.3192	0.932546	0	0	0	0	21	0	0	0	0	0.0	0.0	0.0	0.0	0.819124	0.0	0.0	0.0	0.0	0.0	0.0	0.0	0.0	831.055	0.0	0.0	0.0	0.0	0.0	0.0	0.0	0.0	39.5741	0.0	0.0	0.0	0.0	0	0	0	0	18	0	0	0	0	0	0	0	0	0	0	0	0	0	0	0	0	0	3	0	0	0	0	0	0	0	0	0	0	0	0	0	0	0	0	0	0	0	0	0	0	0	0	0	0	0	0	0	0	0	0.0	0.0	0.0	0.0	0.000523	0.0	0.0	0.0	0.0	0.0	0.0	0.0	0.0	1.0	0.0	0.0	0.0	0.0	
24	24	1106.995164807	12001.224	12001.224	12.5505	0.923413	0	0	0	0	22	0	0	0	0	0.0	0.0	0.0	0.0	0.837211	0.0	0.0	0.0	0.0	0.0	0.0	0.0	0.0	864.488	0.0	0.0	0.0	0.0	0.0	0.0	0.0	0.0	39.2949	0.0	0.0	0.0	0.0	0	0	0	0	19	0	0	0	0	0	0	0	0	0	0	0	0	0	0	0	0	0	3	0	0	0	0	0	0	0	0	0	0	0	0	0	0	0	0	0	0	0	0	0	0	0	0	0	0	0	0	0	0	0	0.0	0.0	0.0	0.0	0.000542	0.0	0.0	0.0	0.0	0.0	0.0	0.0	0.0	1.0	0.0	0.0	0.0	0.0	
25	25	1145.168947239	12001.224	12001.224	11.765	0.918514	0	0	0	0	23	0	0	0	0	0.0	0.0	0.0	0.0	0.75349	0.0	0.0	0.0	0.0	0.0	0.0	0.0	0.0	902.662	0.0	0.0	0.0	0.0	0.0	0.0	0.0	0.0	39.2462	0.0	0.0	0.0	0.0	0	0	0	0	19	0	0	0	0	0	0	0	0	0	0	0	0	0	0	0	0	0	4	0	0	0	0	0	0	0	0	0	0	0	0	0	0	0	0	0	0	0	0	0	0	0	0	0	0	0	0	0	0	0	0.0	0.0	0.0	0.0	0.000489	0.0	0.0	0.0	0.0	0.0	0.0	0.0	0.0	1.0	0.0	0.0	0.0	0.0	
26	26	1167.301616649	11995.724	11995.724	10.928	0.912554	0	0	0	0	24	0	0	0	0	0.0	0.0	0.0	0.0	0.778141	0.0	0.0	0.0	0.0	0.0	0.0	0.0	0.0	924.794	0.0	0.0	0.0	0.0	0.0	0.0	0.0	0.0	38.5331	0.0	0.0	0.0	0.0	0	0	0	0	20	0	0	0	0	0	0	0	0	0	0	0	0	0	0	0	0	0	4	0	0	0	0	0	0	0	0	0	0	0	0	0	0	0	0	0	0	0	0	0	0	0	0	0	0	0	0	0	0	0	0.0	0.0	0.0	0.0	0.000524	0.0	0.0	0.0	0.0	0.0	0.0	0.0	0.0	1.0	0.0	0.0	0.0	0.0	
27	27	1187.294557377	11974.224	11974.224	10.4703	0.908911	0	0	0	0	25	0	0	0	0	0.0	0.0	0.0	0.0	0.800327	0.0	0.0	0.0	0.0	0.0	0.0	0.0	0.0	944.787	0.0	0.0	0.0	0.0	0.0	0.0	0.0	0.0	37.7915	0.0	0.0	0.0	0.0	0	0	0	0	21	0	0	0	0	0	0	0	0	0	0	0	0	0	0	0	0	0	4	0	0	0	0	0	0	0	0	0	0	0	0	0	0	0	0	0	0	0	0	0	0	0	0	0	0	0	0	0	0	0	0.0	0.0	0.0	0.0	0.00056	0.0	0.0	0.0	0.0	0.0	0.0	0.0	0.0	1.0	0.0	0.0	0.0	0.0	
28	28	1217.166596451	11974.224	11974.224	10.0733	0.905496	0	0	0	0	26	0	0	0	0	0.0	0.0	0.0	0.0	0.720294	0.0	0.0	0.0	0.0	0.0	0.0	0.0	0.0	974.659	0.0	0.0	0.0	0.0	0.0	0.0	0.0	0.0	37.4869	0.0	0.0	0.0	0.0	0	0	0	0	21	0	0	0	0	0	0	0	0	0	0	0	0	0	0	0	0	0	5	0	0	0	0	0	0	0	0	0	0	0	0	0	0	0	0	0	0	0	0	0	0	0	0	0	0	0	0	0	0	0	0.0	0.0	0.0	0.0	0.000513	0.0	0.0	0.0	0.0	0.0	0.0	0.0	0.0	1.0	0.0	0.0	0.0	0.0	
29	29	1232.57420039	11974.224	11974.224	9.5081	0.900168	0	0	0	0	27	0	0	0	0	0.0	0.0	0.0	0.0	0.648265	0.0	0.0	0.0	0.0	0.0	0.0	0.0	0.0	990.067	0.0	0.0	0.0	0.0	0.0	0.0	0.0	0.0	36.6691	0.0	0.0	0.0	0.0	0	0	0	0	21	0	0	0	0	0	0	0	0	0	0	0	0	0	0	0	0	0	6	0	0	0	0	0	0	0	0	0	0	0	0	0	0	0	0	0	0	0	0	0	0	0	0	0	0	0	0	0	0	0	0.0	0.0	0.0	0.0	0.000482	0.0	0.0	0.0	0.0	0.0	0.0	0.0	0.0	1.0	0.0	0.0	0.0	0.0	
30	30	1250.800629866	11950.518	11950.518	9.22907	0.89731	0	0	0	0	28	0	0	0	0	0.0	0.0	0.0	0.0	0.683438	0.0	0.0	0.0	0.0	0.0	0.0	0.0	0.0	1008.29	0.0	0.0	0.0	0.0	0.0	0.0	0.0	0.0	36.0105	0.0	0.0	0.0	0.0	0	0	0	0	22	0	0	0	0	0	0	0	0	0	0	0	0	0	0	0	0	0	6	0	0	0	0	0	0	0	0	0	0	0	0	0	0	0	0	0	0	0	0	0	0	0	0	0	0	0	0	0	0	0	0.0	0.0	0.0	0.0	0.000527	0.0	0.0	0.0	0.0	0.0	0.0	0.0	0.0	1.0	0.0	0.0	0.0	0.0	
31	31	1283.321750992	11950.018	11950.018	8.90954	0.89383	0	0	0	0	29	0	0	0	0	0.0	0.0	0.0	0.0	0.715095	0.0	0.0	0.0	0.0	0.0	0.0	0.0	0.0	1040.81	0.0	0.0	0.0	0.0	0.0	0.0	0.0	0.0	35.8902	0.0	0.0	0.0	0.0	0	0	0	0	23	0	0	0	0	0	0	0	0	0	0	0	0	0	0	0	0	0	6	0	0	0	0	0	0	0	0	0	0	0	0	0	0	0	0	0	0	0	0	0	0	0	0	0	0	0	0	0	0	0	0.0	0.0	0.0	0.0	0.000555	0.0	0.0	0.0	0.0	0.0	0.0	0.0	0.0	1.0	0.0	0.0	0.0	0.0	
32	32	1299.147029062	11950.018	11950.018	8.36664	0.887344	0	0	0	0	30	0	0	0	0	0.0	0.0	0.0	0.0	0.643585	0.0	0.0	0.0	0.0	0.0	0.0	0.0	0.0	1056.64	0.0	0.0	0.0	0.0	0.0	0.0	0.0	0.0	35.2213	0.0	0.0	0.0	0.0	0	0	0	0	23	0	0	0	0	0	0	0	0	0	0	0	0	0	0	0	0	0	7	0	0	0	0	0	0	0	0	0	0	0	0	0	0	0	0	0	0	0	0	0	0	0	0	0	0	0	0	0	0	0	0.0	0.0	0.0	0.0	0.000519	0.0	0.0	0.0	0.0	0.0	0.0	0.0	0.0	1.0	0.0	0.0	0.0	0.0	
33	33	1317.12216685	11883.489	11883.489	8.11455	0.884056	0	0	0	0	31	0	0	0	0	0.0	0.0	0.0	0.0	0.679227	0.0	0.0	0.0	0.0	0.0	0.0	0.0	0.0	1074.61	0.0	0.0	0.0	0.0	0.0	0.0	0.0	0.0	34.665	0.0	0.0	0.0	0.0	0	0	0	0	24	0	0	0	0	0	0	0	0	0	0	0	0	0	0	0	0	0	7	0	0	0	0	0	0	0	0	0	0	0	0	0	0	0	0	0	0	0	0	0	0	0	0	0	0	0	0	0	0	0	0.0	0.0	0.0	0.0	0.000565	0.0	0.0	0.0	0.0	0.0	0.0	0.0	0.0	1.0	0.0	0.0	0.0	0.0	
34	34	1333.224350452	11866.18	11866.18	7.83742	0.880212	0	0	0	0	32	0	0	0	0	0.0	0.0	0.0	0.0	0.711304	0.0	0.0	0.0	0.0	0.0	0.0	0.0	0.0	1090.72	0.0	0.0	0.0	0.0	0.0	0.0	0.0	0.0	34.0849	0.0	0.0	0.0	0.0	0	0	0	0	25	0	0	0	0	0	0	0	0	0	0	0	0	0	0	0	0	0	7	0	0	0	0	0	0	0	0	0	0	0	0	0	0	0	0	0	0	0	0	0	0	0	0	0	0	0	0	0	0	0	0.0	0.0	0.0	0.0	0.000612	0.0	0.0	0.0	0.0	0.0	0.0	0.0	0.0	1.0	0.0	0.0	0.0	0.0	
35	35	1348.458620797	11866.18	11866.18	7.59721	0.876668	0	0	0	0	33	0	0	0	0	0.0	0.0	0.0	0.0	0.640174	0.0	0.0	0.0	0.0	0.0	0.0	0.0	0.0	1105.95	0.0	0.0	0.0	0.0	0.0	0.0	0.0	0.0	33.5137	0.0	0.0	0.0	0.0	0	0	0	0	25	0	0	0	0	0	0	0	0	0	0	0	0	0	0	0	0	0	8	0	0	0	0	0	0	0	0	0	0	0	0	0	0	0	0	0	0	0	0	0	0	0	0	0	0	0	0	0	0	0	0.0	0.0	0.0	0.0	0.00057	0.0	0.0	0.0	0.0	0.0	0.0	0.0	0.0	1.0	0.0	0.0	0.0	0.0	
36	36	1365.690383042	11855.224	11855.224	7.37673	0.873225	0	0	0	0	34	0	0	0	0	0.0	0.0	0.0	0.0	0.676156	0.0	0.0	0.0	0.0	0.0	0.0	0.0	0.0	1123.18	0.0	0.0	0.0	0.0	0.0	0.0	0.0	0.0	33.0348	0.0	0.0	0.0	0.0	0	0	0	0	26	0	0	0	0	0	0	0	0	0	0	0	0	0	0	0	0	0	8	0	0	0	0	0	0	0	0	0	0	0	0	0	0	0	0	0	0	0	0	0	0	0	0	0	0	0	0	0	0	0	0.0	0.0	0.0	0.0	0.00062	0.0	0.0	0.0	0.0	0.0	0.0	0.0	0.0	1.0	0.0	0.0	0.0	0.0	
37	37	1391.231767335	11855.224	11855.224	7.13504	0.869225	0	0	0	0	35	0	0	0	0	0.0	0.0	0.0	0.0	0.608541	0.0	0.0	0.0	0.0	0.0	0.0	0.0	0.0	1148.72	0.0	0.0	0.0	0.0	0.0	0.0	0.0	0.0	32.8207	0.0	0.0	0.0	0.0	0	0	0	0	26	0	0	0	0	0	0	0	0	0	0	0	0	0	0	0	0	0	9	0	0	0	0	0	0	0	0	0	0	0	0	0	0	0	0	0	0	0	0	0	0	0	0	0	0	0	0	0	0	0	0.0	0.0	0.0	0.0	0.000565	0.0	0.0	0.0	0.0	0.0	0.0	0.0	0.0	1.0	0.0	0.0	0.0	0.0	
38	38	1529.031987307	11810.695	11810.695	6.79129	0.86308	0	0	0	0	36	0	0	0	0	0.0	0.0	0.0	0.0	0.647687	0.0	0.0	0.0	0.0	0.0	0.0	0.0	0.0	1286.52	0.0	0.0	0.0	0.0	0.0	0.0	0.0	0.0	35.7368	0.0	0.0	0.0	0.0	0	0	0	0	27	0	0	0	0	0	0	0	0	0	0	0	0	0	0	0	0	0	9	0	0	0	0	0	0	0	0	0	0	0	0	0	0	0	0	0	0	0	0	0	0	0	0	0	0	0	0	0	0	0	0.0	0.0	0.0	0.0	0.000507	0.0	0.0	0.0	0.0	0.0	0.0	0.0	0.0	1.0	0.0	0.0	0.0	0.0	
39	39	1689.160756766	11701.474	11701.474	5.20305	0.825146	0	0	0	0	37	0	0	0	0	0.0	0.0	0.0	0.0	0.682918	0.0	0.0	0.0	0.0	0.0	0.0	0.0	0.0	1446.65	0.0	0.0	0.0	0.0	0.0	0.0	0.0	0.0	39.0987	0.0	0.0	0.0	0.0	0	0	0	0	28	0	0	0	0	0	0	0	0	0	0	0	0	0	0	0	0	0	9	0	0	0	0	0	0	0	0	0	0	0	0	0	0	0	0	0	0	0	0	0	0	0	0	0	0	0	0	0	0	0	0.0	0.0	0.0	0.0	0.000447	0.0	0.0	0.0	0.0	0.0	0.0	0.0	0.0	1.0	0.0	0.0	0.0	0.0	
40	40	1711.986791931	11637.489	11637.489	3.81784	0.769566	0	0	0	0	38	0	0	0	0	0.0	0.0	0.0	0.0	0.714626	0.0	0.0	0.0	0.0	0.0	0.0	0.0	0.0	1469.48	0.0	0.0	0.0	0.0	0.0	0.0	0.0	0.0	38.6705	0.0	0.0	0.0	0.0	0	0	0	0	29	0	0	0	0	0	0	0	0	0	0	0	0	0	0	0	0	0	9	0	0	0	0	0	0	0	0	0	0	0	0	0	0	0	0	0	0	0	0	0	0	0	0	0	0	0	0	0	0	0	0.0	0.0	0.0	0.0	0.000478	0.0	0.0	0.0	0.0	0.0	0.0	0.0	0.0	1.0	0.0	0.0	0.0	0.0	
41	41	1732.330809682	11618.489	11618.489	3.65303	0.760526	0	0	0	0	39	0	0	0	0	0.0	0.0	0.0	0.0	0.743163	0.0	0.0	0.0	0.0	0.0	0.0	0.0	0.0	1489.82	0.0	0.0	0.0	0.0	0.0	0.0	0.0	0.0	38.2006	0.0	0.0	0.0	0.0	0	0	0	0	30	0	0	0	0	0	0	0	0	0	0	0	0	0	0	0	0	0	9	0	0	0	0	0	0	0	0	0	0	0	0	0	0	0	0	0	0	0	0	0	0	0	0	0	0	0	0	0	0	0	0.0	0.0	0.0	0.0	0.000509	0.0	0.0	0.0	0.0	0.0	0.0	0.0	0.0	1.0	0.0	0.0	0.0	0.0	
42	42	1754.189988012	11591.798	11591.798	3.51215	0.75222	0	0	0	0	40	0	0	0	0	0.0	0.0	0.0	0.0	0.768847	0.0	0.0	0.0	0.0	0.0	0.0	0.0	0.0	1511.68	0.0	0.0	0.0	0.0	0.0	0.0	0.0	0.0	37.7921	0.0	0.0	0.0	0.0	0	0	0	0	31	0	0	0	0	0	0	0	0	0	0	0	0	0	0	0	0	0	9	0	0	0	0	0	0	0	0	0	0	0	0	0	0	0	0	0	0	0	0	0	0	0	0	0	0	0	0	0	0	0	0.0	0.0	0.0	0.0	0.000538	0.0	0.0	0.0	0.0	0.0	0.0	0.0	0.0	1.0	0.0	0.0	0.0	0.0	
43	43	1772.140502344	11577.989	11577.989	3.36682	0.743032	0	0	0	0	41	0	0	0	0	0.0	0.0	0.0	0.0	0.791962	0.0	0.0	0.0	0.0	0.0	0.0	0.0	0.0	1529.63	0.0	0.0	0.0	0.0	0.0	0.0	0.0	0.0	37.3081	0.0	0.0	0.0	0.0	0	0	0	0	32	0	0	0	0	0	0	0	0	0	0	0	0	0	0	0	0	0	9	0	0	0	0	0	0	0	0	0	0	0	0	0	0	0	0	0	0	0	0	0	0	0	0	0	0	0	0	0	0	0	0.0	0.0	0.0	0.0	0.000569	0.0	0.0	0.0	0.0	0.0	0.0	0.0	0.0	1.0	0.0	0.0	0.0	0.0	
44	44	1805.80322039	11568.489	11568.489	3.25199	0.73528	0	0	0	0	42	0	0	0	0	0.0	0.0	0.0	0.0	0.812766	0.0	0.0	0.0	0.0	0.0	0.0	0.0	0.0	1563.3	0.0	0.0	0.0	0.0	0.0	0.0	0.0	0.0	37.2213	0.0	0.0	0.0	0.0	0	0	0	0	33	0	0	0	0	0	0	0	0	0	0	0	0	0	0	0	0	0	9	0	0	0	0	0	0	0	0	0	0	0	0	0	0	0	0	0	0	0	0	0	0	0	0	0	0	0	0	0	0	0	0.0	0.0	0.0	0.0	0.000587	0.0	0.0	0.0	0.0	0.0	0.0	0.0	0.0	1.0	0.0	0.0	0.0	0.0	
45	45	1821.178355706	11568.489	11568.489	3.0471	0.720233	0	0	0	0	43	0	0	0	0	0.0	0.0	0.0	0.0	0.73149	0.0	0.0	0.0	0.0	0.0	0.0	0.0	0.0	1578.67	0.0	0.0	0.0	0.0	0.0	0.0	0.0	0.0	36.7133	0.0	0.0	0.0	0.0	0	0	0	0	33	0	0	0	0	0	0	0	0	0	0	0	0	0	0	0	0	0	10	0	0	0	0	0	0	0	0	0	0	0	0	0	0	0	0	0	0	0	0	0	0	0	0	0	0	0	0	0	0	0	0.0	0.0	0.0	0.0	0.000543	0.0	0.0	0.0	0.0	0.0	0.0	0.0	0.0	1.0	0.0	0.0	0.0	0.0	
46	46	1851.852037462	11549.386	11549.386	2.95787	0.713137	0	0	0	0	44	0	0	0	0	0.0	0.0	0.0	0.0	0.758341	0.0	0.0	0.0	0.0	0.0	0.0	0.0	0.0	1609.34	0.0	0.0	0.0	0.0	0.0	0.0	0.0	0.0	36.576	0.0	0.0	0.0	0.0	0	0	0	0	34	0	0	0	0	0	0	0	0	0	0	0	0	0	0	0	0	0	10	0	0	0	0	0	0	0	0	0	0	0	0	0	0	0	0	0	0	0	0	0	0	0	0	0	0	0	0	0	0	0	0.0	0.0	0.0	0.0	0.000567	0.0	0.0	0.0	0.0	0.0	0.0	0.0	0.0	1.0	0.0	0.0	0.0	0.0	
47	47	1867.30981842	11549.386	11549.386	2.78757	0.698559	0	0	0	0	45	0	0	0	0	0.0	0.0	0.0	0.0	0.682507	0.0	0.0	0.0	0.0	0.0	0.0	0.0	0.0	1624.8	0.0	0.0	0.0	0.0	0.0	0.0	0.0	0.0	36.1067	0.0	0.0	0.0	0.0	0	0	0	0	34	0	0	0	0	0	0	0	0	0	0	0	0	0	0	0	0	0	11	0	0	0	0	0	0	0	0	0	0	0	0	0	0	0	0	0	0	0	0	0	0	0	0	0	0	0	0	0	0	0	0.0	0.0	0.0	0.0	0.000524	0.0	0.0	0.0	0.0	0.0	0.0	0.0	0.0	1.0	0.0	0.0	0.0	0.0	
48	48	1885.714052514	11523.077	11523.077	2.7055	0.690999	0	0	0	0	46	0	0	0	0	0.0	0.0	0.0	0.0	0.714256	0.0	0.0	0.0	0.0	0.0	0.0	0.0	0.0	1643.21	0.0	0.0	0.0	0.0	0.0	0.0	0.0	0.0	35.7219	0.0	0.0	0.0	0.0	0	0	0	0	35	0	0	0	0	0	0	0	0	0	0	0	0	0	0	0	0	0	11	0	0	0	0	0	0	0	0	0	0	0	0	0	0	0	0	0	0	0	0	0	0	0	0	0	0	0	0	0	0	0	0.0	0.0	0.0	0.0	0.00056	0.0	0.0	0.0	0.0	0.0	0.0	0.0	0.0	1.0	0.0	0.0	0.0	0.0	
49	49	1900.964587426	11523.077	11523.077	2.61093	0.68181	0	0	0	0	47	0	0	0	0	0.0	0.0	0.0	0.0	0.64283	0.0	0.0	0.0	0.0	0.0	0.0	0.0	0.0	1658.46	0.0	0.0	0.0	0.0	0.0	0.0	0.0	0.0	35.2863	0.0	0.0	0.0	0.0	0	0	0	0	35	0	0	0	0	0	0	0	0	0	0	0	0	0	0	0	0	0	12	0	0	0	0	0	0	0	0	0	0	0	0	0	0	0	0	0	0	0	0	0	0	0	0	0	0	0	0	0	0	0	0.0	0.0	0.0	0.0	0.000516	0.0	0.0	0.0	0.0	0.0	0.0	0.0	0.0	1.0	0.0	0.0	0.0	0.0	
50	50	1917.994426439	11523.077	11523.077	2.53508	0.674041	0	0	0	0	48	0	0	0	0	0.0	0.0	0.0	0.0	0.578547	0.0	0.0	0.0	0.0	0.0	0.0	0.0	0.0	1675.49	0.0	0.0	0.0	0.0	0.0	0.0	0.0	0.0	34.906	0.0	0.0	0.0	0.0	0	0	0	0	35	0	0	0	0	0	0	0	0	0	0	0	0	0	0	0	0	0	13	0	0	0	0	0	0	0	0	0	0	0	0	0	0	0	0	0	0	0	0	0	0	0	0	0	0	0	0	0	0	0	0.0	0.0	0.0	0.0	0.000475	0.0	0.0	0.0	0.0	0.0	0.0	0.0	0.0	1.0	0.0	0.0	0.0	0.0	
51	51	1939.184570273	11523.077	11523.077	2.45298	0.6652	0	0	0	0	49	0	0	0	0	0.0	0.0	0.0	0.0	0.520693	0.0	0.0	0.0	0.0	0.0	0.0	0.0	0.0	1696.68	0.0	0.0	0.0	0.0	0.0	0.0	0.0	0.0	34.6261	0.0	0.0	0.0	0.0	0	0	0	0	35	0	0	0	0	0	0	0	0	0	0	0	0	0	0	0	0	0	14	0	0	0	0	0	0	0	0	0	0	0	0	0	0	0	0	0	0	0	0	0	0	0	0	0	0	0	0	0	0	0	0.0	0.0	0.0	0.0	0.000434	0.0	0.0	0.0	0.0	0.0	0.0	0.0	0.0	1.0	0.0	0.0	0.0	0.0	
52	52	1959.258926702	11503.004	11503.004	2.35452	0.653957	0	0	0	0	50	0	0	0	0	0.0	0.0	0.0	0.0	0.568623	0.0	0.0	0.0	0.0	0.0	0.0	0.0	0.0	1716.75	0.0	0.0	0.0	0.0	0.0	0.0	0.0	0.0	34.335	0.0	0.0	0.0	0.0	0	0	0	0	36	0	0	0	0	0	0	0	0	0	0	0	0	0	0	0	0	0	14	0	0	0	0	0	0	0	0	0	0	0	0	0	0	0	0	0	0	0	0	0	0	0	0	0	0	0	0	0	0	0	0.0	0.0	0.0	0.0	0.000482	0.0	0.0	0.0	0.0	0.0	0.0	0.0	0.0	1.0	0.0	0.0	0.0	0.0	
53	53	1989.013659463	11491.504	11491.504	2.2649	0.643058	0	0	0	0	51	0	0	0	0	0.0	0.0	0.0	0.0	0.611761	0.0	0.0	0.0	0.0	0.0	0.0	0.0	0.0	1746.51	0.0	0.0	0.0	0.0	0.0	0.0	0.0	0.0	34.2452	0.0	0.0	0.0	0.0	0	0	0	0	37	0	0	0	0	0	0	0	0	0	0	0	0	0	0	0	0	0	14	0	0	0	0	0	0	0	0	0	0	0	0	0	0	0	0	0	0	0	0	0	0	0	0	0	0	0	0	0	0	0	0.0	0.0	0.0	0.0	0.000522	0.0	0.0	0.0	0.0	0.0	0.0	0.0	0.0	1.0	0.0	0.0	0.0	0.0	
54	54	2005.105893926	11491.504	11491.504	2.1383	0.626465	0	0	0	0	52	0	0	0	0	0.0	0.0	0.0	0.0	0.550585	0.0	0.0	0.0	0.0	0.0	0.0	0.0	0.0	1762.6	0.0	0.0	0.0	0.0	0.0	0.0	0.0	0.0	33.8961	0.0	0.0	0.0	0.0	0	0	0	0	37	0	0	0	0	0	0	0	0	0	0	0	0	0	0	0	0	0	15	0	0	0	0	0	0	0	0	0	0	0	0	0	0	0	0	0	0	0	0	0	0	0	0	0	0	0	0	0	0	0	0.0	0.0	0.0	0.0	0.000479	0.0	0.0	0.0	0.0	0.0	0.0	0.0	0.0	1.0	0.0	0.0	0.0	0.0	
55	55	2021.366188529	11491.504	11491.504	2.0728	0.617276	0	0	0	0	53	0	0	0	0	0.0	0.0	0.0	0.0	0.495526	0.0	0.0	0.0	0.0	0.0	0.0	0.0	0.0	1778.86	0.0	0.0	0.0	0.0	0.0	0.0	0.0	0.0	33.5634	0.0	0.0	0.0	0.0	0	0	0	0	37	0	0	0	0	0	0	0	0	0	0	0	0	0	0	0	0	0	16	0	0	0	0	0	0	0	0	0	0	0	0	0	0	0	0	0	0	0	0	0	0	0	0	0	0	0	0	0	0	0	0.0	0.0	0.0	0.0	0.00044	0.0	0.0	0.0	0.0	0.0	0.0	0.0	0.0	1.0	0.0	0.0	0.0	0.0	
56	56	2044.896150931	11489.004	11489.004	2.00865	0.607839	0	0	0	0	54	0	0	0	0	0.0	0.0	0.0	0.0	0.545974	0.0	0.0	0.0	0.0	0.0	0.0	0.0	0.0	1802.39	0.0	0.0	0.0	0.0	0.0	0.0	0.0	0.0	33.3776	0.0	0.0	0.0	0.0	0	0	0	0	38	0	0	0	0	0	0	0	0	0	0	0	0	0	0	0	0	0	16	0	0	0	0	0	0	0	0	0	0	0	0	0	0	0	0	0	0	0	0	0	0	0	0	0	0	0	0	0	0	0	0.0	0.0	0.0	0.0	0.00049	0.0	0.0	0.0	0.0	0.0	0.0	0.0	0.0	1.0	0.0	0.0	0.0	0.0	
57	57	2076.235362119	11478.004	11478.004	1.91933	0.593918	0	0	0	0	55	0	0	0	0	0.0	0.0	0.0	0.0	0.591376	0.0	0.0	0.0	0.0	0.0	0.0	0.0	0.0	1833.73	0.0	0.0	0.0	0.0	0.0	0.0	0.0	0.0	33.3405	0.0	0.0	0.0	0.0	0	0	0	0	39	0	0	0	0	0	0	0	0	0	0	0	0	0	0	0	0	0	16	0	0	0	0	0	0	0	0	0	0	0	0	0	0	0	0	0	0	0	0	0	0	0	0	0	0	0	0	0	0	0	0.0	0.0	0.0	0.0	0.000532	0.0	0.0	0.0	0.0	0.0	0.0	0.0	0.0	1.0	0.0	0.0	0.0	0.0	
58	58	2099.867143737	11478.004	11478.004	1.8065	0.574902	0	0	0	0	56	0	0	0	0	0.0	0.0	0.0	0.0	0.532239	0.0	0.0	0.0	0.0	0.0	0.0	0.0	0.0	1857.36	0.0	0.0	0.0	0.0	0.0	0.0	0.0	0.0	33.1671	0.0	0.0	0.0	0.0	0	0	0	0	39	0	0	0	0	0	0	0	0	0	0	0	0	0	0	0	0	0	17	0	0	0	0	0	0	0	0	0	0	0	0	0	0	0	0	0	0	0	0	0	0	0	0	0	0	0	0	0	0	0	0.0	0.0	0.0	0.0	0.000484	0.0	0.0	0.0	0.0	0.0	0.0	0.0	0.0	1.0	0.0	0.0	0.0	0.0	
59	59	2131.592075901	11478.004	11478.004	1.72583	0.560217	0	0	0	0	57	0	0	0	0	0.0	0.0	0.0	0.0	0.479015	0.0	0.0	0.0	0.0	0.0	0.0	0.0	0.0	1889.08	0.0	0.0	0.0	0.0	0.0	0.0	0.0	0.0	33.1418	0.0	0.0	0.0	0.0	0	0	0	0	39	0	0	0	0	0	0	0	0	0	0	0	0	0	0	0	0	0	18	0	0	0	0	0	0	0	0	0	0	0	0	0	0	0	0	0	0	0	0	0	0	0	0	0	0	0	0	0	0	0	0.0	0.0	0.0	0.0	0.000436	0.0	0.0	0.0	0.0	0.0	0.0	0.0	0.0	1.0	0.0	0.0	0.0	0.0	
60	60	2169.800871569	11450.298	11450.298	1.62316	0.540057	0	0	0	0	58	0	0	0	0	0.0	0.0	0.0	0.0	0.531113	0.0	0.0	0.0	0.0	0.0	0.0	0.0	0.0	1927.29	0.0	0.0	0.0	0.0	0.0	0.0	0.0	0.0	33.2292	0.0	0.0	0.0	0.0	0	0	0	0	40	0	0	0	0	0	0	0	0	0	0	0	0	0	0	0	0	0	18	0	0	0	0	0	0	0	0	0	0	0	0	0	0	0	0	0	0	0	0	0	0	0	0	0	0	0	0	0	0	0	0.0	0.0	0.0	0.0	0.000481	0.0	0.0	0.0	0.0	0.0	0.0	0.0	0.0	1.0	0.0	0.0	0.0	0.0	
61	61	2191.235161443	11438.798	11438.798	1.50759	0.515143	0	0	0	0	59	0	0	0	0	0.0	0.0	0.0	0.0	0.578002	0.0	0.0	0.0	0.0	0.0	0.0	0.0	0.0	1948.73	0.0	0.0	0.0	0.0	0.0	0.0	0.0	0.0	33.0293	0.0	0.0	0.0	0.0	0	0	0	0	41	0	0	0	0	0	0	0	0	0	0	0	0	0	0	0	0	0	18	0	0	0	0	0	0	0	0	0	0	0	0	0	0	0	0	0	0	0	0	0	0	0	0	0	0	0	0	0	0	0	0.0	0.0	0.0	0.0	0.00053	0.0	0.0	0.0	0.0	0.0	0.0	0.0	0.0	1.0	0.0	0.0	0.0	0.0	
62	62	2206.48425194	11438.798	11438.798	1.4464	0.500887	0	0	0	0	60	0	0	0	0	0.0	0.0	0.0	0.0	0.520202	0.0	0.0	0.0	0.0	0.0	0.0	0.0	0.0	1963.98	0.0	0.0	0.0	0.0	0.0	0.0	0.0	0.0	32.7329	0.0	0.0	0.0	0.0	0	0	0	0	41	0	0	0	0	0	0	0	0	0	0	0	0	0	0	0	0	0	19	0	0	0	0	0	0	0	0	0	0	0	0	0	0	0	0	0	0	0	0	0	0	0	0	0	0	0	0	0	0	0	0.0	0.0	0.0	0.0	0.000486	0.0	0.0	0.0	0.0	0.0	0.0	0.0	0.0	1.0	0.0	0.0	0.0	0.0	
63	63	2226.19351659	11411.401	11411.401	1.40438	0.490633	0	0	0	0	61	0	0	0	0	0.0	0.0	0.0	0.0	0.568182	0.0	0.0	0.0	0.0	0.0	0.0	0.0	0.0	1983.69	0.0	0.0	0.0	0.0	0.0	0.0	0.0	0.0	32.5194	0.0	0.0	0.0	0.0	0	0	0	0	42	0	0	0	0	0	0	0	0	0	0	0	0	0	0	0	0	0	19	0	0	0	0	0	0	0	0	0	0	0	0	0	0	0	0	0	0	0	0	0	0	0	0	0	0	0	0	0	0	0	0.0	0.0	0.0	0.0	0.000537	0.0	0.0	0.0	0.0	0.0	0.0	0.0	0.0	1.0	0.0	0.0	0.0	0.0	
64	64	2243.81378734	11411.401	11411.401	1.35188	0.477251	0	0	0	0	62	0	0	0	0	0.0	0.0	0.0	0.0	0.511363	0.0	0.0	0.0	0.0	0.0	0.0	0.0	0.0	2001.31	0.0	0.0	0.0	0.0	0.0	0.0	0.0	0.0	32.2791	0.0	0.0	0.0	0.0	0	0	0	0	42	0	0	0	0	0	0	0	0	0	0	0	0	0	0	0	0	0	20	0	0	0	0	0	0	0	0	0	0	0	0	0	0	0	0	0	0	0	0	0	0	0	0	0	0	0	0	0	0	0	0.0	0.0	0.0	0.0	0.000491	0.0	0.0	0.0	0.0	0.0	0.0	0.0	0.0	1.0	0.0	0.0	0.0	0.0	
65	65	2262.685673911	11394.901	11394.901	1.3066	0.465174	0	0	0	0	63	0	0	0	0	0.0	0.0	0.0	0.0	0.560227	0.0	0.0	0.0	0.0	0.0	0.0	0.0	0.0	2020.18	0.0	0.0	0.0	0.0	0.0	0.0	0.0	0.0	32.0663	0.0	0.0	0.0	0.0	0	0	0	0	43	0	0	0	0	0	0	0	0	0	0	0	0	0	0	0	0	0	20	0	0	0	0	0	0	0	0	0	0	0	0	0	0	0	0	0	0	0	0	0	0	0	0	0	0	0	0	0	0	0	0.0	0.0	0.0	0.0	0.000545	0.0	0.0	0.0	0.0	0.0	0.0	0.0	0.0	1.0	0.0	0.0	0.0	0.0	
66	66	2281.525779382	11394.901	11394.901	1.25979	0.452132	0	0	0	0	64	0	0	0	0	0.0	0.0	0.0	0.0	0.504204	0.0	0.0	0.0	0.0	0.0	0.0	0.0	0.0	2039.02	0.0	0.0	0.0	0.0	0.0	0.0	0.0	0.0	31.8597	0.0	0.0	0.0	0.0	0	0	0	0	43	0	0	0	0	0	0	0	0	0	0	0	0	0	0	0	0	0	21	0	0	0	0	0	0	0	0	0	0	0	0	0	0	0	0	0	0	0	0	0	0	0	0	0	0	0	0	0	0	0	0.0	0.0	0.0	0.0	0.000497	0.0	0.0	0.0	0.0	0.0	0.0	0.0	0.0	1.0	0.0	0.0	0.0	0.0	
67	67	2298.933634802	11394.901	11394.901	1.21473	0.439013	0	0	0	0	65	0	0	0	0	0.0	0.0	0.0	0.0	0.453784	0.0	0.0	0.0	0.0	0.0	0.0	0.0	0.0	2056.43	0.0	0.0	0.0	0.0	0.0	0.0	0.0	0.0	31.6373	0.0	0.0	0.0	0.0	0	0	0	0	43	0	0	0	0	0	0	0	0	0	0	0	0	0	0	0	0	0	22	0	0	0	0	0	0	0	0	0	0	0	0	0	0	0	0	0	0	0	0	0	0	0	0	0	0	0	0	0	0	0	0.0	0.0	0.0	0.0	0.000453	0.0	0.0	0.0	0.0	0.0	0.0	0.0	0.0	1.0	0.0	0.0	0.0	0.0	
68	68	2316.121573316	11394.901	11394.901	1.17453	0.426816	0	0	0	0	66	0	0	0	0	0.0	0.0	0.0	0.0	0.408406	0.0	0.0	0.0	0.0	0.0	0.0	0.0	0.0	2073.61	0.0	0.0	0.0	0.0	0.0	0.0	0.0	0.0	31.4184	0.0	0.0	0.0	0.0	0	0	0	0	43	0	0	0	0	0	0	0	0	0	0	0	0	0	0	0	0	0	23	0	0	0	0	0	0	0	0	0	0	0	0	0	0	0	0	0	0	0	0	0	0	0	0	0	0	0	0	0	0	0	0.0	0.0	0.0	0.0	0.000414	0.0	0.0	0.0	0.0	0.0	0.0	0.0	0.0	1.0	0.0	0.0	0.0	0.0	
69	69	2333.78678142	11394.901	11394.901	1.13615	0.414714	0	0	0	0	67	0	0	0	0	0.0	0.0	0.0	0.0	0.367565	0.0	0.0	0.0	0.0	0.0	0.0	0.0	0.0	2091.28	0.0	0.0	0.0	0.0	0.0	0.0	0.0	0.0	31.2131	0.0	0.0	0.0	0.0	0	0	0	0	43	0	0	0	0	0	0	0	0	0	0	0	0	0	0	0	0	0	24	0	0	0	0	0	0	0	0	0	0	0	0	0	0	0	0	0	0	0	0	0	0	0	0	0	0	0	0	0	0	0	0.0	0.0	0.0	0.0	0.000377	0.0	0.0	0.0	0.0	0.0	0.0	0.0	0.0	1.0	0.0	0.0	0.0	0.0	
70	70	2351.084165339	11394.901	11394.901	1.098	0.402225	0	0	0	0	68	0	0	0	0	0.0	0.0	0.0	0.0	0.330809	0.0	0.0	0.0	0.0	0.0	0.0	0.0	0.0	2108.58	0.0	0.0	0.0	0.0	0.0	0.0	0.0	0.0	31.0085	0.0	0.0	0.0	0.0	0	0	0	0	43	0	0	0	0	0	0	0	0	0	0	0	0	0	0	0	0	0	25	0	0	0	0	0	0	0	0	0	0	0	0	0	0	0	0	0	0	0	0	0	0	0	0	0	0	0	0	0	0	0	0.0	0.0	0.0	0.0	0.000344	0.0	0.0	0.0	0.0	0.0	0.0	0.0	0.0	1.0	0.0	0.0	0.0	0.0	
71	71	2369.921173175	11393.901	11393.901	1.06189	0.389959	0	0	0	0	69	0	0	0	0	0.0	0.0	0.0	0.0	0.397728	0.0	0.0	0.0	0.0	0.0	0.0	0.0	0.0	2127.41	0.0	0.0	0.0	0.0	0.0	0.0	0.0	0.0	30.8321	0.0	0.0	0.0	0.0	0	0	0	0	44	0	0	0	0	0	0	0	0	0	0	0	0	0	0	0	0	0	25	0	0	0	0	0	0	0	0	0	0	0	0	0	0	0	0	0	0	0	0	0	0	0	0	0	0	0	0	0	0	0	0.0	0.0	0.0	0.0	0.000418	0.0	0.0	0.0	0.0	0.0	0.0	0.0	0.0	1.0	0.0	0.0	0.0	0.0	
72	72	2385.556593618	11393.901	11393.901	1.02392	0.376575	0	0	0	0	70	0	0	0	0	0.0	0.0	0.0	0.0	0.357955	0.0	0.0	0.0	0.0	0.0	0.0	0.0	0.0	2143.05	0.0	0.0	0.0	0.0	0.0	0.0	0.0	0.0	30.615	0.0	0.0	0.0	0.0	0	0	0	0	44	0	0	0	0	0	0	0	0	0	0	0	0	0	0	0	0	0	26	0	0	0	0	0	0	0	0	0	0	0	0	0	0	0	0	0	0	0	0	0	0	0	0	0	0	0	0	0	0	0	0.0	0.0	0.0	0.0	0.000382	0.0	0.0	0.0	0.0	0.0	0.0	0.0	0.0	1.0	0.0	0.0	0.0	0.0	
73	73	2416.599639175	11372.401	11372.401	0.993434	0.365456	0	0	0	0	71	0	0	0	0	0.0	0.0	0.0	0.0	0.422159	0.0	0.0	0.0	0.0	0.0	0.0	0.0	0.0	2174.09	0.0	0.0	0.0	0.0	0.0	0.0	0.0	0.0	30.621	0.0	0.0	0.0	0.0	0	0	0	0	45	0	0	0	0	0	0	0	0	0	0	0	0	0	0	0	0	0	26	0	0	0	0	0	0	0	0	0	0	0	0	0	0	0	0	0	0	0	0	0	0	0	0	0	0	0	0	0	0	0	0.0	0.0	0.0	0.0	0.00045	0.0	0.0	0.0	0.0	0.0	0.0	0.0	0.0	1.0	0.0	0.0	0.0	0.0	
74	74	2438.08806	11372.401	11372.401	0.935569	0.343397	0	0	0	0	72	0	0	0	0	0.0	0.0	0.0	0.0	0.379943	0.0	0.0	0.0	0.0	0.0	0.0	0.0	0.0	2195.58	0.0	0.0	0.0	0.0	0.0	0.0	0.0	0.0	30.4942	0.0	0.0	0.0	0.0	0	0	0	0	45	0	0	0	0	0	0	0	0	0	0	0	0	0	0	0	0	0	27	0	0	0	0	0	0	0	0	0	0	0	0	0	0	0	0	0	0	0	0	0	0	0	0	0	0	0	0	0	0	0	0.0	0.0	0.0	0.0	0.000409	0.0	0.0	0.0	0.0	0.0	0.0	0.0	0.0	1.0	0.0	0.0	0.0	0.0	
75	75	2464.782511315	11371.401	11371.401	0.8975	0.328176	0	0	0	0	73	0	0	0	0	0.0	0.0	0.0	0.0	0.441949	0.0	0.0	0.0	0.0	0.0	0.0	0.0	0.0	2222.27	0.0	0.0	0.0	0.0	0.0	0.0	0.0	0.0	30.4421	0.0	0.0	0.0	0.0	0	0	0	0	46	0	0	0	0	0	0	0	0	0	0	0	0	0	0	0	0	0	27	0	0	0	0	0	0	0	0	0	0	0	0	0	0	0	0	0	0	0	0	0	0	0	0	0	0	0	0	0	0	0	0.0	0.0	0.0	0.0	0.000477	0.0	0.0	0.0	0.0	0.0	0.0	0.0	0.0	1.0	0.0	0.0	0.0	0.0	
76	76	2483.373957431	11369.901	11369.901	0.852359	0.309371	0	0	0	0	74	0	0	0	0	0.0	0.0	0.0	0.0	0.497754	0.0	0.0	0.0	0.0	0.0	0.0	0.0	0.0	2240.87	0.0	0.0	0.0	0.0	0.0	0.0	0.0	0.0	30.282	0.0	0.0	0.0	0.0	0	0	0	0	47	0	0	0	0	0	0	0	0	0	0	0	0	0	0	0	0	0	27	0	0	0	0	0	0	0	0	0	0	0	0	0	0	0	0	0	0	0	0	0	0	0	0	0	0	0	0	0	0	0	0.0	0.0	0.0	0.0	0.000543	0.0	0.0	0.0	0.0	0.0	0.0	0.0	0.0	1.0	0.0	0.0	0.0	0.0	
77	77	2498.742723481	11369.901	11369.901	0.822268	0.29637	0	0	0	0	75	0	0	0	0	0.0	0.0	0.0	0.0	0.447979	0.0	0.0	0.0	0.0	0.0	0.0	0.0	0.0	2256.23	0.0	0.0	0.0	0.0	0.0	0.0	0.0	0.0	30.0831	0.0	0.0	0.0	0.0	0	0	0	0	47	0	0	0	0	0	0	0	0	0	0	0	0	0	0	0	0	0	28	0	0	0	0	0	0	0	0	0	0	0	0	0	0	0	0	0	0	0	0	0	0	0	0	0	0	0	0	0	0	0	0.0	0.0	0.0	0.0	0.000495	0.0	0.0	0.0	0.0	0.0	0.0	0.0	0.0	1.0	0.0	0.0	0.0	0.0	
78	78	2518.383512064	11369.901	11369.901	0.798197	0.285697	0	0	0	0	76	0	0	0	0	0.0	0.0	0.0	0.0	0.403181	0.0	0.0	0.0	0.0	0.0	0.0	0.0	0.0	2275.88	0.0	0.0	0.0	0.0	0.0	0.0	0.0	0.0	29.9457	0.0	0.0	0.0	0.0	0	0	0	0	47	0	0	0	0	0	0	0	0	0	0	0	0	0	0	0	0	0	29	0	0	0	0	0	0	0	0	0	0	0	0	0	0	0	0	0	0	0	0	0	0	0	0	0	0	0	0	0	0	0	0.0	0.0	0.0	0.0	0.00045	0.0	0.0	0.0	0.0	0.0	0.0	0.0	0.0	1.0	0.0	0.0	0.0	0.0	
79	79	2533.513622697	11369.901	11369.901	0.768458	0.272176	0	0	0	0	77	0	0	0	0	0.0	0.0	0.0	0.0	0.362863	0.0	0.0	0.0	0.0	0.0	0.0	0.0	0.0	2291.01	0.0	0.0	0.0	0.0	0.0	0.0	0.0	0.0	29.7533	0.0	0.0	0.0	0.0	0	0	0	0	47	0	0	0	0	0	0	0	0	0	0	0	0	0	0	0	0	0	30	0	0	0	0	0	0	0	0	0	0	0	0	0	0	0	0	0	0	0	0	0	0	0	0	0	0	0	0	0	0	0	0.0	0.0	0.0	0.0	0.00041	0.0	0.0	0.0	0.0	0.0	0.0	0.0	0.0	1.0	0.0	0.0	0.0	0.0	
80	80	2549.375796216	11369.901	11369.901	0.746307	0.261864	0	0	0	0	78	0	0	0	0	0.0	0.0	0.0	0.0	0.326577	0.0	0.0	0.0	0.0	0.0	0.0	0.0	0.0	2306.87	0.0	0.0	0.0	0.0	0.0	0.0	0.0	0.0	29.5752	0.0	0.0	0.0	0.0	0	0	0	0	47	0	0	0	0	0	0	0	0	0	0	0	0	0	0	0	0	0	31	0	0	0	0	0	0	0	0	0	0	0	0	0	0	0	0	0	0	0	0	0	0	0	0	0	0	0	0	0	0	0	0.0	0.0	0.0	0.0	0.000373	0.0	0.0	0.0	0.0	0.0	0.0	0.0	0.0	1.0	0.0	0.0	0.0	0.0	
81	81	2574.761105502	11369.901	11369.901	0.723769	0.251162	0	0	0	0	79	0	0	0	0	0.0	0.0	0.0	0.0	0.293919	0.0	0.0	0.0	0.0	0.0	0.0	0.0	0.0	2332.25	0.0	0.0	0.0	0.0	0.0	0.0	0.0	0.0	29.5222	0.0	0.0	0.0	0.0	0	0	0	0	47	0	0	0	0	0	0	0	0	0	0	0	0	0	0	0	0	0	32	0	0	0	0	0	0	0	0	0	0	0	0	0	0	0	0	0	0	0	0	0	0	0	0	0	0	0	0	0	0	0	0.0	0.0	0.0	0.0	0.000337	0.0	0.0	0.0	0.0	0.0	0.0	0.0	0.0	1.0	0.0	0.0	0.0	0.0	
82	82	2755.82112384	11361.401	11361.401	0.689108	0.2343	0	0	0	0	80	0	0	0	0	0.0	0.0	0.0	0.0	0.364527	0.0	0.0	0.0	0.0	0.0	0.0	0.0	0.0	2513.31	0.0	0.0	0.0	0.0	0.0	0.0	0.0	0.0	31.4164	0.0	0.0	0.0	0.0	0	0	0	0	48	0	0	0	0	0	0	0	0	0	0	0	0	0	0	0	0	0	32	0	0	0	0	0	0	0	0	0	0	0	0	0	0	0	0	0	0	0	0	0	0	0	0	0	0	0	0	0	0	0	0.0	0.0	0.0	0.0	0.000369	0.0	0.0	0.0	0.0	0.0	0.0	0.0	0.0	1.0	0.0	0.0	0.0	0.0	
83	83	2773.938967415	11361.401	11361.401	0.485594	0.127539	0	0	0	0	81	0	0	0	0	0.0	0.0	0.0	0.0	0.328074	0.0	0.0	0.0	0.0	0.0	0.0	0.0	0.0	2531.43	0.0	0.0	0.0	0.0	0.0	0.0	0.0	0.0	31.2522	0.0	0.0	0.0	0.0	0	0	0	0	48	0	0	0	0	0	0	0	0	0	0	0	0	0	0	0	0	0	33	0	0	0	0	0	0	0	0	0	0	0	0	0	0	0	0	0	0	0	0	0	0	0	0	0	0	0	0	0	0	0	0.0	0.0	0.0	0.0	0.000336	0.0	0.0	0.0	0.0	0.0	0.0	0.0	0.0	1.0	0.0	0.0	0.0	0.0	
84	84	2791.717176456	11360.401	11360.401	0.46888	0.118512	0	0	0	0	82	0	0	0	0	0.0	0.0	0.0	0.0	0.395267	0.0	0.0	0.0	0.0	0.0	0.0	0.0	0.0	2549.21	0.0	0.0	0.0	0.0	0.0	0.0	0.0	0.0	31.0879	0.0	0.0	0.0	0.0	0	0	0	0	49	0	0	0	0	0	0	0	0	0	0	0	0	0	0	0	0	0	33	0	0	0	0	0	0	0	0	0	0	0	0	0	0	0	0	0	0	0	0	0	0	0	0	0	0	0	0	0	0	0	0.0	0.0	0.0	0.0	0.000409	0.0	0.0	0.0	0.0	0.0	0.0	0.0	0.0	1.0	0.0	0.0	0.0	0.0	
85	85	2810.584484898	11360.401	11360.401	0.453039	0.109995	0	0	0	0	83	0	0	0	0	0.0	0.0	0.0	0.0	0.35574	0.0	0.0	0.0	0.0	0.0	0.0	0.0	0.0	2568.08	0.0	0.0	0.0	0.0	0.0	0.0	0.0	0.0	30.9407	0.0	0.0	0.0	0.0	0	0	0	0	49	0	0	0	0	0	0	0	0	0	0	0	0	0	0	0	0	0	34	0	0	0	0	0	0	0	0	0	0	0	0	0	0	0	0	0	0	0	0	0	0	0	0	0	0	0	0	0	0	0	0.0	0.0	0.0	0.0	0.000372	0.0	0.0	0.0	0.0	0.0	0.0	0.0	0.0	1.0	0.0	0.0	0.0	0.0	
86	86	2826.236923086	11360.401	11360.401	0.436812	0.101336	0	0	0	0	84	0	0	0	0	0.0	0.0	0.0	0.0	0.320166	0.0	0.0	0.0	0.0	0.0	0.0	0.0	0.0	2583.73	0.0	0.0	0.0	0.0	0.0	0.0	0.0	0.0	30.7587	0.0	0.0	0.0	0.0	0	0	0	0	49	0	0	0	0	0	0	0	0	0	0	0	0	0	0	0	0	0	35	0	0	0	0	0	0	0	0	0	0	0	0	0	0	0	0	0	0	0	0	0	0	0	0	0	0	0	0	0	0	0	0.0	0.0	0.0	0.0	0.000338	0.0	0.0	0.0	0.0	0.0	0.0	0.0	0.0	1.0	0.0	0.0	0.0	0.0	
87	87	2842.549595274	11360.401	11360.401	0.423793	0.094454	0	0	0	0	85	0	0	0	0	0.0	0.0	0.0	0.0	0.28815	0.0	0.0	0.0	0.0	0.0	0.0	0.0	0.0	2600.04	0.0	0.0	0.0	0.0	0.0	0.0	0.0	0.0	30.5887	0.0	0.0	0.0	0.0	0	0	0	0	49	0	0	0	0	0	0	0	0	0	0	0	0	0	0	0	0	0	36	0	0	0	0	0	0	0	0	0	0	0	0	0	0	0	0	0	0	0	0	0	0	0	0	0	0	0	0	0	0	0	0.0	0.0	0.0	0.0	0.000308	0.0	0.0	0.0	0.0	0.0	0.0	0.0	0.0	1.0	0.0	0.0	0.0	0.0	
88	88	2859.140711486	11360.401	11360.401	0.410637	0.087576	0	0	0	0	86	0	0	0	0	0.0	0.0	0.0	0.0	0.259335	0.0	0.0	0.0	0.0	0.0	0.0	0.0	0.0	2616.63	0.0	0.0	0.0	0.0	0.0	0.0	0.0	0.0	30.426	0.0	0.0	0.0	0.0	0	0	0	0	49	0	0	0	0	0	0	0	0	0	0	0	0	0	0	0	0	0	37	0	0	0	0	0	0	0	0	0	0	0	0	0	0	0	0	0	0	0	0	0	0	0	0	0	0	0	0	0	0	0	0.0	0.0	0.0	0.0	0.00028	0.0	0.0	0.0	0.0	0.0	0.0	0.0	0.0	1.0	0.0	0.0	0.0	0.0	
89	89	2885.199583062	11360.401	11360.401	0.397675	0.080894	0	0	0	0	87	0	0	0	0	0.0	0.0	0.0	0.0	0.233401	0.0	0.0	0.0	0.0	0.0	0.0	0.0	0.0	2642.69	0.0	0.0	0.0	0.0	0.0	0.0	0.0	0.0	30.3758	0.0	0.0	0.0	0.0	0	0	0	0	49	0	0	0	0	0	0	0	0	0	0	0	0	0	0	0	0	0	38	0	0	0	0	0	0	0	0	0	0	0	0	0	0	0	0	0	0	0	0	0	0	0	0	0	0	0	0	0	0	0	0.0	0.0	0.0	0.0	0.000253	0.0	0.0	0.0	0.0	0.0	0.0	0.0	0.0	1.0	0.0	0.0	0.0	0.0	
90	90	2907.414161957	11355.401	11355.401	0.378137	0.071038	0	0	0	0	88	0	0	0	0	0.0	0.0	0.0	0.0	0.310061	0.0	0.0	0.0	0.0	0.0	0.0	0.0	0.0	2664.91	0.0	0.0	0.0	0.0	0.0	0.0	0.0	0.0	30.283	0.0	0.0	0.0	0.0	0	0	0	0	50	0	0	0	0	0	0	0	0	0	0	0	0	0	0	0	0	0	38	0	0	0	0	0	0	0	0	0	0	0	0	0	0	0	0	0	0	0	0	0	0	0	0	0	0	0	0	0	0	0	0.0	0.0	0.0	0.0	0.000338	0.0	0.0	0.0	0.0	0.0	0.0	0.0	0.0	1.0	0.0	0.0	0.0	0.0	
91	91	2926.80112755	11355.401	11355.401	0.362242	0.063255	0	0	0	0	89	0	0	0	0	0.0	0.0	0.0	0.0	0.279055	0.0	0.0	0.0	0.0	0.0	0.0	0.0	0.0	2684.29	0.0	0.0	0.0	0.0	0.0	0.0	0.0	0.0	30.1606	0.0	0.0	0.0	0.0	0	0	0	0	50	0	0	0	0	0	0	0	0	0	0	0	0	0	0	0	0	0	39	0	0	0	0	0	0	0	0	0	0	0	0	0	0	0	0	0	0	0	0	0	0	0	0	0	0	0	0	0	0	0	0.0	0.0	0.0	0.0	0.000307	0.0	0.0	0.0	0.0	0.0	0.0	0.0	0.0	1.0	0.0	0.0	0.0	0.0	
92	92	2946.290666119	11355.401	11355.401	0.348917	0.056926	0	0	0	0	90	0	0	0	0	0.0	0.0	0.0	0.0	0.251149	0.0	0.0	0.0	0.0	0.0	0.0	0.0	0.0	2703.78	0.0	0.0	0.0	0.0	0.0	0.0	0.0	0.0	30.042	0.0	0.0	0.0	0.0	0	0	0	0	50	0	0	0	0	0	0	0	0	0	0	0	0	0	0	0	0	0	40	0	0	0	0	0	0	0	0	0	0	0	0	0	0	0	0	0	0	0	0	0	0	0	0	0	0	0	0	0	0	0	0.0	0.0	0.0	0.0	0.000278	0.0	0.0	0.0	0.0	0.0	0.0	0.0	0.0	1.0	0.0	0.0	0.0	0.0	
93	93	2961.582703044	11355.401	11355.401	0.336015	0.050994	0	0	0	0	91	0	0	0	0	0.0	0.0	0.0	0.0	0.226034	0.0	0.0	0.0	0.0	0.0	0.0	0.0	0.0	2719.07	0.0	0.0	0.0	0.0	0.0	0.0	0.0	0.0	29.8799	0.0	0.0	0.0	0.0	0	0	0	0	50	0	0	0	0	0	0	0	0	0	0	0	0	0	0	0	0	0	41	0	0	0	0	0	0	0	0	0	0	0	0	0	0	0	0	0	0	0	0	0	0	0	0	0	0	0	0	0	0	0	0.0	0.0	0.0	0.0	0.000253	0.0	0.0	0.0	0.0	0.0	0.0	0.0	0.0	1.0	0.0	0.0	0.0	0.0	
94	94	2979.62169203	11355.401	11355.401	0.326227	0.046638	0	0	0	0	92	0	0	0	0	0.0	0.0	0.0	0.0	0.203431	0.0	0.0	0.0	0.0	0.0	0.0	0.0	0.0	2737.11	0.0	0.0	0.0	0.0	0.0	0.0	0.0	0.0	29.7512	0.0	0.0	0.0	0.0	0	0	0	0	50	0	0	0	0	0	0	0	0	0	0	0	0	0	0	0	0	0	42	0	0	0	0	0	0	0	0	0	0	0	0	0	0	0	0	0	0	0	0	0	0	0	0	0	0	0	0	0	0	0	0.0	0.0	0.0	0.0	0.00023	0.0	0.0	0.0	0.0	0.0	0.0	0.0	0.0	1.0	0.0	0.0	0.0	0.0	
95	95	3073.49464404	11323.445	11323.445	0.315047	0.04183	0	0	0	0	93	0	0	0	0	0.0	0.0	0.0	0.0	0.283088	0.0	0.0	0.0	0.0	0.0	0.0	0.0	0.0	2830.99	0.0	0.0	0.0	0.0	0.0	0.0	0.0	0.0	30.4407	0.0	0.0	0.0	0.0	0	0	0	0	51	0	0	0	0	0	0	0	0	0	0	0	0	0	0	0	0	0	42	0	0	0	0	0	0	0	0	0	0	0	0	0	0	0	0	0	0	0	0	0	0	0	0	0	0	0	0	0	0	0	0.0	0.0	0.0	0.0	0.000306	0.0	0.0	0.0	0.0	0.0	0.0	0.0	0.0	1.0	0.0	0.0	0.0	0.0	
96	96	3089.542805327	11323.445	11323.445	0.262761	0.022243	0	0	0	0	94	0	0	0	0	0.0	0.0	0.0	0.0	0.254779	0.0	0.0	0.0	0.0	0.0	0.0	0.0	0.0	2847.03	0.0	0.0	0.0	0.0	0.0	0.0	0.0	0.0	30.2876	0.0	0.0	0.0	0.0	0	0	0	0	51	0	0	0	0	0	0	0	0	0	0	0	0	0	0	0	0	0	43	0	0	0	0	0	0	0	0	0	0	0	0	0	0	0	0	0	0	0	0	0	0	0	0	0	0	0	0	0	0	0	0.0	0.0	0.0	0.0	0.000278	0.0	0.0	0.0	0.0	0.0	0.0	0.0	0.0	1.0	0.0	0.0	0.0	0.0	
97	97	3104.722575464	11323.445	11323.445	0.254734	0.019729	0	0	0	0	95	0	0	0	0	0.0	0.0	0.0	0.0	0.229301	0.0	0.0	0.0	0.0	0.0	0.0	0.0	0.0	2862.21	0.0	0.0	0.0	0.0	0.0	0.0	0.0	0.0	30.1286	0.0	0.0	0.0	0.0	0	0	0	0	51	0	0	0	0	0	0	0	0	0	0	0	0	0	0	0	0	0	44	0	0	0	0	0	0	0	0	0	0	0	0	0	0	0	0	0	0	0	0	0	0	0	0	0	0	0	0	0	0	0	0.0	0.0	0.0	0.0	0.000253	0.0	0.0	0.0	0.0	0.0	0.0	0.0	0.0	1.0	0.0	0.0	0.0	0.0	
98	98	3120.607985798	11323.445	11323.445	0.247368	0.017552	0	0	0	0	96	0	0	0	0	0.0	0.0	0.0	0.0	0.206371	0.0	0.0	0.0	0.0	0.0	0.0	0.0	0.0	2878.1	0.0	0.0	0.0	0.0	0.0	0.0	0.0	0.0	29.9802	0.0	0.0	0.0	0.0	0	0	0	0	51	0	0	0	0	0	0	0	0	0	0	0	0	0	0	0	0	0	45	0	0	0	0	0	0	0	0	0	0	0	0	0	0	0	0	0	0	0	0	0	0	0	0	0	0	0	0	0	0	0	0.0	0.0	0.0	0.0	0.00023	0.0	0.0	0.0	0.0	0.0	0.0	0.0	0.0	1.0	0.0	0.0	0.0	0.0	
99	99	3135.942112673	11323.445	11323.445	0.239887	0.015473	0	0	0	0	97	0	0	0	0	0.0	0.0	0.0	0.0	0.185734	0.0	0.0	0.0	0.0	0.0	0.0	0.0	0.0	2893.43	0.0	0.0	0.0	0.0	0.0	0.0	0.0	0.0	29.8292	0.0	0.0	0.0	0.0	0	0	0	0	51	0	0	0	0	0	0	0	0	0	0	0	0	0	0	0	0	0	46	0	0	0	0	0	0	0	0	0	0	0	0	0	0	0	0	0	0	0	0	0	0	0	0	0	0	0	0	0	0	0	0.0	0.0	0.0	0.0	0.000209	0.0	0.0	0.0	0.0	0.0	0.0	0.0	0.0	1.0	0.0	0.0	0.0	0.0	
100	100	3151.311741385	11323.445	11323.445	0.23288	0.013649	0	0	0	0	98	0	0	0	0	0.0	0.0	0.0	0.0	0.167161	0.0	0.0	0.0	0.0	0.0	0.0	0.0	0.0	2908.8	0.0	0.0	0.0	0.0	0.0	0.0	0.0	0.0	29.6817	0.0	0.0	0.0	0.0	0	0	0	0	51	0	0	0	0	0	0	0	0	0	0	0	0	0	0	0	0	0	47	0	0	0	0	0	0	0	0	0	0	0	0	0	0	0	0	0	0	0	0	0	0	0	0	0	0	0	0	0	0	0	0.0	0.0	0.0	0.0	0.00019	0.0	0.0	0.0	0.0	0.0	0.0	0.0	0.0	1.0	0.0	0.0	0.0	0.0	
101	101	3166.615432844	11323.445	11323.445	0.226062	0.011991	0	0	0	0	99	0	0	0	0	0.0	0.0	0.0	0.0	0.150445	0.0	0.0	0.0	0.0	0.0	0.0	0.0	0.0	2924.11	0.0	0.0	0.0	0.0	0.0	0.0	0.0	0.0	29.5364	0.0	0.0	0.0	0.0	0	0	0	0	51	0	0	0	0	0	0	0	0	0	0	0	0	0	0	0	0	0	48	0	0	0	0	0	0	0	0	0	0	0	0	0	0	0	0	0	0	0	0	0	0	0	0	0	0	0	0	0	0	0	0.0	0.0	0.0	0.0	0.000172	0.0	0.0	0.0	0.0	0.0	0.0	0.0	0.0	1.0	0.0	0.0	0.0	0.0	
102	102	3183.616376599	11323.445	11323.445	0.219472	0.0105	0	0	0	0	100	0	0	0	0	0.0	0.0	0.0	0.0	0.1354	0.0	0.0	0.0	0.0	0.0	0.0	0.0	0.0	2941.11	0.0	0.0	0.0	0.0	0.0	0.0	0.0	0.0	29.4111	0.0	0.0	0.0	0.0	0	0	0	0	51	0	0	0	0	0	0	0	0	0	0	0	0	0	0	0	0	0	49	0	0	0	0	0	0	0	0	0	0	0	0	0	0	0	0	0	0	0	0	0	0	0	0	0	0	0	0	0	0	0	0.0	0.0	0.0	0.0	0.000157	0.0	0.0	0.0	0.0	0.0	0.0	0.0	0.0	1.0	0.0	0.0	0.0	0.0	
103	103	3202.609537385	11279.298	11279.298	0.212376	0.009017	0	0	0	0	101	0	0	0	0	0.0	0.0	0.0	0.0	0.22186	0.0	0.0	0.0	0.0	0.0	0.0	0.0	0.0	2960.1	0.0	0.0	0.0	0.0	0.0	0.0	0.0	0.0	29.3079	0.0	0.0	0.0	0.0	0	0	0	0	52	0	0	0	0	0	0	0	0	0	0	0	0	0	0	0	0	0	49	0	0	0	0	0	0	0	0	0	0	0	0	0	0	0	0	0	0	0	0	0	0	0	0	0	0	0	0	0	0	0	0.0	0.0	0.0	0.0	0.000258	0.0	0.0	0.0	0.0	0.0	0.0	0.0	0.0	1.0	0.0	0.0	0.0	0.0	
104	104	3218.94673486	11279.298	11279.298	0.20472	0.007561	0	0	0	0	102	0	0	0	0	0.0	0.0	0.0	0.0	0.199674	0.0	0.0	0.0	0.0	0.0	0.0	0.0	0.0	2976.44	0.0	0.0	0.0	0.0	0.0	0.0	0.0	0.0	29.1808	0.0	0.0	0.0	0.0	0	0	0	0	52	0	0	0	0	0	0	0	0	0	0	0	0	0	0	0	0	0	50	0	0	0	0	0	0	0	0	0	0	0	0	0	0	0	0	0	0	0	0	0	0	0	0	0	0	0	0	0	0	0	0.0	0.0	0.0	0.0	0.000234	0.0	0.0	0.0	0.0	0.0	0.0	0.0	0.0	1.0	0.0	0.0	0.0	0.0	
105	105	3239.525616695	11279.298	11279.298	0.198355	0.006464	0	0	0	0	103	0	0	0	0	0.0	0.0	0.0	0.0	0.179707	0.0	0.0	0.0	0.0	0.0	0.0	0.0	0.0	2997.02	0.0	0.0	0.0	0.0	0.0	0.0	0.0	0.0	29.0972	0.0	0.0	0.0	0.0	0	0	0	0	52	0	0	0	0	0	0	0	0	0	0	0	0	0	0	0	0	0	51	0	0	0	0	0	0	0	0	0	0	0	0	0	0	0	0	0	0	0	0	0	0	0	0	0	0	0	0	0	0	0	0.0	0.0	0.0	0.0	0.000212	0.0	0.0	0.0	0.0	0.0	0.0	0.0	0.0	1.0	0.0	0.0	0.0	0.0	
106	106	3260.09743802	11279.298	11279.298	0.190619	0.005268	0	0	0	0	104	0	0	0	0	0.0	0.0	0.0	0.0	0.161736	0.0	0.0	0.0	0.0	0.0	0.0	0.0	0.0	3017.59	0.0	0.0	0.0	0.0	0.0	0.0	0.0	0.0	29.0153	0.0	0.0	0.0	0.0	0	0	0	0	52	0	0	0	0	0	0	0	0	0	0	0	0	0	0	0	0	0	52	0	0	0	0	0	0	0	0	0	0	0	0	0	0	0	0	0	0	0	0	0	0	0	0	0	0	0	0	0	0	0	0.0	0.0	0.0	0.0	0.000192	0.0	0.0	0.0	0.0	0.0	0.0	0.0	0.0	1.0	0.0	0.0	0.0	0.0	
107	107	3283.237698183	11279.298	11279.298	0.183187	0.004258	0	0	0	0	105	0	0	0	0	0.0	0.0	0.0	0.0	0.145562	0.0	0.0	0.0	0.0	0.0	0.0	0.0	0.0	3040.73	0.0	0.0	0.0	0.0	0.0	0.0	0.0	0.0	28.9593	0.0	0.0	0.0	0.0	0	0	0	0	52	0	0	0	0	0	0	0	0	0	0	0	0	0	0	0	0	0	53	0	0	0	0	0	0	0	0	0	0	0	0	0	0	0	0	0	0	0	0	0	0	0	0	0	0	0	0	0	0	0	0.0	0.0	0.0	0.0	0.000174	0.0	0.0	0.0	0.0	0.0	0.0	0.0	0.0	1.0	0.0	0.0	0.0	0.0	
108	108	3303.614392959	11279.298	11279.298	0.175172	0.003317	0	0	0	0	106	0	0	0	0	0.0	0.0	0.0	0.0	0.131006	0.0	0.0	0.0	0.0	0.0	0.0	0.0	0.0	3061.11	0.0	0.0	0.0	0.0	0.0	0.0	0.0	0.0	28.8784	0.0	0.0	0.0	0.0	0	0	0	0	52	0	0	0	0	0	0	0	0	0	0	0	0	0	0	0	0	0	54	0	0	0	0	0	0	0	0	0	0	0	0	0	0	0	0	0	0	0	0	0	0	0	0	0	0	0	0	0	0	0	0.0	0.0	0.0	0.0	0.000157	0.0	0.0	0.0	0.0	0.0	0.0	0.0	0.0	1.0	0.0	0.0	0.0	0.0	
109	109	3332.906575479	11279.298	11279.298	0.168406	0.002637	0	0	0	0	107	0	0	0	0	0.0	0.0	0.0	0.0	0.117906	0.0	0.0	0.0	0.0	0.0	0.0	0.0	0.0	3090.4	0.0	0.0	0.0	0.0	0.0	0.0	0.0	0.0	28.8822	0.0	0.0	0.0	0.0	0	0	0	0	52	0	0	0	0	0	0	0	0	0	0	0	0	0	0	0	0	0	55	0	0	0	0	0	0	0	0	0	0	0	0	0	0	0	0	0	0	0	0	0	0	0	0	0	0	0	0	0	0	0	0.0	0.0	0.0	0.0	0.000141	0.0	0.0	0.0	0.0	0.0	0.0	0.0	0.0	1.0	0.0	0.0	0.0	0.0	
110	110	3353.685807403	11279.298	11279.298	0.159135	0.001866	0	0	0	0	108	0	0	0	0	0.0	0.0	0.0	0.0	0.106115	0.0	0.0	0.0	0.0	0.0	0.0	0.0	0.0	3111.18	0.0	0.0	0.0	0.0	0.0	0.0	0.0	0.0	28.8072	0.0	0.0	0.0	0.0	0	0	0	0	52	0	0	0	0	0	0	0	0	0	0	0	0	0	0	0	0	0	56	0	0	0	0	0	0	0	0	0	0	0	0	0	0	0	0	0	0	0	0	0	0	0	0	0	0	0	0	0	0	0	0.0	0.0	0.0	0.0	0.000128	0.0	0.0	0.0	0.0	0.0	0.0	0.0	0.0	1.0	0.0	0.0	0.0	0.0	
111	111	3372.658338293	11279.298	11279.298	0.152869	0.001442	0	0	0	0	109	0	0	0	0	0.0	0.0	0.0	0.0	0.095504	0.0	0.0	0.0	0.0	0.0	0.0	0.0	0.0	3130.15	0.0	0.0	0.0	0.0	0.0	0.0	0.0	0.0	28.717	0.0	0.0	0.0	0.0	0	0	0	0	52	0	0	0	0	0	0	0	0	0	0	0	0	0	0	0	0	0	57	0	0	0	0	0	0	0	0	0	0	0	0	0	0	0	0	0	0	0	0	0	0	0	0	0	0	0	0	0	0	0	0.0	0.0	0.0	0.0	0.000116	0.0	0.0	0.0	0.0	0.0	0.0	0.0	0.0	1.0	0.0	0.0	0.0	0.0	
112	112	3389.32669431	11279.298	11279.298	0.147364	0.00113	0	0	0	0	110	0	0	0	0	0.0	0.0	0.0	0.0	0.085953	0.0	0.0	0.0	0.0	0.0	0.0	0.0	0.0	3146.82	0.0	0.0	0.0	0.0	0.0	0.0	0.0	0.0	28.6074	0.0	0.0	0.0	0.0	0	0	0	0	52	0	0	0	0	0	0	0	0	0	0	0	0	0	0	0	0	0	58	0	0	0	0	0	0	0	0	0	0	0	0	0	0	0	0	0	0	0	0	0	0	0	0	0	0	0	0	0	0	0	0.0	0.0	0.0	0.0	0.000105	0.0	0.0	0.0	0.0	0.0	0.0	0.0	0.0	1.0	0.0	0.0	0.0	0.0	
113	113	3406.742146583	11279.298	11279.298	0.142691	0.000904	0	0	0	0	111	0	0	0	0	0.0	0.0	0.0	0.0	0.077358	0.0	0.0	0.0	0.0	0.0	0.0	0.0	0.0	3164.23	0.0	0.0	0.0	0.0	0.0	0.0	0.0	0.0	28.5066	0.0	0.0	0.0	0.0	0	0	0	0	52	0	0	0	0	0	0	0	0	0	0	0	0	0	0	0	0	0	59	0	0	0	0	0	0	0	0	0	0	0	0	0	0	0	0	0	0	0	0	0	0	0	0	0	0	0	0	0	0	0	0.0	0.0	0.0	0.0	9.5e-5	0.0	0.0	0.0	0.0	0.0	0.0	0.0	0.0	1.0	0.0	0.0	0.0	0.0	
114	114	3448.522848265	11279.298	11279.298	0.137967	0.000712	0	0	0	0	112	0	0	0	0	0.0	0.0	0.0	0.0	0.069622	0.0	0.0	0.0	0.0	0.0	0.0	0.0	0.0	3206.01	0.0	0.0	0.0	0.0	0.0	0.0	0.0	0.0	28.6251	0.0	0.0	0.0	0.0	0	0	0	0	52	0	0	0	0	0	0	0	0	0	0	0	0	0	0	0	0	0	60	0	0	0	0	0	0	0	0	0	0	0	0	0	0	0	0	0	0	0	0	0	0	0	0	0	0	0	0	0	0	0	0.0	0.0	0.0	0.0	8.5e-5	0.0	0.0	0.0	0.0	0.0	0.0	0.0	0.0	1.0	0.0	0.0	0.0	0.0	
115	115	3629.658393642	11268.298	11268.298	0.127261	0.000387	0	0	0	0	113	0	0	0	0	0.0	0.0	0.0	0.0	0.16266	0.0	0.0	0.0	0.0	0.0	0.0	0.0	0.0	3387.15	0.0	0.0	0.0	0.0	0.0	0.0	0.0	0.0	29.9748	0.0	0.0	0.0	0.0	0	0	0	0	53	0	0	0	0	0	0	0	0	0	0	0	0	0	0	0	0	0	60	0	0	0	0	0	0	0	0	0	0	0	0	0	0	0	0	0	0	0	0	0	0	0	0	0	0	0	0	0	0	0	0.0	0.0	0.0	0.0	0.000181	0.0	0.0	0.0	0.0	0.0	0.0	0.0	0.0	1.0	0.0	0.0	0.0	0.0	
116	116	3645.764366259	11268.298	11268.298	0.089664	1.4e-5	0	0	0	0	114	0	0	0	0	0.0	0.0	0.0	0.0	0.146394	0.0	0.0	0.0	0.0	0.0	0.0	0.0	0.0	3403.26	0.0	0.0	0.0	0.0	0.0	0.0	0.0	0.0	29.8531	0.0	0.0	0.0	0.0	0	0	0	0	53	0	0	0	0	0	0	0	0	0	0	0	0	0	0	0	0	0	61	0	0	0	0	0	0	0	0	0	0	0	0	0	0	0	0	0	0	0	0	0	0	0	0	0	0	0	0	0	0	0	0.0	0.0	0.0	0.0	0.000164	0.0	0.0	0.0	0.0	0.0	0.0	0.0	0.0	1.0	0.0	0.0	0.0	0.0	
117	117	3661.102895257	11268.298	11268.298	0.086915	1.0e-5	0	0	0	0	115	0	0	0	0	0.0	0.0	0.0	0.0	0.131754	0.0	0.0	0.0	0.0	0.0	0.0	0.0	0.0	3418.59	0.0	0.0	0.0	0.0	0.0	0.0	0.0	0.0	29.7269	0.0	0.0	0.0	0.0	0	0	0	0	53	0	0	0	0	0	0	0	0	0	0	0	0	0	0	0	0	0	62	0	0	0	0	0	0	0	0	0	0	0	0	0	0	0	0	0	0	0	0	0	0	0	0	0	0	0	0	0	0	0	0.0	0.0	0.0	0.0	0.000149	0.0	0.0	0.0	0.0	0.0	0.0	0.0	0.0	1.0	0.0	0.0	0.0	0.0	
118	118	3676.311459336	11268.298	11268.298	0.084376	7.0e-6	0	0	0	0	116	0	0	0	0	0.0	0.0	0.0	0.0	0.118579	0.0	0.0	0.0	0.0	0.0	0.0	0.0	0.0	3433.8	0.0	0.0	0.0	0.0	0.0	0.0	0.0	0.0	29.6017	0.0	0.0	0.0	0.0	0	0	0	0	53	0	0	0	0	0	0	0	0	0	0	0	0	0	0	0	0	0	63	0	0	0	0	0	0	0	0	0	0	0	0	0	0	0	0	0	0	0	0	0	0	0	0	0	0	0	0	0	0	0	0.0	0.0	0.0	0.0	0.000135	0.0	0.0	0.0	0.0	0.0	0.0	0.0	0.0	1.0	0.0	0.0	0.0	0.0	
119	119	3705.830111719	11268.298	11268.298	0.081931	5.0e-6	0	0	0	0	117	0	0	0	0	0.0	0.0	0.0	0.0	0.106721	0.0	0.0	0.0	0.0	0.0	0.0	0.0	0.0	3463.32	0.0	0.0	0.0	0.0	0.0	0.0	0.0	0.0	29.601	0.0	0.0	0.0	0.0	0	0	0	0	53	0	0	0	0	0	0	0	0	0	0	0	0	0	0	0	0	0	64	0	0	0	0	0	0	0	0	0	0	0	0	0	0	0	0	0	0	0	0	0	0	0	0	0	0	0	0	0	0	0	0.0	0.0	0.0	0.0	0.000122	0.0	0.0	0.0	0.0	0.0	0.0	0.0	0.0	1.0	0.0	0.0	0.0	0.0	
120	120	3726.022240347	11231.004	11231.004	0.077387	2.0e-6	0	0	0	0	118	0	0	0	0	0.0	0.0	0.0	0.0	0.196049	0.0	0.0	0.0	0.0	0.0	0.0	0.0	0.0	3483.51	0.0	0.0	0.0	0.0	0.0	0.0	0.0	0.0	29.5213	0.0	0.0	0.0	0.0	0	0	0	0	54	0	0	0	0	0	0	0	0	0	0	0	0	0	0	0	0	0	64	0	0	0	0	0	0	0	0	0	0	0	0	0	0	0	0	0	0	0	0	0	0	0	0	0	0	0	0	0	0	0	0.0	0.0	0.0	0.0	0.000225	0.0	0.0	0.0	0.0	0.0	0.0	0.0	0.0	1.0	0.0	0.0	0.0	0.0	
121	121	3750.471039568	11222.004	11222.004	0.074424	1.0e-6	0	0	0	0	119	0	0	0	0	0.0	0.0	0.0	0.0	0.276444	0.0	0.0	0.0	0.0	0.0	0.0	0.0	0.0	3507.96	0.0	0.0	0.0	0.0	0.0	0.0	0.0	0.0	29.4787	0.0	0.0	0.0	0.0	0	0	0	0	55	0	0	0	0	0	0	0	0	0	0	0	0	0	0	0	0	0	64	0	0	0	0	0	0	0	0	0	0	0	0	0	0	0	0	0	0	0	0	0	0	0	0	0	0	0	0	0	0	0	0.0	0.0	0.0	0.0	0.000318	0.0	0.0	0.0	0.0	0.0	0.0	0.0	0.0	1.0	0.0	0.0	0.0	0.0	
122	122	3774.234039279	11214.504	11214.504	0.070988	1.0e-6	0	0	0	0	120	0	0	0	0	0.0	0.0	0.0	0.0	0.3488	0.0	0.0	0.0	0.0	0.0	0.0	0.0	0.0	3531.72	0.0	0.0	0.0	0.0	0.0	0.0	0.0	0.0	29.431	0.0	0.0	0.0	0.0	0	0	0	0	56	0	0	0	0	0	0	0	0	0	0	0	0	0	0	0	0	0	64	0	0	0	0	0	0	0	0	0	0	0	0	0	0	0	0	0	0	0	0	0	0	0	0	0	0	0	0	0	0	0	0.0	0.0	0.0	0.0	0.000403	0.0	0.0	0.0	0.0	0.0	0.0	0.0	0.0	1.0	0.0	0.0	0.0	0.0	
123	123	3823.381383475	11213.004	11213.004	0.067801	0.0	0	0	0	0	121	0	0	0	0	0.0	0.0	0.0	0.0	0.41392	0.0	0.0	0.0	0.0	0.0	0.0	0.0	0.0	3580.87	0.0	0.0	0.0	0.0	0.0	0.0	0.0	0.0	29.594	0.0	0.0	0.0	0.0	0	0	0	0	57	0	0	0	0	0	0	0	0	0	0	0	0	0	0	0	0	0	64	0	0	0	0	0	0	0	0	0	0	0	0	0	0	0	0	0	0	0	0	0	0	0	0	0	0	0	0	0	0	0	0.0	0.0	0.0	0.0	0.000473	0.0	0.0	0.0	0.0	0.0	0.0	0.0	0.0	1.0	0.0	0.0	0.0	0.0	
124	124	3840.35672313	11213.004	11213.004	0.061656	0.0	0	0	0	0	122	0	0	0	0	0.0	0.0	0.0	0.0	0.372528	0.0	0.0	0.0	0.0	0.0	0.0	0.0	0.0	3597.85	0.0	0.0	0.0	0.0	0.0	0.0	0.0	0.0	29.4906	0.0	0.0	0.0	0.0	0	0	0	0	57	0	0	0	0	0	0	0	0	0	0	0	0	0	0	0	0	0	65	0	0	0	0	0	0	0	0	0	0	0	0	0	0	0	0	0	0	0	0	0	0	0	0	0	0	0	0	0	0	0	0.0	0.0	0.0	0.0	0.000428	0.0	0.0	0.0	0.0	0.0	0.0	0.0	0.0	1.0	0.0	0.0	0.0	0.0	
125	125	3865.466967949	11213.004	11213.004	0.059665	0.0	0	0	0	0	123	0	0	0	0	0.0	0.0	0.0	0.0	0.335275	0.0	0.0	0.0	0.0	0.0	0.0	0.0	0.0	3622.96	0.0	0.0	0.0	0.0	0.0	0.0	0.0	0.0	29.4549	0.0	0.0	0.0	0.0	0	0	0	0	57	0	0	0	0	0	0	0	0	0	0	0	0	0	0	0	0	0	66	0	0	0	0	0	0	0	0	0	0	0	0	0	0	0	0	0	0	0	0	0	0	0	0	0	0	0	0	0	0	0	0.0	0.0	0.0	0.0	0.000386	0.0	0.0	0.0	0.0	0.0	0.0	0.0	0.0	1.0	0.0	0.0	0.0	0.0	
126	126	3884.310531935	11213.004	11213.004	0.056838	0.0	0	0	0	0	124	0	0	0	0	0.0	0.0	0.0	0.0	0.301747	0.0	0.0	0.0	0.0	0.0	0.0	0.0	0.0	3641.8	0.0	0.0	0.0	0.0	0.0	0.0	0.0	0.0	29.3694	0.0	0.0	0.0	0.0	0	0	0	0	57	0	0	0	0	0	0	0	0	0	0	0	0	0	0	0	0	0	67	0	0	0	0	0	0	0	0	0	0	0	0	0	0	0	0	0	0	0	0	0	0	0	0	0	0	0	0	0	0	0	0.0	0.0	0.0	0.0	0.00035	0.0	0.0	0.0	0.0	0.0	0.0	0.0	0.0	1.0	0.0	0.0	0.0	0.0	
127	127	3900.742695829	11213.004	11213.004	0.054805	0.0	0	0	0	0	125	0	0	0	0	0.0	0.0	0.0	0.0	0.271573	0.0	0.0	0.0	0.0	0.0	0.0	0.0	0.0	3658.23	0.0	0.0	0.0	0.0	0.0	0.0	0.0	0.0	29.2659	0.0	0.0	0.0	0.0	0	0	0	0	57	0	0	0	0	0	0	0	0	0	0	0	0	0	0	0	0	0	68	0	0	0	0	0	0	0	0	0	0	0	0	0	0	0	0	0	0	0	0	0	0	0	0	0	0	0	0	0	0	0	0.0	0.0	0.0	0.0	0.000317	0.0	0.0	0.0	0.0	0.0	0.0	0.0	0.0	1.0	0.0	0.0	0.0	0.0	
128	128	3918.248390864	11213.004	11213.004	0.053091	0.0	0	0	0	0	126	0	0	0	0	0.0	0.0	0.0	0.0	0.244415	0.0	0.0	0.0	0.0	0.0	0.0	0.0	0.0	3675.74	0.0	0.0	0.0	0.0	0.0	0.0	0.0	0.0	29.1725	0.0	0.0	0.0	0.0	0	0	0	0	57	0	0	0	0	0	0	0	0	0	0	0	0	0	0	0	0	0	69	0	0	0	0	0	0	0	0	0	0	0	0	0	0	0	0	0	0	0	0	0	0	0	0	0	0	0	0	0	0	0	0.0	0.0	0.0	0.0	0.000287	0.0	0.0	0.0	0.0	0.0	0.0	0.0	0.0	1.0	0.0	0.0	0.0	0.0	
129	129	3934.432852127	11213.004	11213.004	0.051324	0.0	0	0	0	0	127	0	0	0	0	0.0	0.0	0.0	0.0	0.219974	0.0	0.0	0.0	0.0	0.0	0.0	0.0	0.0	3691.92	0.0	0.0	0.0	0.0	0.0	0.0	0.0	0.0	29.0703	0.0	0.0	0.0	0.0	0	0	0	0	57	0	0	0	0	0	0	0	0	0	0	0	0	0	0	0	0	0	70	0	0	0	0	0	0	0	0	0	0	0	0	0	0	0	0	0	0	0	0	0	0	0	0	0	0	0	0	0	0	0	0.0	0.0	0.0	0.0	0.00026	0.0	0.0	0.0	0.0	0.0	0.0	0.0	0.0	1.0	0.0	0.0	0.0	0.0	
130	130	3970.315579876	11192.577	11192.577	0.049744	0.0	0	0	0	0	128	0	0	0	0	0.0	0.0	0.0	0.0	0.297977	0.0	0.0	0.0	0.0	0.0	0.0	0.0	0.0	3727.81	0.0	0.0	0.0	0.0	0.0	0.0	0.0	0.0	29.1235	0.0	0.0	0.0	0.0	0	0	0	0	58	0	0	0	0	0	0	0	0	0	0	0	0	0	0	0	0	0	70	0	0	0	0	0	0	0	0	0	0	0	0	0	0	0	0	0	0	0	0	0	0	0	0	0	0	0	0	0	0	0	0.0	0.0	0.0	0.0	0.000351	0.0	0.0	0.0	0.0	0.0	0.0	0.0	0.0	1.0	0.0	0.0	0.0	0.0	
131	131	3997.159212892	11192.577	11192.577	0.04641	0.0	0	0	0	0	129	0	0	0	0	0.0	0.0	0.0	0.0	0.268179	0.0	0.0	0.0	0.0	0.0	0.0	0.0	0.0	3754.65	0.0	0.0	0.0	0.0	0.0	0.0	0.0	0.0	29.1058	0.0	0.0	0.0	0.0	0	0	0	0	58	0	0	0	0	0	0	0	0	0	0	0	0	0	0	0	0	0	71	0	0	0	0	0	0	0	0	0	0	0	0	0	0	0	0	0	0	0	0	0	0	0	0	0	0	0	0	0	0	0	0.0	0.0	0.0	0.0	0.000317	0.0	0.0	0.0	0.0	0.0	0.0	0.0	0.0	1.0	0.0	0.0	0.0	0.0	
132	132	4015.141972662	11183.063	11183.063	0.044063	0.0	0	0	0	0	130	0	0	0	0	0.0	0.0	0.0	0.0	0.341361	0.0	0.0	0.0	0.0	0.0	0.0	0.0	0.0	3772.63	0.0	0.0	0.0	0.0	0.0	0.0	0.0	0.0	29.0202	0.0	0.0	0.0	0.0	0	0	0	0	59	0	0	0	0	0	0	0	0	0	0	0	0	0	0	0	0	0	71	0	0	0	0	0	0	0	0	0	0	0	0	0	0	0	0	0	0	0	0	0	0	0	0	0	0	0	0	0	0	0	0.0	0.0	0.0	0.0	0.000405	0.0	0.0	0.0	0.0	0.0	0.0	0.0	0.0	1.0	0.0	0.0	0.0	0.0	
133	133	4030.259522256	11183.063	11183.063	0.042557	0.0	0	0	0	0	131	0	0	0	0	0.0	0.0	0.0	0.0	0.307225	0.0	0.0	0.0	0.0	0.0	0.0	0.0	0.0	3787.75	0.0	0.0	0.0	0.0	0.0	0.0	0.0	0.0	28.9141	0.0	0.0	0.0	0.0	0	0	0	0	59	0	0	0	0	0	0	0	0	0	0	0	0	0	0	0	0	0	72	0	0	0	0	0	0	0	0	0	0	0	0	0	0	0	0	0	0	0	0	0	0	0	0	0	0	0	0	0	0	0	0.0	0.0	0.0	0.0	0.000367	0.0	0.0	0.0	0.0	0.0	0.0	0.0	0.0	1.0	0.0	0.0	0.0	0.0	
134	134	4046.677709071	11183.063	11183.063	0.041332	0.0	0	0	0	0	132	0	0	0	0	0.0	0.0	0.0	0.0	0.276502	0.0	0.0	0.0	0.0	0.0	0.0	0.0	0.0	3804.17	0.0	0.0	0.0	0.0	0.0	0.0	0.0	0.0	28.8195	0.0	0.0	0.0	0.0	0	0	0	0	59	0	0	0	0	0	0	0	0	0	0	0	0	0	0	0	0	0	73	0	0	0	0	0	0	0	0	0	0	0	0	0	0	0	0	0	0	0	0	0	0	0	0	0	0	0	0	0	0	0	0.0	0.0	0.0	0.0	0.000333	0.0	0.0	0.0	0.0	0.0	0.0	0.0	0.0	1.0	0.0	0.0	0.0	0.0	
135	135	4092.457443575	11183.063	11183.063	0.04004	0.0	0	0	0	0	133	0	0	0	0	0.0	0.0	0.0	0.0	0.248852	0.0	0.0	0.0	0.0	0.0	0.0	0.0	0.0	3849.95	0.0	0.0	0.0	0.0	0.0	0.0	0.0	0.0	28.947	0.0	0.0	0.0	0.0	0	0	0	0	59	0	0	0	0	0	0	0	0	0	0	0	0	0	0	0	0	0	74	0	0	0	0	0	0	0	0	0	0	0	0	0	0	0	0	0	0	0	0	0	0	0	0	0	0	0	0	0	0	0	0.0	0.0	0.0	0.0	0.000297	0.0	0.0	0.0	0.0	0.0	0.0	0.0	0.0	1.0	0.0	0.0	0.0	0.0	
136	136	4109.611278079	11183.063	11183.063	0.036649	0.0	0	0	0	0	134	0	0	0	0	0.0	0.0	0.0	0.0	0.223967	0.0	0.0	0.0	0.0	0.0	0.0	0.0	0.0	3867.1	0.0	0.0	0.0	0.0	0.0	0.0	0.0	0.0	28.859	0.0	0.0	0.0	0.0	0	0	0	0	59	0	0	0	0	0	0	0	0	0	0	0	0	0	0	0	0	0	75	0	0	0	0	0	0	0	0	0	0	0	0	0	0	0	0	0	0	0	0	0	0	0	0	0	0	0	0	0	0	0	0.0	0.0	0.0	0.0	0.000269	0.0	0.0	0.0	0.0	0.0	0.0	0.0	0.0	1.0	0.0	0.0	0.0	0.0	
137	137	4124.806748216	11183.063	11183.063	0.035454	0.0	0	0	0	0	135	0	0	0	0	0.0	0.0	0.0	0.0	0.20157	0.0	0.0	0.0	0.0	0.0	0.0	0.0	0.0	3882.3	0.0	0.0	0.0	0.0	0.0	0.0	0.0	0.0	28.7578	0.0	0.0	0.0	0.0	0	0	0	0	59	0	0	0	0	0	0	0	0	0	0	0	0	0	0	0	0	0	76	0	0	0	0	0	0	0	0	0	0	0	0	0	0	0	0	0	0	0	0	0	0	0	0	0	0	0	0	0	0	0	0.0	0.0	0.0	0.0	0.000244	0.0	0.0	0.0	0.0	0.0	0.0	0.0	0.0	1.0	0.0	0.0	0.0	0.0	
138	138	4147.90524627	11183.063	11183.063	0.034427	0.0	0	0	0	0	136	0	0	0	0	0.0	0.0	0.0	0.0	0.181413	0.0	0.0	0.0	0.0	0.0	0.0	0.0	0.0	3905.4	0.0	0.0	0.0	0.0	0.0	0.0	0.0	0.0	28.7161	0.0	0.0	0.0	0.0	0	0	0	0	59	0	0	0	0	0	0	0	0	0	0	0	0	0	0	0	0	0	77	0	0	0	0	0	0	0	0	0	0	0	0	0	0	0	0	0	0	0	0	0	0	0	0	0	0	0	0	0	0	0	0.0	0.0	0.0	0.0	0.00022	0.0	0.0	0.0	0.0	0.0	0.0	0.0	0.0	1.0	0.0	0.0	0.0	0.0	
139	139	4165.480800547	11183.063	11183.063	0.032924	0.0	0	0	0	0	137	0	0	0	0	0.0	0.0	0.0	0.0	0.163272	0.0	0.0	0.0	0.0	0.0	0.0	0.0	0.0	3922.97	0.0	0.0	0.0	0.0	0.0	0.0	0.0	0.0	28.6348	0.0	0.0	0.0	0.0	0	0	0	0	59	0	0	0	0	0	0	0	0	0	0	0	0	0	0	0	0	0	78	0	0	0	0	0	0	0	0	0	0	0	0	0	0	0	0	0	0	0	0	0	0	0	0	0	0	0	0	0	0	0	0.0	0.0	0.0	0.0	0.000199	0.0	0.0	0.0	0.0	0.0	0.0	0.0	0.0	1.0	0.0	0.0	0.0	0.0	
140	140	4199.27052528	11183.063	11183.063	0.031824	0.0	0	0	0	0	138	0	0	0	0	0.0	0.0	0.0	0.0	0.146945	0.0	0.0	0.0	0.0	0.0	0.0	0.0	0.0	3956.76	0.0	0.0	0.0	0.0	0.0	0.0	0.0	0.0	28.6722	0.0	0.0	0.0	0.0	0	0	0	0	59	0	0	0	0	0	0	0	0	0	0	0	0	0	0	0	0	0	79	0	0	0	0	0	0	0	0	0	0	0	0	0	0	0	0	0	0	0	0	0	0	0	0	0	0	0	0	0	0	0	0.0	0.0	0.0	0.0	0.000179	0.0	0.0	0.0	0.0	0.0	0.0	0.0	0.0	1.0	0.0	0.0	0.0	0.0	
141	141	4219.745029557	11183.063	11183.063	0.029812	0.0	0	0	0	0	139	0	0	0	0	0.0	0.0	0.0	0.0	0.13225	0.0	0.0	0.0	0.0	0.0	0.0	0.0	0.0	3977.24	0.0	0.0	0.0	0.0	0.0	0.0	0.0	0.0	28.6132	0.0	0.0	0.0	0.0	0	0	0	0	59	0	0	0	0	0	0	0	0	0	0	0	0	0	0	0	0	0	80	0	0	0	0	0	0	0	0	0	0	0	0	0	0	0	0	0	0	0	0	0	0	0	0	0	0	0	0	0	0	0	0.0	0.0	0.0	0.0	0.000162	0.0	0.0	0.0	0.0	0.0	0.0	0.0	0.0	1.0	0.0	0.0	0.0	0.0	
142	142	4251.87044407	11183.063	11183.063	0.028655	0.0	0	0	0	0	140	0	0	0	0	0.0	0.0	0.0	0.0	0.119025	0.0	0.0	0.0	0.0	0.0	0.0	0.0	0.0	4009.36	0.0	0.0	0.0	0.0	0.0	0.0	0.0	0.0	28.6383	0.0	0.0	0.0	0.0	0	0	0	0	59	0	0	0	0	0	0	0	0	0	0	0	0	0	0	0	0	0	81	0	0	0	0	0	0	0	0	0	0	0	0	0	0	0	0	0	0	0	0	0	0	0	0	0	0	0	0	0	0	0	0.0	0.0	0.0	0.0	0.000145	0.0	0.0	0.0	0.0	0.0	0.0	0.0	0.0	1.0	0.0	0.0	0.0	0.0	
143	143	4267.765786854	11183.063	11183.063	0.026929	0.0	0	0	0	0	141	0	0	0	0	0.0	0.0	0.0	0.0	0.107123	0.0	0.0	0.0	0.0	0.0	0.0	0.0	0.0	4025.26	0.0	0.0	0.0	0.0	0.0	0.0	0.0	0.0	28.5479	0.0	0.0	0.0	0.0	0	0	0	0	59	0	0	0	0	0	0	0	0	0	0	0	0	0	0	0	0	0	82	0	0	0	0	0	0	0	0	0	0	0	0	0	0	0	0	0	0	0	0	0	0	0	0	0	0	0	0	0	0	0	0.0	0.0	0.0	0.0	0.000131	0.0	0.0	0.0	0.0	0.0	0.0	0.0	0.0	1.0	0.0	0.0	0.0	0.0	
144	144	4282.936806537	11183.063	11183.063	0.026114	0.0	0	0	0	0	142	0	0	0	0	0.0	0.0	0.0	0.0	0.09641	0.0	0.0	0.0	0.0	0.0	0.0	0.0	0.0	4040.43	0.0	0.0	0.0	0.0	0.0	0.0	0.0	0.0	28.4537	0.0	0.0	0.0	0.0	0	0	0	0	59	0	0	0	0	0	0	0	0	0	0	0	0	0	0	0	0	0	83	0	0	0	0	0	0	0	0	0	0	0	0	0	0	0	0	0	0	0	0	0	0	0	0	0	0	0	0	0	0	0	0.0	0.0	0.0	0.0	0.000119	0.0	0.0	0.0	0.0	0.0	0.0	0.0	0.0	1.0	0.0	0.0	0.0	0.0	
145	145	4298.181317293	11183.063	11183.063	0.02536	0.0	0	0	0	0	143	0	0	0	0	0.0	0.0	0.0	0.0	0.086769	0.0	0.0	0.0	0.0	0.0	0.0	0.0	0.0	4055.67	0.0	0.0	0.0	0.0	0.0	0.0	0.0	0.0	28.3613	0.0	0.0	0.0	0.0	0	0	0	0	59	0	0	0	0	0	0	0	0	0	0	0	0	0	0	0	0	0	84	0	0	0	0	0	0	0	0	0	0	0	0	0	0	0	0	0	0	0	0	0	0	0	0	0	0	0	0	0	0	0	0.0	0.0	0.0	0.0	0.000108	0.0	0.0	0.0	0.0	0.0	0.0	0.0	0.0	1.0	0.0	0.0	0.0	0.0	
146	146	4333.214037116	11183.063	11183.063	0.024623	0.0	0	0	0	0	144	0	0	0	0	0.0	0.0	0.0	0.0	0.078092	0.0	0.0	0.0	0.0	0.0	0.0	0.0	0.0	4090.7	0.0	0.0	0.0	0.0	0.0	0.0	0.0	0.0	28.4077	0.0	0.0	0.0	0.0	0	0	0	0	59	0	0	0	0	0	0	0	0	0	0	0	0	0	0	0	0	0	85	0	0	0	0	0	0	0	0	0	0	0	0	0	0	0	0	0	0	0	0	0	0	0	0	0	0	0	0	0	0	0	0.0	0.0	0.0	0.0	9.7e-5	0.0	0.0	0.0	0.0	0.0	0.0	0.0	0.0	1.0	0.0	0.0	0.0	0.0	
147	147	4362.14092095	11183.063	11183.063	0.023011	0.0	0	0	0	0	145	0	0	0	0	0.0	0.0	0.0	0.0	0.070283	0.0	0.0	0.0	0.0	0.0	0.0	0.0	0.0	4119.63	0.0	0.0	0.0	0.0	0.0	0.0	0.0	0.0	28.4112	0.0	0.0	0.0	0.0	0	0	0	0	59	0	0	0	0	0	0	0	0	0	0	0	0	0	0	0	0	0	86	0	0	0	0	0	0	0	0	0	0	0	0	0	0	0	0	0	0	0	0	0	0	0	0	0	0	0	0	0	0	0	0.0	0.0	0.0	0.0	8.7e-5	0.0	0.0	0.0	0.0	0.0	0.0	0.0	0.0	1.0	0.0	0.0	0.0	0.0	
148	148	4388.001097783	11183.063	11183.063	0.021759	0.0	0	0	0	0	146	0	0	0	0	0.0	0.0	0.0	0.0	0.063255	0.0	0.0	0.0	0.0	0.0	0.0	0.0	0.0	4145.49	0.0	0.0	0.0	0.0	0.0	0.0	0.0	0.0	28.3938	0.0	0.0	0.0	0.0	0	0	0	0	59	0	0	0	0	0	0	0	0	0	0	0	0	0	0	0	0	0	87	0	0	0	0	0	0	0	0	0	0	0	0	0	0	0	0	0	0	0	0	0	0	0	0	0	0	0	0	0	0	0	0.0	0.0	0.0	0.0	7.8e-5	0.0	0.0	0.0	0.0	0.0	0.0	0.0	0.0	1.0	0.0	0.0	0.0	0.0	
149	149	4403.628661782	11183.063	11183.063	0.020698	0.0	0	0	0	0	147	0	0	0	0	0.0	0.0	0.0	0.0	0.056929	0.0	0.0	0.0	0.0	0.0	0.0	0.0	0.0	4161.12	0.0	0.0	0.0	0.0	0.0	0.0	0.0	0.0	28.3069	0.0	0.0	0.0	0.0	0	0	0	0	59	0	0	0	0	0	0	0	0	0	0	0	0	0	0	0	0	0	88	0	0	0	0	0	0	0	0	0	0	0	0	0	0	0	0	0	0	0	0	0	0	0	0	0	0	0	0	0	0	0	0.0	0.0	0.0	0.0	7.1e-5	0.0	0.0	0.0	0.0	0.0	0.0	0.0	0.0	1.0	0.0	0.0	0.0	0.0	
150	150	4420.307159028	11183.063	11183.063	0.020082	0.0	0	0	0	0	148	0	0	0	0	0.0	0.0	0.0	0.0	0.051236	0.0	0.0	0.0	0.0	0.0	0.0	0.0	0.0	4177.8	0.0	0.0	0.0	0.0	0.0	0.0	0.0	0.0	28.2284	0.0	0.0	0.0	0.0	0	0	0	0	59	0	0	0	0	0	0	0	0	0	0	0	0	0	0	0	0	0	89	0	0	0	0	0	0	0	0	0	0	0	0	0	0	0	0	0	0	0	0	0	0	0	0	0	0	0	0	0	0	0	0.0	0.0	0.0	0.0	6.4e-5	0.0	0.0	0.0	0.0	0.0	0.0	0.0	0.0	1.0	0.0	0.0	0.0	0.0	
151	151	4437.318850687	11183.063	11183.063	0.019445	0.0	0	0	0	0	149	0	0	0	0	0.0	0.0	0.0	0.0	0.046113	0.0	0.0	0.0	0.0	0.0	0.0	0.0	0.0	4194.81	0.0	0.0	0.0	0.0	0.0	0.0	0.0	0.0	28.1531	0.0	0.0	0.0	0.0	0	0	0	0	59	0	0	0	0	0	0	0	0	0	0	0	0	0	0	0	0	0	90	0	0	0	0	0	0	0	0	0	0	0	0	0	0	0	0	0	0	0	0	0	0	0	0	0	0	0	0	0	0	0	0.0	0.0	0.0	0.0	5.8e-5	0.0	0.0	0.0	0.0	0.0	0.0	0.0	0.0	1.0	0.0	0.0	0.0	0.0	
152	152	4618.422652669	11153.68	11153.68	0.018816	0.0	0	0	0	0	150	0	0	0	0	0.0	0.0	0.0	0.0	0.141502	0.0	0.0	0.0	0.0	0.0	0.0	0.0	0.0	4375.91	0.0	0.0	0.0	0.0	0.0	0.0	0.0	0.0	29.1728	0.0	0.0	0.0	0.0	0	0	0	0	60	0	0	0	0	0	0	0	0	0	0	0	0	0	0	0	0	0	90	0	0	0	0	0	0	0	0	0	0	0	0	0	0	0	0	0	0	0	0	0	0	0	0	0	0	0	0	0	0	0	0.0	0.0	0.0	0.0	0.000166	0.0	0.0	0.0	0.0	0.0	0.0	0.0	0.0	1.0	0.0	0.0	0.0	0.0	
153	153	4636.341115835	11153.68	11153.68	0.013258	0.0	0	0	0	0	151	0	0	0	0	0.0	0.0	0.0	0.0	0.127351	0.0	0.0	0.0	0.0	0.0	0.0	0.0	0.0	4393.83	0.0	0.0	0.0	0.0	0.0	0.0	0.0	0.0	29.0982	0.0	0.0	0.0	0.0	0	0	0	0	60	0	0	0	0	0	0	0	0	0	0	0	0	0	0	0	0	0	91	0	0	0	0	0	0	0	0	0	0	0	0	0	0	0	0	0	0	0	0	0	0	0	0	0	0	0	0	0	0	0	0.0	0.0	0.0	0.0	0.00015	0.0	0.0	0.0	0.0	0.0	0.0	0.0	0.0	1.0	0.0	0.0	0.0	0.0	
154	154	4660.699788861	11153.68	11153.68	0.012806	0.0	0	0	0	0	152	0	0	0	0	0.0	0.0	0.0	0.0	0.114616	0.0	0.0	0.0	0.0	0.0	0.0	0.0	0.0	4418.19	0.0	0.0	0.0	0.0	0.0	0.0	0.0	0.0	29.067	0.0	0.0	0.0	0.0	0	0	0	0	60	0	0	0	0	0	0	0	0	0	0	0	0	0	0	0	0	0	92	0	0	0	0	0	0	0	0	0	0	0	0	0	0	0	0	0	0	0	0	0	0	0	0	0	0	0	0	0	0	0	0.0	0.0	0.0	0.0	0.000136	0.0	0.0	0.0	0.0	0.0	0.0	0.0	0.0	1.0	0.0	0.0	0.0	0.0	
155	155	4690.7517728	11153.68	11153.68	0.012217	0.0	0	0	0	0	153	0	0	0	0	0.0	0.0	0.0	0.0	0.103155	0.0	0.0	0.0	0.0	0.0	0.0	0.0	0.0	4448.24	0.0	0.0	0.0	0.0	0.0	0.0	0.0	0.0	29.0735	0.0	0.0	0.0	0.0	0	0	0	0	60	0	0	0	0	0	0	0	0	0	0	0	0	0	0	0	0	0	93	0	0	0	0	0	0	0	0	0	0	0	0	0	0	0	0	0	0	0	0	0	0	0	0	0	0	0	0	0	0	0	0.0	0.0	0.0	0.0	0.000122	0.0	0.0	0.0	0.0	0.0	0.0	0.0	0.0	1.0	0.0	0.0	0.0	0.0	
156	156	4710.072683613	11153.68	11153.68	0.011528	0.0	0	0	0	0	154	0	0	0	0	0.0	0.0	0.0	0.0	0.092839	0.0	0.0	0.0	0.0	0.0	0.0	0.0	0.0	4467.56	0.0	0.0	0.0	0.0	0.0	0.0	0.0	0.0	29.0101	0.0	0.0	0.0	0.0	0	0	0	0	60	0	0	0	0	0	0	0	0	0	0	0	0	0	0	0	0	0	94	0	0	0	0	0	0	0	0	0	0	0	0	0	0	0	0	0	0	0	0	0	0	0	0	0	0	0	0	0	0	0	0.0	0.0	0.0	0.0	0.00011	0.0	0.0	0.0	0.0	0.0	0.0	0.0	0.0	1.0	0.0	0.0	0.0	0.0	
157	157	4725.322192092	11153.68	11153.68	0.011105	0.0	0	0	0	0	155	0	0	0	0	0.0	0.0	0.0	0.0	0.083555	0.0	0.0	0.0	0.0	0.0	0.0	0.0	0.0	4482.81	0.0	0.0	0.0	0.0	0.0	0.0	0.0	0.0	28.9214	0.0	0.0	0.0	0.0	0	0	0	0	60	0	0	0	0	0	0	0	0	0	0	0	0	0	0	0	0	0	95	0	0	0	0	0	0	0	0	0	0	0	0	0	0	0	0	0	0	0	0	0	0	0	0	0	0	0	0	0	0	0	0.0	0.0	0.0	0.0	0.0001	0.0	0.0	0.0	0.0	0.0	0.0	0.0	0.0	1.0	0.0	0.0	0.0	0.0	
158	158	4745.098756528	11153.68	11153.68	0.010783	0.0	0	0	0	0	156	0	0	0	0	0.0	0.0	0.0	0.0	0.0752	0.0	0.0	0.0	0.0	0.0	0.0	0.0	0.0	4502.59	0.0	0.0	0.0	0.0	0.0	0.0	0.0	0.0	28.8627	0.0	0.0	0.0	0.0	0	0	0	0	60	0	0	0	0	0	0	0	0	0	0	0	0	0	0	0	0	0	96	0	0	0	0	0	0	0	0	0	0	0	0	0	0	0	0	0	0	0	0	0	0	0	0	0	0	0	0	0	0	0	0.0	0.0	0.0	0.0	9.0e-5	0.0	0.0	0.0	0.0	0.0	0.0	0.0	0.0	1.0	0.0	0.0	0.0	0.0	
159	159	4763.452683587	11153.68	11153.68	0.010378	0.0	0	0	0	0	157	0	0	0	0	0.0	0.0	0.0	0.0	0.06768	0.0	0.0	0.0	0.0	0.0	0.0	0.0	0.0	4520.94	0.0	0.0	0.0	0.0	0.0	0.0	0.0	0.0	28.7958	0.0	0.0	0.0	0.0	0	0	0	0	60	0	0	0	0	0	0	0	0	0	0	0	0	0	0	0	0	0	97	0	0	0	0	0	0	0	0	0	0	0	0	0	0	0	0	0	0	0	0	0	0	0	0	0	0	0	0	0	0	0	0.0	0.0	0.0	0.0	8.2e-5	0.0	0.0	0.0	0.0	0.0	0.0	0.0	0.0	1.0	0.0	0.0	0.0	0.0	
160	160	4784.962537079	11152.68	11152.68	0.010016	0.0	0	0	0	0	158	0	0	0	0	0.0	0.0	0.0	0.0	0.160912	0.0	0.0	0.0	0.0	0.0	0.0	0.0	0.0	4542.45	0.0	0.0	0.0	0.0	0.0	0.0	0.0	0.0	28.7497	0.0	0.0	0.0	0.0	0	0	0	0	61	0	0	0	0	0	0	0	0	0	0	0	0	0	0	0	0	0	97	0	0	0	0	0	0	0	0	0	0	0	0	0	0	0	0	0	0	0	0	0	0	0	0	0	0	0	0	0	0	0	0.0	0.0	0.0	0.0	0.000195	0.0	0.0	0.0	0.0	0.0	0.0	0.0	0.0	1.0	0.0	0.0	0.0	0.0	
161	161	4810.858182909	11152.68	11152.68	0.009608	0.0	0	0	0	0	159	0	0	0	0	0.0	0.0	0.0	0.0	0.144821	0.0	0.0	0.0	0.0	0.0	0.0	0.0	0.0	4568.35	0.0	0.0	0.0	0.0	0.0	0.0	0.0	0.0	28.7317	0.0	0.0	0.0	0.0	0	0	0	0	61	0	0	0	0	0	0	0	0	0	0	0	0	0	0	0	0	0	98	0	0	0	0	0	0	0	0	0	0	0	0	0	0	0	0	0	0	0	0	0	0	0	0	0	0	0	0	0	0	0	0.0	0.0	0.0	0.0	0.000175	0.0	0.0	0.0	0.0	0.0	0.0	0.0	0.0	1.0	0.0	0.0	0.0	0.0	
162	162	4828.59823188	11152.68	11152.68	0.009139	0.0	0	0	0	0	160	0	0	0	0	0.0	0.0	0.0	0.0	0.130339	0.0	0.0	0.0	0.0	0.0	0.0	0.0	0.0	4586.09	0.0	0.0	0.0	0.0	0.0	0.0	0.0	0.0	28.663	0.0	0.0	0.0	0.0	0	0	0	0	61	0	0	0	0	0	0	0	0	0	0	0	0	0	0	0	0	0	99	0	0	0	0	0	0	0	0	0	0	0	0	0	0	0	0	0	0	0	0	0	0	0	0	0	0	0	0	0	0	0	0.0	0.0	0.0	0.0	0.000159	0.0	0.0	0.0	0.0	0.0	0.0	0.0	0.0	1.0	0.0	0.0	0.0	0.0	
163	163	4846.04498138	11152.68	11152.68	0.008831	0.0	0	0	0	0	161	0	0	0	0	0.0	0.0	0.0	0.0	0.117305	0.0	0.0	0.0	0.0	0.0	0.0	0.0	0.0	4603.53	0.0	0.0	0.0	0.0	0.0	0.0	0.0	0.0	28.5934	0.0	0.0	0.0	0.0	0	0	0	0	61	0	0	0	0	0	0	0	0	0	0	0	0	0	0	0	0	0	100	0	0	0	0	0	0	0	0	0	0	0	0	0	0	0	0	0	0	0	0	0	0	0	0	0	0	0	0	0	0	0	0.0	0.0	0.0	0.0	0.000143	0.0	0.0	0.0	0.0	0.0	0.0	0.0	0.0	1.0	0.0	0.0	0.0	0.0	
164	164	4865.340773903	11152.68	11152.68	0.008538	0.0	0	0	0	0	162	0	0	0	0	0.0	0.0	0.0	0.0	0.105574	0.0	0.0	0.0	0.0	0.0	0.0	0.0	0.0	4622.83	0.0	0.0	0.0	0.0	0.0	0.0	0.0	0.0	28.536	0.0	0.0	0.0	0.0	0	0	0	0	61	0	0	0	0	0	0	0	0	0	0	0	0	0	0	0	0	0	101	0	0	0	0	0	0	0	0	0	0	0	0	0	0	0	0	0	0	0	0	0	0	0	0	0	0	0	0	0	0	0	0.0	0.0	0.0	0.0	0.00013	0.0	0.0	0.0	0.0	0.0	0.0	0.0	0.0	1.0	0.0	0.0	0.0	0.0	
165	165	4905.992475857	11143.68	11143.68	0.008226	0.0	0	0	0	0	163	0	0	0	0	0.0	0.0	0.0	0.0	0.195017	0.0	0.0	0.0	0.0	0.0	0.0	0.0	0.0	4663.48	0.0	0.0	0.0	0.0	0.0	0.0	0.0	0.0	28.6103	0.0	0.0	0.0	0.0	0	0	0	0	62	0	0	0	0	0	0	0	0	0	0	0	0	0	0	0	0	0	101	0	0	0	0	0	0	0	0	0	0	0	0	0	0	0	0	0	0	0	0	0	0	0	0	0	0	0	0	0	0	0	0.0	0.0	0.0	0.0	0.000238	0.0	0.0	0.0	0.0	0.0	0.0	0.0	0.0	1.0	0.0	0.0	0.0	0.0	
166	166	4925.364520122	11143.68	11143.68	0.007604	0.0	0	0	0	0	164	0	0	0	0	0.0	0.0	0.0	0.0	0.175515	0.0	0.0	0.0	0.0	0.0	0.0	0.0	0.0	4682.85	0.0	0.0	0.0	0.0	0.0	0.0	0.0	0.0	28.554	0.0	0.0	0.0	0.0	0	0	0	0	62	0	0	0	0	0	0	0	0	0	0	0	0	0	0	0	0	0	102	0	0	0	0	0	0	0	0	0	0	0	0	0	0	0	0	0	0	0	0	0	0	0	0	0	0	0	0	0	0	0	0.0	0.0	0.0	0.0	0.000215	0.0	0.0	0.0	0.0	0.0	0.0	0.0	0.0	1.0	0.0	0.0	0.0	0.0	
167	167	4944.879394843	11143.68	11143.68	0.007324	0.0	0	0	0	0	165	0	0	0	0	0.0	0.0	0.0	0.0	0.157964	0.0	0.0	0.0	0.0	0.0	0.0	0.0	0.0	4702.37	0.0	0.0	0.0	0.0	0.0	0.0	0.0	0.0	28.4992	0.0	0.0	0.0	0.0	0	0	0	0	62	0	0	0	0	0	0	0	0	0	0	0	0	0	0	0	0	0	103	0	0	0	0	0	0	0	0	0	0	0	0	0	0	0	0	0	0	0	0	0	0	0	0	0	0	0	0	0	0	0	0.0	0.0	0.0	0.0	0.000194	0.0	0.0	0.0	0.0	0.0	0.0	0.0	0.0	1.0	0.0	0.0	0.0	0.0	
168	168	4992.095051154	11143.68	11143.68	0.007053	0.0	0	0	0	0	166	0	0	0	0	0.0	0.0	0.0	0.0	0.142167	0.0	0.0	0.0	0.0	0.0	0.0	0.0	0.0	4749.58	0.0	0.0	0.0	0.0	0.0	0.0	0.0	0.0	28.612	0.0	0.0	0.0	0.0	0	0	0	0	62	0	0	0	0	0	0	0	0	0	0	0	0	0	0	0	0	0	104	0	0	0	0	0	0	0	0	0	0	0	0	0	0	0	0	0	0	0	0	0	0	0	0	0	0	0	0	0	0	0	0.0	0.0	0.0	0.0	0.000174	0.0	0.0	0.0	0.0	0.0	0.0	0.0	0.0	1.0	0.0	0.0	0.0	0.0	
169	169	5011.143544246	11143.68	11143.68	0.006438	0.0	0	0	0	0	167	0	0	0	0	0.0	0.0	0.0	0.0	0.127951	0.0	0.0	0.0	0.0	0.0	0.0	0.0	0.0	4768.63	0.0	0.0	0.0	0.0	0.0	0.0	0.0	0.0	28.5547	0.0	0.0	0.0	0.0	0	0	0	0	62	0	0	0	0	0	0	0	0	0	0	0	0	0	0	0	0	0	105	0	0	0	0	0	0	0	0	0	0	0	0	0	0	0	0	0	0	0	0	0	0	0	0	0	0	0	0	0	0	0	0.0	0.0	0.0	0.0	0.000157	0.0	0.0	0.0	0.0	0.0	0.0	0.0	0.0	1.0	0.0	0.0	0.0	0.0	
170	170	5052.631437942	11143.68	11143.68	0.006205	0.0	0	0	0	0	168	0	0	0	0	0.0	0.0	0.0	0.0	0.115155	0.0	0.0	0.0	0.0	0.0	0.0	0.0	0.0	4810.12	0.0	0.0	0.0	0.0	0.0	0.0	0.0	0.0	28.6317	0.0	0.0	0.0	0.0	0	0	0	0	62	0	0	0	0	0	0	0	0	0	0	0	0	0	0	0	0	0	106	0	0	0	0	0	0	0	0	0	0	0	0	0	0	0	0	0	0	0	0	0	0	0	0	0	0	0	0	0	0	0	0.0	0.0	0.0	0.0	0.00014	0.0	0.0	0.0	0.0	0.0	0.0	0.0	0.0	1.0	0.0	0.0	0.0	0.0	
171	171	5071.612377748	11143.68	11143.68	0.005727	0.0	0	0	0	0	169	0	0	0	0	0.0	0.0	0.0	0.0	0.10364	0.0	0.0	0.0	0.0	0.0	0.0	0.0	0.0	4829.1	0.0	0.0	0.0	0.0	0.0	0.0	0.0	0.0	28.5746	0.0	0.0	0.0	0.0	0	0	0	0	62	0	0	0	0	0	0	0	0	0	0	0	0	0	0	0	0	0	107	0	0	0	0	0	0	0	0	0	0	0	0	0	0	0	0	0	0	0	0	0	0	0	0	0	0	0	0	0	0	0	0.0	0.0	0.0	0.0	0.000127	0.0	0.0	0.0	0.0	0.0	0.0	0.0	0.0	1.0	0.0	0.0	0.0	0.0	
172	172	5089.908952393	11143.68	11143.68	0.005521	0.0	0	0	0	0	170	0	0	0	0	0.0	0.0	0.0	0.0	0.093276	0.0	0.0	0.0	0.0	0.0	0.0	0.0	0.0	4847.4	0.0	0.0	0.0	0.0	0.0	0.0	0.0	0.0	28.5141	0.0	0.0	0.0	0.0	0	0	0	0	62	0	0	0	0	0	0	0	0	0	0	0	0	0	0	0	0	0	108	0	0	0	0	0	0	0	0	0	0	0	0	0	0	0	0	0	0	0	0	0	0	0	0	0	0	0	0	0	0	0	0.0	0.0	0.0	0.0	0.000115	0.0	0.0	0.0	0.0	0.0	0.0	0.0	0.0	1.0	0.0	0.0	0.0	0.0	
173	173	5111.009277108	11143.68	11143.68	0.005329	0.0	0	0	0	0	171	0	0	0	0	0.0	0.0	0.0	0.0	0.083948	0.0	0.0	0.0	0.0	0.0	0.0	0.0	0.0	4868.5	0.0	0.0	0.0	0.0	0.0	0.0	0.0	0.0	28.4708	0.0	0.0	0.0	0.0	0	0	0	0	62	0	0	0	0	0	0	0	0	0	0	0	0	0	0	0	0	0	109	0	0	0	0	0	0	0	0	0	0	0	0	0	0	0	0	0	0	0	0	0	0	0	0	0	0	0	0	0	0	0	0.0	0.0	0.0	0.0	0.000104	0.0	0.0	0.0	0.0	0.0	0.0	0.0	0.0	1.0	0.0	0.0	0.0	0.0	
174	174	5133.37293001	11143.68	11143.68	0.005116	0.0	0	0	0	0	172	0	0	0	0	0.0	0.0	0.0	0.0	0.075554	0.0	0.0	0.0	0.0	0.0	0.0	0.0	0.0	4890.86	0.0	0.0	0.0	0.0	0.0	0.0	0.0	0.0	28.4352	0.0	0.0	0.0	0.0	0	0	0	0	62	0	0	0	0	0	0	0	0	0	0	0	0	0	0	0	0	0	110	0	0	0	0	0	0	0	0	0	0	0	0	0	0	0	0	0	0	0	0	0	0	0	0	0	0	0	0	0	0	0	0.0	0.0	0.0	0.0	9.3e-5	0.0	0.0	0.0	0.0	0.0	0.0	0.0	0.0	1.0	0.0	0.0	0.0	0.0	
175	175	5153.740204446	11143.68	11143.68	0.004899	0.0	0	0	0	0	173	0	0	0	0	0.0	0.0	0.0	0.0	0.067998	0.0	0.0	0.0	0.0	0.0	0.0	0.0	0.0	4911.23	0.0	0.0	0.0	0.0	0.0	0.0	0.0	0.0	28.3886	0.0	0.0	0.0	0.0	0	0	0	0	62	0	0	0	0	0	0	0	0	0	0	0	0	0	0	0	0	0	111	0	0	0	0	0	0	0	0	0	0	0	0	0	0	0	0	0	0	0	0	0	0	0	0	0	0	0	0	0	0	0	0.0	0.0	0.0	0.0	8.4e-5	0.0	0.0	0.0	0.0	0.0	0.0	0.0	0.0	1.0	0.0	0.0	0.0	0.0	
176	176	5188.893310019	11143.68	11143.68	0.00471	0.0	0	0	0	0	174	0	0	0	0	0.0	0.0	0.0	0.0	0.061198	0.0	0.0	0.0	0.0	0.0	0.0	0.0	0.0	4946.38	0.0	0.0	0.0	0.0	0.0	0.0	0.0	0.0	28.4275	0.0	0.0	0.0	0.0	0	0	0	0	62	0	0	0	0	0	0	0	0	0	0	0	0	0	0	0	0	0	112	0	0	0	0	0	0	0	0	0	0	0	0	0	0	0	0	0	0	0	0	0	0	0	0	0	0	0	0	0	0	0	0.0	0.0	0.0	0.0	7.6e-5	0.0	0.0	0.0	0.0	0.0	0.0	0.0	0.0	1.0	0.0	0.0	0.0	0.0	
177	177	5211.371178417	11140.68	11140.68	0.004401	0.0	0	0	0	0	175	0	0	0	0	0.0	0.0	0.0	0.0	0.155079	0.0	0.0	0.0	0.0	0.0	0.0	0.0	0.0	4968.86	0.0	0.0	0.0	0.0	0.0	0.0	0.0	0.0	28.3935	0.0	0.0	0.0	0.0	0	0	0	0	63	0	0	0	0	0	0	0	0	0	0	0	0	0	0	0	0	0	112	0	0	0	0	0	0	0	0	0	0	0	0	0	0	0	0	0	0	0	0	0	0	0	0	0	0	0	0	0	0	0	0.0	0.0	0.0	0.0	0.000192	0.0	0.0	0.0	0.0	0.0	0.0	0.0	0.0	1.0	0.0	0.0	0.0	0.0	
178	178	5227.160291715	11140.68	11140.68	0.004214	0.0	0	0	0	0	176	0	0	0	0	0.0	0.0	0.0	0.0	0.139571	0.0	0.0	0.0	0.0	0.0	0.0	0.0	0.0	4984.65	0.0	0.0	0.0	0.0	0.0	0.0	0.0	0.0	28.3219	0.0	0.0	0.0	0.0	0	0	0	0	63	0	0	0	0	0	0	0	0	0	0	0	0	0	0	0	0	0	113	0	0	0	0	0	0	0	0	0	0	0	0	0	0	0	0	0	0	0	0	0	0	0	0	0	0	0	0	0	0	0	0.0	0.0	0.0	0.0	0.000174	0.0	0.0	0.0	0.0	0.0	0.0	0.0	0.0	1.0	0.0	0.0	0.0	0.0	
179	179	5244.532806724	11140.68	11140.68	0.004087	0.0	0	0	0	0	177	0	0	0	0	0.0	0.0	0.0	0.0	0.125614	0.0	0.0	0.0	0.0	0.0	0.0	0.0	0.0	5002.02	0.0	0.0	0.0	0.0	0.0	0.0	0.0	0.0	28.26	0.0	0.0	0.0	0.0	0	0	0	0	63	0	0	0	0	0	0	0	0	0	0	0	0	0	0	0	0	0	114	0	0	0	0	0	0	0	0	0	0	0	0	0	0	0	0	0	0	0	0	0	0	0	0	0	0	0	0	0	0	0	0.0	0.0	0.0	0.0	0.000157	0.0	0.0	0.0	0.0	0.0	0.0	0.0	0.0	1.0	0.0	0.0	0.0	0.0	
180	180	5264.495232937	11140.68	11140.68	0.003952	0.0	0	0	0	0	178	0	0	0	0	0.0	0.0	0.0	0.0	0.113052	0.0	0.0	0.0	0.0	0.0	0.0	0.0	0.0	5021.98	0.0	0.0	0.0	0.0	0.0	0.0	0.0	0.0	28.2134	0.0	0.0	0.0	0.0	0	0	0	0	63	0	0	0	0	0	0	0	0	0	0	0	0	0	0	0	0	0	115	0	0	0	0	0	0	0	0	0	0	0	0	0	0	0	0	0	0	0	0	0	0	0	0	0	0	0	0	0	0	0	0.0	0.0	0.0	0.0	0.000142	0.0	0.0	0.0	0.0	0.0	0.0	0.0	0.0	1.0	0.0	0.0	0.0	0.0	
181	181	5279.650166404	11140.68	11140.68	0.003802	0.0	0	0	0	0	179	0	0	0	0	0.0	0.0	0.0	0.0	0.101747	0.0	0.0	0.0	0.0	0.0	0.0	0.0	0.0	5037.14	0.0	0.0	0.0	0.0	0.0	0.0	0.0	0.0	28.1404	0.0	0.0	0.0	0.0	0	0	0	0	63	0	0	0	0	0	0	0	0	0	0	0	0	0	0	0	0	0	116	0	0	0	0	0	0	0	0	0	0	0	0	0	0	0	0	0	0	0	0	0	0	0	0	0	0	0	0	0	0	0	0.0	0.0	0.0	0.0	0.000128	0.0	0.0	0.0	0.0	0.0	0.0	0.0	0.0	1.0	0.0	0.0	0.0	0.0	
182	182	5297.207427697	11140.68	11140.68	0.003693	0.0	0	0	0	0	180	0	0	0	0	0.0	0.0	0.0	0.0	0.091572	0.0	0.0	0.0	0.0	0.0	0.0	0.0	0.0	5054.7	0.0	0.0	0.0	0.0	0.0	0.0	0.0	0.0	28.0816	0.0	0.0	0.0	0.0	0	0	0	0	63	0	0	0	0	0	0	0	0	0	0	0	0	0	0	0	0	0	117	0	0	0	0	0	0	0	0	0	0	0	0	0	0	0	0	0	0	0	0	0	0	0	0	0	0	0	0	0	0	0	0.0	0.0	0.0	0.0	0.000116	0.0	0.0	0.0	0.0	0.0	0.0	0.0	0.0	1.0	0.0	0.0	0.0	0.0	
183	183	5313.52098112	11140.68	11140.68	0.003569	0.0	0	0	0	0	181	0	0	0	0	0.0	0.0	0.0	0.0	0.082415	0.0	0.0	0.0	0.0	0.0	0.0	0.0	0.0	5071.01	0.0	0.0	0.0	0.0	0.0	0.0	0.0	0.0	28.0166	0.0	0.0	0.0	0.0	0	0	0	0	63	0	0	0	0	0	0	0	0	0	0	0	0	0	0	0	0	0	118	0	0	0	0	0	0	0	0	0	0	0	0	0	0	0	0	0	0	0	0	0	0	0	0	0	0	0	0	0	0	0	0.0	0.0	0.0	0.0	0.000105	0.0	0.0	0.0	0.0	0.0	0.0	0.0	0.0	1.0	0.0	0.0	0.0	0.0	
184	184	5330.357532696	11140.68	11140.68	0.003458	0.0	0	0	0	0	182	0	0	0	0	0.0	0.0	0.0	0.0	0.074174	0.0	0.0	0.0	0.0	0.0	0.0	0.0	0.0	5087.85	0.0	0.0	0.0	0.0	0.0	0.0	0.0	0.0	27.9552	0.0	0.0	0.0	0.0	0	0	0	0	63	0	0	0	0	0	0	0	0	0	0	0	0	0	0	0	0	0	119	0	0	0	0	0	0	0	0	0	0	0	0	0	0	0	0	0	0	0	0	0	0	0	0	0	0	0	0	0	0	0	0.0	0.0	0.0	0.0	9.5e-5	0.0	0.0	0.0	0.0	0.0	0.0	0.0	0.0	1.0	0.0	0.0	0.0	0.0	
185	185	5363.366969324	11140.68	11140.68	0.003348	0.0	0	0	0	0	183	0	0	0	0	0.0	0.0	0.0	0.0	0.066756	0.0	0.0	0.0	0.0	0.0	0.0	0.0	0.0	5120.86	0.0	0.0	0.0	0.0	0.0	0.0	0.0	0.0	27.9828	0.0	0.0	0.0	0.0	0	0	0	0	63	0	0	0	0	0	0	0	0	0	0	0	0	0	0	0	0	0	120	0	0	0	0	0	0	0	0	0	0	0	0	0	0	0	0	0	0	0	0	0	0	0	0	0	0	0	0	0	0	0	0.0	0.0	0.0	0.0	8.5e-5	0.0	0.0	0.0	0.0	0.0	0.0	0.0	0.0	1.0	0.0	0.0	0.0	0.0	
186	186	5382.054467942	11140.68	11140.68	0.003141	0.0	0	0	0	0	184	0	0	0	0	0.0	0.0	0.0	0.0	0.060081	0.0	0.0	0.0	0.0	0.0	0.0	0.0	0.0	5139.54	0.0	0.0	0.0	0.0	0.0	0.0	0.0	0.0	27.9323	0.0	0.0	0.0	0.0	0	0	0	0	63	0	0	0	0	0	0	0	0	0	0	0	0	0	0	0	0	0	121	0	0	0	0	0	0	0	0	0	0	0	0	0	0	0	0	0	0	0	0	0	0	0	0	0	0	0	0	0	0	0	0.0	0.0	0.0	0.0	7.7e-5	0.0	0.0	0.0	0.0	0.0	0.0	0.0	0.0	1.0	0.0	0.0	0.0	0.0	
187	187	5399.594646128	11140.68	11140.68	0.003029	0.0	0	0	0	0	185	0	0	0	0	0.0	0.0	0.0	0.0	0.054072	0.0	0.0	0.0	0.0	0.0	0.0	0.0	0.0	5157.08	0.0	0.0	0.0	0.0	0.0	0.0	0.0	0.0	27.8761	0.0	0.0	0.0	0.0	0	0	0	0	63	0	0	0	0	0	0	0	0	0	0	0	0	0	0	0	0	0	122	0	0	0	0	0	0	0	0	0	0	0	0	0	0	0	0	0	0	0	0	0	0	0	0	0	0	0	0	0	0	0	0.0	0.0	0.0	0.0	7.0e-5	0.0	0.0	0.0	0.0	0.0	0.0	0.0	0.0	1.0	0.0	0.0	0.0	0.0	
188	188	5419.539997828	11140.68	11140.68	0.002928	0.0	0	0	0	0	186	0	0	0	0	0.0	0.0	0.0	0.0	0.048665	0.0	0.0	0.0	0.0	0.0	0.0	0.0	0.0	5177.03	0.0	0.0	0.0	0.0	0.0	0.0	0.0	0.0	27.8335	0.0	0.0	0.0	0.0	0	0	0	0	63	0	0	0	0	0	0	0	0	0	0	0	0	0	0	0	0	0	123	0	0	0	0	0	0	0	0	0	0	0	0	0	0	0	0	0	0	0	0	0	0	0	0	0	0	0	0	0	0	0	0.0	0.0	0.0	0.0	6.3e-5	0.0	0.0	0.0	0.0	0.0	0.0	0.0	0.0	1.0	0.0	0.0	0.0	0.0	
189	189	5571.278220689	11140.68	11140.68	0.002818	0.0	0	0	0	0	187	0	0	0	0	0.0	0.0	0.0	0.0	0.043799	0.0	0.0	0.0	0.0	0.0	0.0	0.0	0.0	5328.77	0.0	0.0	0.0	0.0	0.0	0.0	0.0	0.0	28.4961	0.0	0.0	0.0	0.0	0	0	0	0	63	0	0	0	0	0	0	0	0	0	0	0	0	0	0	0	0	0	124	0	0	0	0	0	0	0	0	0	0	0	0	0	0	0	0	0	0	0	0	0	0	0	0	0	0	0	0	0	0	0	0.0	0.0	0.0	0.0	5.4e-5	0.0	0.0	0.0	0.0	0.0	0.0	0.0	0.0	1.0	0.0	0.0	0.0	0.0	
190	190	5598.467334855	11140.68	11140.68	0.002101	0.0	0	0	0	0	188	0	0	0	0	0.0	0.0	0.0	0.0	0.039419	0.0	0.0	0.0	0.0	0.0	0.0	0.0	0.0	5355.96	0.0	0.0	0.0	0.0	0.0	0.0	0.0	0.0	28.4891	0.0	0.0	0.0	0.0	0	0	0	0	63	0	0	0	0	0	0	0	0	0	0	0	0	0	0	0	0	0	125	0	0	0	0	0	0	0	0	0	0	0	0	0	0	0	0	0	0	0	0	0	0	0	0	0	0	0	0	0	0	0	0.0	0.0	0.0	0.0	4.9e-5	0.0	0.0	0.0	0.0	0.0	0.0	0.0	0.0	1.0	0.0	0.0	0.0	0.0	
191	191	5629.304433323	11140.68	11140.68	0.001994	0.0	0	0	0	0	189	0	0	0	0	0.0	0.0	0.0	0.0	0.035477	0.0	0.0	0.0	0.0	0.0	0.0	0.0	0.0	5386.79	0.0	0.0	0.0	0.0	0.0	0.0	0.0	0.0	28.5016	0.0	0.0	0.0	0.0	0	0	0	0	63	0	0	0	0	0	0	0	0	0	0	0	0	0	0	0	0	0	126	0	0	0	0	0	0	0	0	0	0	0	0	0	0	0	0	0	0	0	0	0	0	0	0	0	0	0	0	0	0	0	0.0	0.0	0.0	0.0	4.4e-5	0.0	0.0	0.0	0.0	0.0	0.0	0.0	0.0	1.0	0.0	0.0	0.0	0.0	
192	192	5649.256400672	11140.68	11140.68	0.001878	0.0	0	0	0	0	190	0	0	0	0	0.0	0.0	0.0	0.0	0.031929	0.0	0.0	0.0	0.0	0.0	0.0	0.0	0.0	5406.75	0.0	0.0	0.0	0.0	0.0	0.0	0.0	0.0	28.4566	0.0	0.0	0.0	0.0	0	0	0	0	63	0	0	0	0	0	0	0	0	0	0	0	0	0	0	0	0	0	127	0	0	0	0	0	0	0	0	0	0	0	0	0	0	0	0	0	0	0	0	0	0	0	0	0	0	0	0	0	0	0	0.0	0.0	0.0	0.0	3.9e-5	0.0	0.0	0.0	0.0	0.0	0.0	0.0	0.0	1.0	0.0	0.0	0.0	0.0	
193	193	5676.09917973	11140.68	11140.68	0.001807	0.0	0	0	0	0	191	0	0	0	0	0.0	0.0	0.0	0.0	0.028736	0.0	0.0	0.0	0.0	0.0	0.0	0.0	0.0	5433.59	0.0	0.0	0.0	0.0	0.0	0.0	0.0	0.0	28.4481	0.0	0.0	0.0	0.0	0	0	0	0	63	0	0	0	0	0	0	0	0	0	0	0	0	0	0	0	0	0	128	0	0	0	0	0	0	0	0	0	0	0	0	0	0	0	0	0	0	0	0	0	0	0	0	0	0	0	0	0	0	0	0.0	0.0	0.0	0.0	3.6e-5	0.0	0.0	0.0	0.0	0.0	0.0	0.0	0.0	1.0	0.0	0.0	0.0	0.0	
194	194	5693.001270047	11140.68	11140.68	0.001716	0.0	0	0	0	0	192	0	0	0	0	0.0	0.0	0.0	0.0	0.025863	0.0	0.0	0.0	0.0	0.0	0.0	0.0	0.0	5450.49	0.0	0.0	0.0	0.0	0.0	0.0	0.0	0.0	28.388	0.0	0.0	0.0	0.0	0	0	0	0	63	0	0	0	0	0	0	0	0	0	0	0	0	0	0	0	0	0	129	0	0	0	0	0	0	0	0	0	0	0	0	0	0	0	0	0	0	0	0	0	0	0	0	0	0	0	0	0	0	0	0.0	0.0	0.0	0.0	3.2e-5	0.0	0.0	0.0	0.0	0.0	0.0	0.0	0.0	1.0	0.0	0.0	0.0	0.0	
195	195	5730.901359422	11131.195	11131.195	0.001661	0.0	0	0	0	0	193	0	0	0	0	0.0	0.0	0.0	0.0	0.123276	0.0	0.0	0.0	0.0	0.0	0.0	0.0	0.0	5488.39	0.0	0.0	0.0	0.0	0.0	0.0	0.0	0.0	28.4373	0.0	0.0	0.0	0.0	0	0	0	0	64	0	0	0	0	0	0	0	0	0	0	0	0	0	0	0	0	0	129	0	0	0	0	0	0	0	0	0	0	0	0	0	0	0	0	0	0	0	0	0	0	0	0	0	0	0	0	0	0	0	0.0	0.0	0.0	0.0	0.000152	0.0	0.0	0.0	0.0	0.0	0.0	0.0	0.0	1.0	0.0	0.0	0.0	0.0	
196	196	5745.932932392	11131.195	11131.195	0.001543	0.0	0	0	0	0	194	0	0	0	0	0.0	0.0	0.0	0.0	0.110949	0.0	0.0	0.0	0.0	0.0	0.0	0.0	0.0	5503.42	0.0	0.0	0.0	0.0	0.0	0.0	0.0	0.0	28.3682	0.0	0.0	0.0	0.0	0	0	0	0	64	0	0	0	0	0	0	0	0	0	0	0	0	0	0	0	0	0	130	0	0	0	0	0	0	0	0	0	0	0	0	0	0	0	0	0	0	0	0	0	0	0	0	0	0	0	0	0	0	0	0.0	0.0	0.0	0.0	0.000138	0.0	0.0	0.0	0.0	0.0	0.0	0.0	0.0	1.0	0.0	0.0	0.0	0.0	
197	197	5765.819533601	11131.195	11131.195	0.001499	0.0	0	0	0	0	195	0	0	0	0	0.0	0.0	0.0	0.0	0.099854	0.0	0.0	0.0	0.0	0.0	0.0	0.0	0.0	5523.31	0.0	0.0	0.0	0.0	0.0	0.0	0.0	0.0	28.3247	0.0	0.0	0.0	0.0	0	0	0	0	64	0	0	0	0	0	0	0	0	0	0	0	0	0	0	0	0	0	131	0	0	0	0	0	0	0	0	0	0	0	0	0	0	0	0	0	0	0	0	0	0	0	0	0	0	0	0	0	0	0	0.0	0.0	0.0	0.0	0.000124	0.0	0.0	0.0	0.0	0.0	0.0	0.0	0.0	1.0	0.0	0.0	0.0	0.0	
198	198	5791.062945416	11131.195	11131.195	0.001443	0.0	0	0	0	0	196	0	0	0	0	0.0	0.0	0.0	0.0	0.089868	0.0	0.0	0.0	0.0	0.0	0.0	0.0	0.0	5548.55	0.0	0.0	0.0	0.0	0.0	0.0	0.0	0.0	28.3089	0.0	0.0	0.0	0.0	0	0	0	0	64	0	0	0	0	0	0	0	0	0	0	0	0	0	0	0	0	0	132	0	0	0	0	0	0	0	0	0	0	0	0	0	0	0	0	0	0	0	0	0	0	0	0	0	0	0	0	0	0	0	0.0	0.0	0.0	0.0	0.000112	0.0	0.0	0.0	0.0	0.0	0.0	0.0	0.0	1.0	0.0	0.0	0.0	0.0	
199	199	5821.833906234	11131.195	11131.195	0.001374	0.0	0	0	0	0	197	0	0	0	0	0.0	0.0	0.0	0.0	0.080882	0.0	0.0	0.0	0.0	0.0	0.0	0.0	0.0	5579.32	0.0	0.0	0.0	0.0	0.0	0.0	0.0	0.0	28.3214	0.0	0.0	0.0	0.0	0	0	0	0	64	0	0	0	0	0	0	0	0	0	0	0	0	0	0	0	0	0	133	0	0	0	0	0	0	0	0	0	0	0	0	0	0	0	0	0	0	0	0	0	0	0	0	0	0	0	0	0	0	0	0.0	0.0	0.0	0.0	0.000101	0.0	0.0	0.0	0.0	0.0	0.0	0.0	0.0	1.0	0.0	0.0	0.0	0.0	
200	200	5846.391378394	11127.195	11127.195	0.001295	0.0	0	0	0	0	198	0	0	0	0	0.0	0.0	0.0	0.0	0.172794	0.0	0.0	0.0	0.0	0.0	0.0	0.0	0.0	5603.88	0.0	0.0	0.0	0.0	0.0	0.0	0.0	0.0	28.3024	0.0	0.0	0.0	0.0	0	0	0	0	65	0	0	0	0	0	0	0	0	0	0	0	0	0	0	0	0	0	133	0	0	0	0	0	0	0	0	0	0	0	0	0	0	0	0	0	0	0	0	0	0	0	0	0	0	0	0	0	0	0	0.0	0.0	0.0	0.0	0.000216	0.0	0.0	0.0	0.0	0.0	0.0	0.0	0.0	1.0	0.0	0.0	0.0	0.0	
201	201	5865.588846209	11127.195	11127.195	0.001235	0.0	0	0	0	0	199	0	0	0	0	0.0	0.0	0.0	0.0	0.155514	0.0	0.0	0.0	0.0	0.0	0.0	0.0	0.0	5623.08	0.0	0.0	0.0	0.0	0.0	0.0	0.0	0.0	28.2567	0.0	0.0	0.0	0.0	0	0	0	0	65	0	0	0	0	0	0	0	0	0	0	0	0	0	0	0	0	0	134	0	0	0	0	0	0	0	0	0	0	0	0	0	0	0	0	0	0	0	0	0	0	0	0	0	0	0	0	0	0	0	0.0	0.0	0.0	0.0	0.000195	0.0	0.0	0.0	0.0	0.0	0.0	0.0	0.0	1.0	0.0	0.0	0.0	0.0	
202	202	6046.385970212	11127.195	11127.195	0.00119	0.0	0	0	0	0	200	0	0	0	0	0.0	0.0	0.0	0.0	0.139963	0.0	0.0	0.0	0.0	0.0	0.0	0.0	0.0	5803.87	0.0	0.0	0.0	0.0	0.0	0.0	0.0	0.0	29.0194	0.0	0.0	0.0	0.0	0	0	0	0	65	0	0	0	0	0	0	0	0	0	0	0	0	0	0	0	0	0	135	0	0	0	0	0	0	0	0	0	0	0	0	0	0	0	0	0	0	0	0	0	0	0	0	0	0	0	0	0	0	0	0.0	0.0	0.0	0.0	0.000166	0.0	0.0	0.0	0.0	0.0	0.0	0.0	0.0	1.0	0.0	0.0	0.0	0.0	
203	203	6061.818653587	11127.195	11127.195	0.000839	0.0	0	0	0	0	201	0	0	0	0	0.0	0.0	0.0	0.0	0.125966	0.0	0.0	0.0	0.0	0.0	0.0	0.0	0.0	5819.31	0.0	0.0	0.0	0.0	0.0	0.0	0.0	0.0	28.9518	0.0	0.0	0.0	0.0	0	0	0	0	65	0	0	0	0	0	0	0	0	0	0	0	0	0	0	0	0	0	136	0	0	0	0	0	0	0	0	0	0	0	0	0	0	0	0	0	0	0	0	0	0	0	0	0	0	0	0	0	0	0	0.0	0.0	0.0	0.0	0.00015	0.0	0.0	0.0	0.0	0.0	0.0	0.0	0.0	1.0	0.0	0.0	0.0	0.0	
204	204	6082.182382768	11114.077	11114.077	0.000814	0.0	0	0	0	0	202	0	0	0	0	0.0	0.0	0.0	0.0	0.21337	0.0	0.0	0.0	0.0	0.0	0.0	0.0	0.0	5839.67	0.0	0.0	0.0	0.0	0.0	0.0	0.0	0.0	28.9093	0.0	0.0	0.0	0.0	0	0	0	0	66	0	0	0	0	0	0	0	0	0	0	0	0	0	0	0	0	0	136	0	0	0	0	0	0	0	0	0	0	0	0	0	0	0	0	0	0	0	0	0	0	0	0	0	0	0	0	0	0	0	0.0	0.0	0.0	0.0	0.000255	0.0	0.0	0.0	0.0	0.0	0.0	0.0	0.0	1.0	0.0	0.0	0.0	0.0	
205	205	6098.708933655	11114.077	11114.077	0.000783	0.0	0	0	0	0	203	0	0	0	0	0.0	0.0	0.0	0.0	0.192033	0.0	0.0	0.0	0.0	0.0	0.0	0.0	0.0	5856.2	0.0	0.0	0.0	0.0	0.0	0.0	0.0	0.0	28.8483	0.0	0.0	0.0	0.0	0	0	0	0	66	0	0	0	0	0	0	0	0	0	0	0	0	0	0	0	0	0	137	0	0	0	0	0	0	0	0	0	0	0	0	0	0	0	0	0	0	0	0	0	0	0	0	0	0	0	0	0	0	0	0.0	0.0	0.0	0.0	0.000231	0.0	0.0	0.0	0.0	0.0	0.0	0.0	0.0	1.0	0.0	0.0	0.0	0.0	
206	206	6114.978742485	11114.077	11114.077	0.000758	0.0	0	0	0	0	204	0	0	0	0	0.0	0.0	0.0	0.0	0.17283	0.0	0.0	0.0	0.0	0.0	0.0	0.0	0.0	5872.47	0.0	0.0	0.0	0.0	0.0	0.0	0.0	0.0	28.7866	0.0	0.0	0.0	0.0	0	0	0	0	66	0	0	0	0	0	0	0	0	0	0	0	0	0	0	0	0	0	138	0	0	0	0	0	0	0	0	0	0	0	0	0	0	0	0	0	0	0	0	0	0	0	0	0	0	0	0	0	0	0	0.0	0.0	0.0	0.0	0.000209	0.0	0.0	0.0	0.0	0.0	0.0	0.0	0.0	1.0	0.0	0.0	0.0	0.0	
207	207	6135.306592926	11114.077	11114.077	0.000735	0.0	0	0	0	0	205	0	0	0	0	0.0	0.0	0.0	0.0	0.155547	0.0	0.0	0.0	0.0	0.0	0.0	0.0	0.0	5892.8	0.0	0.0	0.0	0.0	0.0	0.0	0.0	0.0	28.7453	0.0	0.0	0.0	0.0	0	0	0	0	66	0	0	0	0	0	0	0	0	0	0	0	0	0	0	0	0	0	139	0	0	0	0	0	0	0	0	0	0	0	0	0	0	0	0	0	0	0	0	0	0	0	0	0	0	0	0	0	0	0	0.0	0.0	0.0	0.0	0.000188	0.0	0.0	0.0	0.0	0.0	0.0	0.0	0.0	1.0	0.0	0.0	0.0	0.0	
208	208	6152.077614354	11114.077	11114.077	0.000706	0.0	0	0	0	0	206	0	0	0	0	0.0	0.0	0.0	0.0	0.139992	0.0	0.0	0.0	0.0	0.0	0.0	0.0	0.0	5909.57	0.0	0.0	0.0	0.0	0.0	0.0	0.0	0.0	28.6872	0.0	0.0	0.0	0.0	0	0	0	0	66	0	0	0	0	0	0	0	0	0	0	0	0	0	0	0	0	0	140	0	0	0	0	0	0	0	0	0	0	0	0	0	0	0	0	0	0	0	0	0	0	0	0	0	0	0	0	0	0	0	0.0	0.0	0.0	0.0	0.00017	0.0	0.0	0.0	0.0	0.0	0.0	0.0	0.0	1.0	0.0	0.0	0.0	0.0	
209	209	6169.767322441	11114.077	11114.077	0.000684	0.0	0	0	0	0	207	0	0	0	0	0.0	0.0	0.0	0.0	0.125993	0.0	0.0	0.0	0.0	0.0	0.0	0.0	0.0	5927.26	0.0	0.0	0.0	0.0	0.0	0.0	0.0	0.0	28.6341	0.0	0.0	0.0	0.0	0	0	0	0	66	0	0	0	0	0	0	0	0	0	0	0	0	0	0	0	0	0	141	0	0	0	0	0	0	0	0	0	0	0	0	0	0	0	0	0	0	0	0	0	0	0	0	0	0	0	0	0	0	0	0.0	0.0	0.0	0.0	0.000154	0.0	0.0	0.0	0.0	0.0	0.0	0.0	0.0	1.0	0.0	0.0	0.0	0.0	
210	210	6202.197742589	11114.077	11114.077	0.000661	0.0	0	0	0	0	208	0	0	0	0	0.0	0.0	0.0	0.0	0.113393	0.0	0.0	0.0	0.0	0.0	0.0	0.0	0.0	5959.69	0.0	0.0	0.0	0.0	0.0	0.0	0.0	0.0	28.6523	0.0	0.0	0.0	0.0	0	0	0	0	66	0	0	0	0	0	0	0	0	0	0	0	0	0	0	0	0	0	142	0	0	0	0	0	0	0	0	0	0	0	0	0	0	0	0	0	0	0	0	0	0	0	0	0	0	0	0	0	0	0	0.0	0.0	0.0	0.0	0.000138	0.0	0.0	0.0	0.0	0.0	0.0	0.0	0.0	1.0	0.0	0.0	0.0	0.0	
211	211	6220.37733985	11114.077	11114.077	0.000621	0.0	0	0	0	0	209	0	0	0	0	0.0	0.0	0.0	0.0	0.102054	0.0	0.0	0.0	0.0	0.0	0.0	0.0	0.0	5977.87	0.0	0.0	0.0	0.0	0.0	0.0	0.0	0.0	28.6022	0.0	0.0	0.0	0.0	0	0	0	0	66	0	0	0	0	0	0	0	0	0	0	0	0	0	0	0	0	0	143	0	0	0	0	0	0	0	0	0	0	0	0	0	0	0	0	0	0	0	0	0	0	0	0	0	0	0	0	0	0	0	0.0	0.0	0.0	0.0	0.000125	0.0	0.0	0.0	0.0	0.0	0.0	0.0	0.0	1.0	0.0	0.0	0.0	0.0	
212	212	6238.061954066	11114.077	11114.077	0.000599	0.0	0	0	0	0	210	0	0	0	0	0.0	0.0	0.0	0.0	0.091849	0.0	0.0	0.0	0.0	0.0	0.0	0.0	0.0	5995.55	0.0	0.0	0.0	0.0	0.0	0.0	0.0	0.0	28.5502	0.0	0.0	0.0	0.0	0	0	0	0	66	0	0	0	0	0	0	0	0	0	0	0	0	0	0	0	0	0	144	0	0	0	0	0	0	0	0	0	0	0	0	0	0	0	0	0	0	0	0	0	0	0	0	0	0	0	0	0	0	0	0.0	0.0	0.0	0.0	0.000113	0.0	0.0	0.0	0.0	0.0	0.0	0.0	0.0	1.0	0.0	0.0	0.0	0.0	
213	213	6253.374122789	11114.077	11114.077	0.000579	0.0	0	0	0	0	211	0	0	0	0	0.0	0.0	0.0	0.0	0.082664	0.0	0.0	0.0	0.0	0.0	0.0	0.0	0.0	6010.86	0.0	0.0	0.0	0.0	0.0	0.0	0.0	0.0	28.4875	0.0	0.0	0.0	0.0	0	0	0	0	66	0	0	0	0	0	0	0	0	0	0	0	0	0	0	0	0	0	145	0	0	0	0	0	0	0	0	0	0	0	0	0	0	0	0	0	0	0	0	0	0	0	0	0	0	0	0	0	0	0	0.0	0.0	0.0	0.0	0.000102	0.0	0.0	0.0	0.0	0.0	0.0	0.0	0.0	1.0	0.0	0.0	0.0	0.0	
214	214	6284.270095005	11106.577	11106.577	0.000562	0.0	0	0	0	0	212	0	0	0	0	0.0	0.0	0.0	0.0	0.174397	0.0	0.0	0.0	0.0	0.0	0.0	0.0	0.0	6041.76	0.0	0.0	0.0	0.0	0.0	0.0	0.0	0.0	28.4989	0.0	0.0	0.0	0.0	0	0	0	0	67	0	0	0	0	0	0	0	0	0	0	0	0	0	0	0	0	0	145	0	0	0	0	0	0	0	0	0	0	0	0	0	0	0	0	0	0	0	0	0	0	0	0	0	0	0	0	0	0	0	0.0	0.0	0.0	0.0	0.000215	0.0	0.0	0.0	0.0	0.0	0.0	0.0	0.0	1.0	0.0	0.0	0.0	0.0	
215	215	6302.970973208	11106.577	11106.577	0.000529	0.0	0	0	0	0	213	0	0	0	0	0.0	0.0	0.0	0.0	0.156958	0.0	0.0	0.0	0.0	0.0	0.0	0.0	0.0	6060.46	0.0	0.0	0.0	0.0	0.0	0.0	0.0	0.0	28.4529	0.0	0.0	0.0	0.0	0	0	0	0	67	0	0	0	0	0	0	0	0	0	0	0	0	0	0	0	0	0	146	0	0	0	0	0	0	0	0	0	0	0	0	0	0	0	0	0	0	0	0	0	0	0	0	0	0	0	0	0	0	0	0.0	0.0	0.0	0.0	0.000194	0.0	0.0	0.0	0.0	0.0	0.0	0.0	0.0	1.0	0.0	0.0	0.0	0.0	
216	216	6319.093520976	11106.577	11106.577	0.000511	0.0	0	0	0	0	214	0	0	0	0	0.0	0.0	0.0	0.0	0.141262	0.0	0.0	0.0	0.0	0.0	0.0	0.0	0.0	6076.58	0.0	0.0	0.0	0.0	0.0	0.0	0.0	0.0	28.3952	0.0	0.0	0.0	0.0	0	0	0	0	67	0	0	0	0	0	0	0	0	0	0	0	0	0	0	0	0	0	147	0	0	0	0	0	0	0	0	0	0	0	0	0	0	0	0	0	0	0	0	0	0	0	0	0	0	0	0	0	0	0	0.0	0.0	0.0	0.0	0.000175	0.0	0.0	0.0	0.0	0.0	0.0	0.0	0.0	1.0	0.0	0.0	0.0	0.0	
217	217	6334.380600701	11106.577	11106.577	0.000495	0.0	0	0	0	0	215	0	0	0	0	0.0	0.0	0.0	0.0	0.127136	0.0	0.0	0.0	0.0	0.0	0.0	0.0	0.0	6091.87	0.0	0.0	0.0	0.0	0.0	0.0	0.0	0.0	28.3343	0.0	0.0	0.0	0.0	0	0	0	0	67	0	0	0	0	0	0	0	0	0	0	0	0	0	0	0	0	0	148	0	0	0	0	0	0	0	0	0	0	0	0	0	0	0	0	0	0	0	0	0	0	0	0	0	0	0	0	0	0	0	0.0	0.0	0.0	0.0	0.000158	0.0	0.0	0.0	0.0	0.0	0.0	0.0	0.0	1.0	0.0	0.0	0.0	0.0	
218	218	6353.176321073	11104.577	11104.577	0.000481	0.0	0	0	0	0	216	0	0	0	0	0.0	0.0	0.0	0.0	0.214422	0.0	0.0	0.0	0.0	0.0	0.0	0.0	0.0	6110.66	0.0	0.0	0.0	0.0	0.0	0.0	0.0	0.0	28.2901	0.0	0.0	0.0	0.0	0	0	0	0	68	0	0	0	0	0	0	0	0	0	0	0	0	0	0	0	0	0	148	0	0	0	0	0	0	0	0	0	0	0	0	0	0	0	0	0	0	0	0	0	0	0	0	0	0	0	0	0	0	0	0.0	0.0	0.0	0.0	0.000268	0.0	0.0	0.0	0.0	0.0	0.0	0.0	0.0	1.0	0.0	0.0	0.0	0.0	
219	219	6375.185174524	11104.577	11104.577	0.000463	0.0	0	0	0	0	217	0	0	0	0	0.0	0.0	0.0	0.0	0.19298	0.0	0.0	0.0	0.0	0.0	0.0	0.0	0.0	6132.67	0.0	0.0	0.0	0.0	0.0	0.0	0.0	0.0	28.2612	0.0	0.0	0.0	0.0	0	0	0	0	68	0	0	0	0	0	0	0	0	0	0	0	0	0	0	0	0	0	149	0	0	0	0	0	0	0	0	0	0	0	0	0	0	0	0	0	0	0	0	0	0	0	0	0	0	0	0	0	0	0	0.0	0.0	0.0	0.0	0.000242	0.0	0.0	0.0	0.0	0.0	0.0	0.0	0.0	1.0	0.0	0.0	0.0	0.0	
220	220	6391.002684656	11104.577	11104.577	0.000444	0.0	0	0	0	0	218	0	0	0	0	0.0	0.0	0.0	0.0	0.173682	0.0	0.0	0.0	0.0	0.0	0.0	0.0	0.0	6148.49	0.0	0.0	0.0	0.0	0.0	0.0	0.0	0.0	28.2041	0.0	0.0	0.0	0.0	0	0	0	0	68	0	0	0	0	0	0	0	0	0	0	0	0	0	0	0	0	0	150	0	0	0	0	0	0	0	0	0	0	0	0	0	0	0	0	0	0	0	0	0	0	0	0	0	0	0	0	0	0	0	0.0	0.0	0.0	0.0	0.000218	0.0	0.0	0.0	0.0	0.0	0.0	0.0	0.0	1.0	0.0	0.0	0.0	0.0	
221	221	6421.309378951	11103.077	11103.077	0.000431	0.0	0	0	0	0	219	0	0	0	0	0.0	0.0	0.0	0.0	0.256314	0.0	0.0	0.0	0.0	0.0	0.0	0.0	0.0	6178.8	0.0	0.0	0.0	0.0	0.0	0.0	0.0	0.0	28.2137	0.0	0.0	0.0	0.0	0	0	0	0	69	0	0	0	0	0	0	0	0	0	0	0	0	0	0	0	0	0	150	0	0	0	0	0	0	0	0	0	0	0	0	0	0	0	0	0	0	0	0	0	0	0	0	0	0	0	0	0	0	0	0.0	0.0	0.0	0.0	0.000322	0.0	0.0	0.0	0.0	0.0	0.0	0.0	0.0	1.0	0.0	0.0	0.0	0.0	
222	222	6442.904580575	11098.577	11098.577	0.000406	0.0	0	0	0	0	220	0	0	0	0	0.0	0.0	0.0	0.0	0.330682	0.0	0.0	0.0	0.0	0.0	0.0	0.0	0.0	6200.39	0.0	0.0	0.0	0.0	0.0	0.0	0.0	0.0	28.1836	0.0	0.0	0.0	0.0	0	0	0	0	70	0	0	0	0	0	0	0	0	0	0	0	0	0	0	0	0	0	150	0	0	0	0	0	0	0	0	0	0	0	0	0	0	0	0	0	0	0	0	0	0	0	0	0	0	0	0	0	0	0	0.0	0.0	0.0	0.0	0.000416	0.0	0.0	0.0	0.0	0.0	0.0	0.0	0.0	1.0	0.0	0.0	0.0	0.0	
223	223	6459.489689782	11098.577	11098.577	0.00039	0.0	0	0	0	0	221	0	0	0	0	0.0	0.0	0.0	0.0	0.297614	0.0	0.0	0.0	0.0	0.0	0.0	0.0	0.0	6216.98	0.0	0.0	0.0	0.0	0.0	0.0	0.0	0.0	28.1311	0.0	0.0	0.0	0.0	0	0	0	0	70	0	0	0	0	0	0	0	0	0	0	0	0	0	0	0	0	0	151	0	0	0	0	0	0	0	0	0	0	0	0	0	0	0	0	0	0	0	0	0	0	0	0	0	0	0	0	0	0	0	0.0	0.0	0.0	0.0	0.000376	0.0	0.0	0.0	0.0	0.0	0.0	0.0	0.0	1.0	0.0	0.0	0.0	0.0	
224	224	6477.342243365	11098.577	11098.577	0.000377	0.0	0	0	0	0	222	0	0	0	0	0.0	0.0	0.0	0.0	0.267853	0.0	0.0	0.0	0.0	0.0	0.0	0.0	0.0	6234.83	0.0	0.0	0.0	0.0	0.0	0.0	0.0	0.0	28.0848	0.0	0.0	0.0	0.0	0	0	0	0	70	0	0	0	0	0	0	0	0	0	0	0	0	0	0	0	0	0	152	0	0	0	0	0	0	0	0	0	0	0	0	0	0	0	0	0	0	0	0	0	0	0	0	0	0	0	0	0	0	0	0.0	0.0	0.0	0.0	0.00034	0.0	0.0	0.0	0.0	0.0	0.0	0.0	0.0	1.0	0.0	0.0	0.0	0.0	
225	225	6497.008489035	11098.577	11098.577	0.000365	0.0	0	0	0	0	223	0	0	0	0	0.0	0.0	0.0	0.0	0.241067	0.0	0.0	0.0	0.0	0.0	0.0	0.0	0.0	6254.5	0.0	0.0	0.0	0.0	0.0	0.0	0.0	0.0	28.0471	0.0	0.0	0.0	0.0	0	0	0	0	70	0	0	0	0	0	0	0	0	0	0	0	0	0	0	0	0	0	153	0	0	0	0	0	0	0	0	0	0	0	0	0	0	0	0	0	0	0	0	0	0	0	0	0	0	0	0	0	0	0	0.0	0.0	0.0	0.0	0.000306	0.0	0.0	0.0	0.0	0.0	0.0	0.0	0.0	1.0	0.0	0.0	0.0	0.0	
226	226	6516.792460872	11090.544	11090.544	0.000351	0.0	0	0	0	0	224	0	0	0	0	0.0	0.0	0.0	0.0	0.316961	0.0	0.0	0.0	0.0	0.0	0.0	0.0	0.0	6274.28	0.0	0.0	0.0	0.0	0.0	0.0	0.0	0.0	28.0102	0.0	0.0	0.0	0.0	0	0	0	0	71	0	0	0	0	0	0	0	0	0	0	0	0	0	0	0	0	0	153	0	0	0	0	0	0	0	0	0	0	0	0	0	0	0	0	0	0	0	0	0	0	0	0	0	0	0	0	0	0	0	0.0	0.0	0.0	0.0	0.000404	0.0	0.0	0.0	0.0	0.0	0.0	0.0	0.0	1.0	0.0	0.0	0.0	0.0	
227	227	6534.11516534	11089.162	11089.162	0.000338	0.0	0	0	0	0	225	0	0	0	0	0.0	0.0	0.0	0.0	0.385265	0.0	0.0	0.0	0.0	0.0	0.0	0.0	0.0	6291.6	0.0	0.0	0.0	0.0	0.0	0.0	0.0	0.0	27.9627	0.0	0.0	0.0	0.0	0	0	0	0	72	0	0	0	0	0	0	0	0	0	0	0	0	0	0	0	0	0	153	0	0	0	0	0	0	0	0	0	0	0	0	0	0	0	0	0	0	0	0	0	0	0	0	0	0	0	0	0	0	0	0.0	0.0	0.0	0.0	0.000493	0.0	0.0	0.0	0.0	0.0	0.0	0.0	0.0	1.0	0.0	0.0	0.0	0.0	
228	228	6551.523242912	11089.162	11089.162	0.000327	0.0	0	0	0	0	226	0	0	0	0	0.0	0.0	0.0	0.0	0.346738	0.0	0.0	0.0	0.0	0.0	0.0	0.0	0.0	6309.01	0.0	0.0	0.0	0.0	0.0	0.0	0.0	0.0	27.916	0.0	0.0	0.0	0.0	0	0	0	0	72	0	0	0	0	0	0	0	0	0	0	0	0	0	0	0	0	0	154	0	0	0	0	0	0	0	0	0	0	0	0	0	0	0	0	0	0	0	0	0	0	0	0	0	0	0	0	0	0	0	0.0	0.0	0.0	0.0	0.000445	0.0	0.0	0.0	0.0	0.0	0.0	0.0	0.0	1.0	0.0	0.0	0.0	0.0	
229	229	6574.200055372	11088.162	11088.162	0.000316	0.0	0	0	0	0	227	0	0	0	0	0.0	0.0	0.0	0.0	0.412064	0.0	0.0	0.0	0.0	0.0	0.0	0.0	0.0	6331.69	0.0	0.0	0.0	0.0	0.0	0.0	0.0	0.0	27.8929	0.0	0.0	0.0	0.0	0	0	0	0	73	0	0	0	0	0	0	0	0	0	0	0	0	0	0	0	0	0	154	0	0	0	0	0	0	0	0	0	0	0	0	0	0	0	0	0	0	0	0	0	0	0	0	0	0	0	0	0	0	0	0.0	0.0	0.0	0.0	0.00053	0.0	0.0	0.0	0.0	0.0	0.0	0.0	0.0	1.0	0.0	0.0	0.0	0.0	
230	230	6604.135556779	11088.162	11088.162	0.000302	0.0	0	0	0	0	228	0	0	0	0	0.0	0.0	0.0	0.0	0.370858	0.0	0.0	0.0	0.0	0.0	0.0	0.0	0.0	6361.62	0.0	0.0	0.0	0.0	0.0	0.0	0.0	0.0	27.9019	0.0	0.0	0.0	0.0	0	0	0	0	73	0	0	0	0	0	0	0	0	0	0	0	0	0	0	0	0	0	155	0	0	0	0	0	0	0	0	0	0	0	0	0	0	0	0	0	0	0	0	0	0	0	0	0	0	0	0	0	0	0	0.0	0.0	0.0	0.0	0.000476	0.0	0.0	0.0	0.0	0.0	0.0	0.0	0.0	1.0	0.0	0.0	0.0	0.0	
231	231	6637.303482617	11088.162	11088.162	0.000285	0.0	0	0	0	0	229	0	0	0	0	0.0	0.0	0.0	0.0	0.333772	0.0	0.0	0.0	0.0	0.0	0.0	0.0	0.0	6394.79	0.0	0.0	0.0	0.0	0.0	0.0	0.0	0.0	27.9249	0.0	0.0	0.0	0.0	0	0	0	0	73	0	0	0	0	0	0	0	0	0	0	0	0	0	0	0	0	0	156	0	0	0	0	0	0	0	0	0	0	0	0	0	0	0	0	0	0	0	0	0	0	0	0	0	0	0	0	0	0	0	0.0	0.0	0.0	0.0	0.000428	0.0	0.0	0.0	0.0	0.0	0.0	0.0	0.0	1.0	0.0	0.0	0.0	0.0	
232	232	6656.33362094	11088.162	11088.162	0.000268	0.0	0	0	0	0	230	0	0	0	0	0.0	0.0	0.0	0.0	0.300395	0.0	0.0	0.0	0.0	0.0	0.0	0.0	0.0	6413.82	0.0	0.0	0.0	0.0	0.0	0.0	0.0	0.0	27.8862	0.0	0.0	0.0	0.0	0	0	0	0	73	0	0	0	0	0	0	0	0	0	0	0	0	0	0	0	0	0	157	0	0	0	0	0	0	0	0	0	0	0	0	0	0	0	0	0	0	0	0	0	0	0	0	0	0	0	0	0	0	0	0.0	0.0	0.0	0.0	0.000386	0.0	0.0	0.0	0.0	0.0	0.0	0.0	0.0	1.0	0.0	0.0	0.0	0.0	
233	233	6671.476865171	11088.162	11088.162	0.000258	0.0	0	0	0	0	231	0	0	0	0	0.0	0.0	0.0	0.0	0.270355	0.0	0.0	0.0	0.0	0.0	0.0	0.0	0.0	6428.97	0.0	0.0	0.0	0.0	0.0	0.0	0.0	0.0	27.831	0.0	0.0	0.0	0.0	0	0	0	0	73	0	0	0	0	0	0	0	0	0	0	0	0	0	0	0	0	0	158	0	0	0	0	0	0	0	0	0	0	0	0	0	0	0	0	0	0	0	0	0	0	0	0	0	0	0	0	0	0	0	0.0	0.0	0.0	0.0	0.000349	0.0	0.0	0.0	0.0	0.0	0.0	0.0	0.0	1.0	0.0	0.0	0.0	0.0	
234	234	6686.770522607	11088.162	11088.162	0.00025	0.0	0	0	0	0	232	0	0	0	0	0.0	0.0	0.0	0.0	0.24332	0.0	0.0	0.0	0.0	0.0	0.0	0.0	0.0	6444.26	0.0	0.0	0.0	0.0	0.0	0.0	0.0	0.0	27.777	0.0	0.0	0.0	0.0	0	0	0	0	73	0	0	0	0	0	0	0	0	0	0	0	0	0	0	0	0	0	159	0	0	0	0	0	0	0	0	0	0	0	0	0	0	0	0	0	0	0	0	0	0	0	0	0	0	0	0	0	0	0	0.0	0.0	0.0	0.0	0.000315	0.0	0.0	0.0	0.0	0.0	0.0	0.0	0.0	1.0	0.0	0.0	0.0	0.0	
235	235	6706.693432679	11088.162	11088.162	0.000243	0.0	0	0	0	0	233	0	0	0	0	0.0	0.0	0.0	0.0	0.218988	0.0	0.0	0.0	0.0	0.0	0.0	0.0	0.0	6464.18	0.0	0.0	0.0	0.0	0.0	0.0	0.0	0.0	27.7433	0.0	0.0	0.0	0.0	0	0	0	0	73	0	0	0	0	0	0	0	0	0	0	0	0	0	0	0	0	0	160	0	0	0	0	0	0	0	0	0	0	0	0	0	0	0	0	0	0	0	0	0	0	0	0	0	0	0	0	0	0	0	0.0	0.0	0.0	0.0	0.000285	0.0	0.0	0.0	0.0	0.0	0.0	0.0	0.0	1.0	0.0	0.0	0.0	0.0	
236	236	6790.375057437	11079.162	11079.162	0.000234	0.0	0	0	0	0	234	0	0	0	0	0.0	0.0	0.0	0.0	0.297089	0.0	0.0	0.0	0.0	0.0	0.0	0.0	0.0	6547.86	0.0	0.0	0.0	0.0	0.0	0.0	0.0	0.0	27.9823	0.0	0.0	0.0	0.0	0	0	0	0	74	0	0	0	0	0	0	0	0	0	0	0	0	0	0	0	0	0	160	0	0	0	0	0	0	0	0	0	0	0	0	0	0	0	0	0	0	0	0	0	0	0	0	0	0	0	0	0	0	0	0.0	0.0	0.0	0.0	0.000379	0.0	0.0	0.0	0.0	0.0	0.0	0.0	0.0	1.0	0.0	0.0	0.0	0.0	
237	237	6817.947073611	11079.162	11079.162	0.000199	0.0	0	0	0	0	235	0	0	0	0	0.0	0.0	0.0	0.0	0.26738	0.0	0.0	0.0	0.0	0.0	0.0	0.0	0.0	6575.44	0.0	0.0	0.0	0.0	0.0	0.0	0.0	0.0	27.9806	0.0	0.0	0.0	0.0	0	0	0	0	74	0	0	0	0	0	0	0	0	0	0	0	0	0	0	0	0	0	161	0	0	0	0	0	0	0	0	0	0	0	0	0	0	0	0	0	0	0	0	0	0	0	0	0	0	0	0	0	0	0	0.0	0.0	0.0	0.0	0.000342	0.0	0.0	0.0	0.0	0.0	0.0	0.0	0.0	1.0	0.0	0.0	0.0	0.0	
238	238	6835.993420192	11079.162	11079.162	0.000189	0.0	0	0	0	0	236	0	0	0	0	0.0	0.0	0.0	0.0	0.240642	0.0	0.0	0.0	0.0	0.0	0.0	0.0	0.0	6593.48	0.0	0.0	0.0	0.0	0.0	0.0	0.0	0.0	27.9385	0.0	0.0	0.0	0.0	0	0	0	0	74	0	0	0	0	0	0	0	0	0	0	0	0	0	0	0	0	0	162	0	0	0	0	0	0	0	0	0	0	0	0	0	0	0	0	0	0	0	0	0	0	0	0	0	0	0	0	0	0	0	0.0	0.0	0.0	0.0	0.000308	0.0	0.0	0.0	0.0	0.0	0.0	0.0	0.0	1.0	0.0	0.0	0.0	0.0	
239	239	6865.146096994	11076.162	11076.162	0.000182	0.0	0	0	0	0	237	0	0	0	0	0.0	0.0	0.0	0.0	0.316578	0.0	0.0	0.0	0.0	0.0	0.0	0.0	0.0	6622.63	0.0	0.0	0.0	0.0	0.0	0.0	0.0	0.0	27.9436	0.0	0.0	0.0	0.0	0	0	0	0	75	0	0	0	0	0	0	0	0	0	0	0	0	0	0	0	0	0	162	0	0	0	0	0	0	0	0	0	0	0	0	0	0	0	0	0	0	0	0	0	0	0	0	0	0	0	0	0	0	0	0.0	0.0	0.0	0.0	0.000405	0.0	0.0	0.0	0.0	0.0	0.0	0.0	0.0	1.0	0.0	0.0	0.0	0.0	
240	240	6899.681823948	11076.162	11076.162	0.000172	0.0	0	0	0	0	238	0	0	0	0	0.0	0.0	0.0	0.0	0.28492	0.0	0.0	0.0	0.0	0.0	0.0	0.0	0.0	6657.17	0.0	0.0	0.0	0.0	0.0	0.0	0.0	0.0	27.9713	0.0	0.0	0.0	0.0	0	0	0	0	75	0	0	0	0	0	0	0	0	0	0	0	0	0	0	0	0	0	163	0	0	0	0	0	0	0	0	0	0	0	0	0	0	0	0	0	0	0	0	0	0	0	0	0	0	0	0	0	0	0	0.0	0.0	0.0	0.0	0.000364	0.0	0.0	0.0	0.0	0.0	0.0	0.0	0.0	1.0	0.0	0.0	0.0	0.0	
241	241	6915.525444478	11076.162	11076.162	0.000161	0.0	0	0	0	0	239	0	0	0	0	0.0	0.0	0.0	0.0	0.256428	0.0	0.0	0.0	0.0	0.0	0.0	0.0	0.0	6673.01	0.0	0.0	0.0	0.0	0.0	0.0	0.0	0.0	27.9206	0.0	0.0	0.0	0.0	0	0	0	0	75	0	0	0	0	0	0	0	0	0	0	0	0	0	0	0	0	0	164	0	0	0	0	0	0	0	0	0	0	0	0	0	0	0	0	0	0	0	0	0	0	0	0	0	0	0	0	0	0	0	0.0	0.0	0.0	0.0	0.000329	0.0	0.0	0.0	0.0	0.0	0.0	0.0	0.0	1.0	0.0	0.0	0.0	0.0	
242	242	6936.447735064	11071.662	11071.662	0.000156	0.0	0	0	0	0	240	0	0	0	0	0.0	0.0	0.0	0.0	0.330785	0.0	0.0	0.0	0.0	0.0	0.0	0.0	0.0	6693.94	0.0	0.0	0.0	0.0	0.0	0.0	0.0	0.0	27.8914	0.0	0.0	0.0	0.0	0	0	0	0	76	0	0	0	0	0	0	0	0	0	0	0	0	0	0	0	0	0	164	0	0	0	0	0	0	0	0	0	0	0	0	0	0	0	0	0	0	0	0	0	0	0	0	0	0	0	0	0	0	0	0.0	0.0	0.0	0.0	0.000425	0.0	0.0	0.0	0.0	0.0	0.0	0.0	0.0	1.0	0.0	0.0	0.0	0.0	
243	243	6955.469042689	11071.662	11071.662	0.00015	0.0	0	0	0	0	241	0	0	0	0	0.0	0.0	0.0	0.0	0.297707	0.0	0.0	0.0	0.0	0.0	0.0	0.0	0.0	6712.96	0.0	0.0	0.0	0.0	0.0	0.0	0.0	0.0	27.8546	0.0	0.0	0.0	0.0	0	0	0	0	76	0	0	0	0	0	0	0	0	0	0	0	0	0	0	0	0	0	165	0	0	0	0	0	0	0	0	0	0	0	0	0	0	0	0	0	0	0	0	0	0	0	0	0	0	0	0	0	0	0	0.0	0.0	0.0	0.0	0.000384	0.0	0.0	0.0	0.0	0.0	0.0	0.0	0.0	1.0	0.0	0.0	0.0	0.0	
244	244	6972.417084289	11071.662	11071.662	0.000145	0.0	0	0	0	0	242	0	0	0	0	0.0	0.0	0.0	0.0	0.267936	0.0	0.0	0.0	0.0	0.0	0.0	0.0	0.0	6729.91	0.0	0.0	0.0	0.0	0.0	0.0	0.0	0.0	27.8095	0.0	0.0	0.0	0.0	0	0	0	0	76	0	0	0	0	0	0	0	0	0	0	0	0	0	0	0	0	0	166	0	0	0	0	0	0	0	0	0	0	0	0	0	0	0	0	0	0	0	0	0	0	0	0	0	0	0	0	0	0	0	0.0	0.0	0.0	0.0	0.000346	0.0	0.0	0.0	0.0	0.0	0.0	0.0	0.0	1.0	0.0	0.0	0.0	0.0	
245	245	6995.701485728	11071.662	11071.662	0.00014	0.0	0	0	0	0	243	0	0	0	0	0.0	0.0	0.0	0.0	0.241143	0.0	0.0	0.0	0.0	0.0	0.0	0.0	0.0	6753.19	0.0	0.0	0.0	0.0	0.0	0.0	0.0	0.0	27.7909	0.0	0.0	0.0	0.0	0	0	0	0	76	0	0	0	0	0	0	0	0	0	0	0	0	0	0	0	0	0	167	0	0	0	0	0	0	0	0	0	0	0	0	0	0	0	0	0	0	0	0	0	0	0	0	0	0	0	0	0	0	0	0.0	0.0	0.0	0.0	0.000312	0.0	0.0	0.0	0.0	0.0	0.0	0.0	0.0	1.0	0.0	0.0	0.0	0.0	
246	246	7012.965348865	11071.662	11071.662	0.000134	0.0	0	0	0	0	244	0	0	0	0	0.0	0.0	0.0	0.0	0.217028	0.0	0.0	0.0	0.0	0.0	0.0	0.0	0.0	6770.45	0.0	0.0	0.0	0.0	0.0	0.0	0.0	0.0	27.7478	0.0	0.0	0.0	0.0	0	0	0	0	76	0	0	0	0	0	0	0	0	0	0	0	0	0	0	0	0	0	168	0	0	0	0	0	0	0	0	0	0	0	0	0	0	0	0	0	0	0	0	0	0	0	0	0	0	0	0	0	0	0	0.0	0.0	0.0	0.0	0.000282	0.0	0.0	0.0	0.0	0.0	0.0	0.0	0.0	1.0	0.0	0.0	0.0	0.0	
247	247	7030.067436244	11071.662	11071.662	0.000129	0.0	0	0	0	0	245	0	0	0	0	0.0	0.0	0.0	0.0	0.195325	0.0	0.0	0.0	0.0	0.0	0.0	0.0	0.0	6787.56	0.0	0.0	0.0	0.0	0.0	0.0	0.0	0.0	27.7043	0.0	0.0	0.0	0.0	0	0	0	0	76	0	0	0	0	0	0	0	0	0	0	0	0	0	0	0	0	0	169	0	0	0	0	0	0	0	0	0	0	0	0	0	0	0	0	0	0	0	0	0	0	0	0	0	0	0	0	0	0	0	0.0	0.0	0.0	0.0	0.000254	0.0	0.0	0.0	0.0	0.0	0.0	0.0	0.0	1.0	0.0	0.0	0.0	0.0	
248	248	7056.946257395	11071.662	11071.662	0.000125	0.0	0	0	0	0	246	0	0	0	0	0.0	0.0	0.0	0.0	0.175793	0.0	0.0	0.0	0.0	0.0	0.0	0.0	0.0	6814.43	0.0	0.0	0.0	0.0	0.0	0.0	0.0	0.0	27.701	0.0	0.0	0.0	0.0	0	0	0	0	76	0	0	0	0	0	0	0	0	0	0	0	0	0	0	0	0	0	170	0	0	0	0	0	0	0	0	0	0	0	0	0	0	0	0	0	0	0	0	0	0	0	0	0	0	0	0	0	0	0	0.0	0.0	0.0	0.0	0.000229	0.0	0.0	0.0	0.0	0.0	0.0	0.0	0.0	1.0	0.0	0.0	0.0	0.0	
249	249	7090.845348183	11071.662	11071.662	0.000119	0.0	0	0	0	0	247	0	0	0	0	0.0	0.0	0.0	0.0	0.158214	0.0	0.0	0.0	0.0	0.0	0.0	0.0	0.0	6848.33	0.0	0.0	0.0	0.0	0.0	0.0	0.0	0.0	27.726	0.0	0.0	0.0	0.0	0	0	0	0	76	0	0	0	0	0	0	0	0	0	0	0	0	0	0	0	0	0	171	0	0	0	0	0	0	0	0	0	0	0	0	0	0	0	0	0	0	0	0	0	0	0	0	0	0	0	0	0	0	0	0.0	0.0	0.0	0.0	0.000206	0.0	0.0	0.0	0.0	0.0	0.0	0.0	0.0	1.0	0.0	0.0	0.0	0.0	
250	250	7110.948234503	11071.662	11071.662	0.000111	0.0	0	0	0	0	248	0	0	0	0	0.0	0.0	0.0	0.0	0.142392	0.0	0.0	0.0	0.0	0.0	0.0	0.0	0.0	6868.44	0.0	0.0	0.0	0.0	0.0	0.0	0.0	0.0	27.6953	0.0	0.0	0.0	0.0	0	0	0	0	76	0	0	0	0	0	0	0	0	0	0	0	0	0	0	0	0	0	172	0	0	0	0	0	0	0	0	0	0	0	0	0	0	0	0	0	0	0	0	0	0	0	0	0	0	0	0	0	0	0	0.0	0.0	0.0	0.0	0.000186	0.0	0.0	0.0	0.0	0.0	0.0	0.0	0.0	1.0	0.0	0.0	0.0	0.0	
251	251	7128.606310854	11071.662	11071.662	0.000107	0.0	0	0	0	0	249	0	0	0	0	0.0	0.0	0.0	0.0	0.128153	0.0	0.0	0.0	0.0	0.0	0.0	0.0	0.0	6886.09	0.0	0.0	0.0	0.0	0.0	0.0	0.0	0.0	27.655	0.0	0.0	0.0	0.0	0	0	0	0	76	0	0	0	0	0	0	0	0	0	0	0	0	0	0	0	0	0	173	0	0	0	0	0	0	0	0	0	0	0	0	0	0	0	0	0	0	0	0	0	0	0	0	0	0	0	0	0	0	0	0.0	0.0	0.0	0.0	0.000168	0.0	0.0	0.0	0.0	0.0	0.0	0.0	0.0	1.0	0.0	0.0	0.0	0.0	
252	252	7146.280917331	11071.662	11071.662	0.000104	0.0	0	0	0	0	250	0	0	0	0	0.0	0.0	0.0	0.0	0.115338	0.0	0.0	0.0	0.0	0.0	0.0	0.0	0.0	6903.77	0.0	0.0	0.0	0.0	0.0	0.0	0.0	0.0	27.6151	0.0	0.0	0.0	0.0	0	0	0	0	76	0	0	0	0	0	0	0	0	0	0	0	0	0	0	0	0	0	174	0	0	0	0	0	0	0	0	0	0	0	0	0	0	0	0	0	0	0	0	0	0	0	0	0	0	0	0	0	0	0	0.0	0.0	0.0	0.0	0.000151	0.0	0.0	0.0	0.0	0.0	0.0	0.0	0.0	1.0	0.0	0.0	0.0	0.0	
253	253	7163.774016639	11070.662	11070.662	0.0001	0.0	0	0	0	0	251	0	0	0	0	0.0	0.0	0.0	0.0	0.203804	0.0	0.0	0.0	0.0	0.0	0.0	0.0	0.0	6921.26	0.0	0.0	0.0	0.0	0.0	0.0	0.0	0.0	27.5747	0.0	0.0	0.0	0.0	0	0	0	0	77	0	0	0	0	0	0	0	0	0	0	0	0	0	0	0	0	0	174	0	0	0	0	0	0	0	0	0	0	0	0	0	0	0	0	0	0	0	0	0	0	0	0	0	0	0	0	0	0	0	0.0	0.0	0.0	0.0	0.000268	0.0	0.0	0.0	0.0	0.0	0.0	0.0	0.0	1.0	0.0	0.0	0.0	0.0	
254	253	7163.774029103	11070.662	11070.662	9.7e-5	0.0	0	0	0	0	251	0	0	0	0	0.0	0.0	0.0	0.0	0.203804	0.0	0.0	0.0	0.0	0.0	0.0	0.0	0.0	6921.26	0.0	0.0	0.0	0.0	0.0	0.0	0.0	0.0	27.5747	0.0	0.0	0.0	0.0	0	0	0	0	77	0	0	0	0	0	0	0	0	0	0	0	0	0	0	0	0	0	174	0	0	0	0	0	0	0	0	0	0	0	0	0	0	0	0	0	0	0	0	0	0	0	0	0	0	0	0	0	0	0	0.0	0.0	0.0	0.0	0.000268	0.0	0.0	0.0	0.0	0.0	0.0	0.0	0.0	1.0	0.0	0.0	0.0	0.0	
