indexLine	algoIter	time	best obj	current obj	T	probdelta1	nb uses 1	nb uses 2	nb uses 3	nb uses 4	nb uses 5	nb uses 6	nb uses 7	nb uses 8	nb uses 9	score 1	score 2	score 3	score 4	score 5	score 6	score 7	score 8	score 9	duration 1	duration 2	duration 3	duration 4	duration 5	duration 6	duration 7	duration 8	duration 9	avgDuration 1	avgDuration 2	avgDuration 3	avgDuration 4	avgDuration 5	avgDuration 6	avgDuration 7	avgDuration 8	avgDuration 9	sigmas1 1	sigmas1 2	sigmas1 3	sigmas1 4	sigmas1 5	sigmas1 6	sigmas1 7	sigmas1 8	sigmas1 9	sigmas2 1	sigmas2 2	sigmas2 3	sigmas2 4	sigmas2 5	sigmas2 6	sigmas2 7	sigmas2 8	sigmas2 9	sigmas3 1	sigmas3 2	sigmas3 3	sigmas3 4	sigmas3 5	sigmas3 6	sigmas3 7	sigmas3 8	sigmas3 9	sigmas4 1	sigmas4 2	sigmas4 3	sigmas4 4	sigmas4 5	sigmas4 6	sigmas4 7	sigmas4 8	sigmas4 9	sigmas5 1	sigmas5 2	sigmas5 3	sigmas5 4	sigmas5 5	sigmas5 6	sigmas5 7	sigmas5 8	sigmas5 9	sigmas6 1	sigmas6 2	sigmas6 3	sigmas6 4	sigmas6 5	sigmas6 6	sigmas6 7	sigmas6 8	sigmas6 9	weight 1	weight 2	weight 3	weight 4	weight 5	weight 6	weight 7	weight 8	weight 9	proba 1	proba 2	proba 3	proba 4	proba 5	proba 6	proba 7	proba 8	proba 9	
1	1	153.161212083	3542.3	3542.3	100.0	0.99005	0	0	0	0	0	0	0	0	0	0.0	0.0	0.0	0.0	0.0	0.0	0.0	0.0	0.0	0.0	0.0	0.0	0.0	0.0	0.0	0.0	0.0	0.0	0.0	0.0	0.0	0.0	0.0	0.0	0.0	0.0	0.0	0	0	0	0	0	0	0	0	0	0	0	0	0	0	0	0	0	0	0	0	0	0	0	0	0	0	0	0	0	0	0	0	0	0	0	0	0	0	0	0	0	0	0	0	0	0	0	0	0	0	0	0	0	0	0.0	0.0	0.0	0.0	0.0	0.0	0.0	0.0	0.0	0.0	0.0	0.0	0.0	0.0	0.0	0.0	0.0	0.0	
2	2	187.47535425	3134.65	3134.65	100.0	0.99005	0	0	0	0	0	0	0	0	0	0.0	0.0	0.0	0.0	1.0	0.0	0.0	0.0	0.0	0.0	0.0	0.0	0.0	0.0	0.0	0.0	0.0	0.0	0.0	0.0	0.0	0.0	34.3141	0.0	0.0	0.0	0.0	0	0	0	0	0	0	0	0	0	0	0	0	0	0	0	0	0	0	0	0	0	0	0	0	0	0	0	0	0	0	0	0	0	0	0	0	0	0	0	0	0	0	0	0	0	0	0	0	0	0	0	0	0	0	0.0	0.0	0.0	0.0	0.000849	0.0	0.0	0.0	0.0	0.0	0.0	0.0	0.0	0.0	0.0	0.0	0.0	0.0	
3	3	265.368710253	3019.2	3019.2	100.0	0.99005	0	0	0	0	1	0	0	0	0	0.0	0.0	0.0	0.0	1.0	0.0	0.0	0.0	0.0	0.0	0.0	0.0	0.0	77.8933	0.0	0.0	0.0	0.0	0.0	0.0	0.0	0.0	77.8933	0.0	0.0	0.0	0.0	0	0	0	0	1	0	0	0	0	0	0	0	0	0	0	0	0	0	0	0	0	0	0	0	0	0	0	0	0	0	0	0	0	0	0	0	0	0	0	0	0	0	0	0	0	0	0	0	0	0	0	0	0	0	0.0	0.0	0.0	0.0	0.000165	0.0	0.0	0.0	0.0	0.0	0.0	0.0	0.0	1.0	0.0	0.0	0.0	0.0	
4	4	271.191143271	2988.7	2988.7	60.0394	0.983482	0	0	0	0	2	0	0	0	0	0.0	0.0	0.0	0.0	1.0	0.0	0.0	0.0	0.0	0.0	0.0	0.0	0.0	83.7157	0.0	0.0	0.0	0.0	0.0	0.0	0.0	0.0	41.8579	0.0	0.0	0.0	0.0	0	0	0	0	2	0	0	0	0	0	0	0	0	0	0	0	0	0	0	0	0	0	0	0	0	0	0	0	0	0	0	0	0	0	0	0	0	0	0	0	0	0	0	0	0	0	0	0	0	0	0	0	0	0	0.0	0.0	0.0	0.0	0.000571	0.0	0.0	0.0	0.0	0.0	0.0	0.0	0.0	1.0	0.0	0.0	0.0	0.0	
5	5	451.387528808	2835.65	2835.65	59.3711	0.983298	0	0	0	0	3	0	0	0	0	0.0	0.0	0.0	0.0	1.0	0.0	0.0	0.0	0.0	0.0	0.0	0.0	0.0	263.912	0.0	0.0	0.0	0.0	0.0	0.0	0.0	0.0	87.9707	0.0	0.0	0.0	0.0	0	0	0	0	3	0	0	0	0	0	0	0	0	0	0	0	0	0	0	0	0	0	0	0	0	0	0	0	0	0	0	0	0	0	0	0	0	0	0	0	0	0	0	0	0	0	0	0	0	0	0	0	0	0	0.0	0.0	0.0	0.0	0.000129	0.0	0.0	0.0	0.0	0.0	0.0	0.0	0.0	1.0	0.0	0.0	0.0	0.0	
6	6	481.668919724	2794.3	2794.3	41.9879	0.976465	0	0	0	0	4	0	0	0	0	0.0	0.0	0.0	0.0	1.0	0.0	0.0	0.0	0.0	0.0	0.0	0.0	0.0	294.193	0.0	0.0	0.0	0.0	0.0	0.0	0.0	0.0	73.5484	0.0	0.0	0.0	0.0	0	0	0	0	4	0	0	0	0	0	0	0	0	0	0	0	0	0	0	0	0	0	0	0	0	0	0	0	0	0	0	0	0	0	0	0	0	0	0	0	0	0	0	0	0	0	0	0	0	0	0	0	0	0	0.0	0.0	0.0	0.0	0.000185	0.0	0.0	0.0	0.0	0.0	0.0	0.0	0.0	1.0	0.0	0.0	0.0	0.0	
7	7	581.063925713	2763.15	2763.15	39.6133	0.975072	0	0	0	0	5	0	0	0	0	0.0	0.0	0.0	0.0	1.0	0.0	0.0	0.0	0.0	0.0	0.0	0.0	0.0	393.588	0.0	0.0	0.0	0.0	0.0	0.0	0.0	0.0	78.7177	0.0	0.0	0.0	0.0	0	0	0	0	5	0	0	0	0	0	0	0	0	0	0	0	0	0	0	0	0	0	0	0	0	0	0	0	0	0	0	0	0	0	0	0	0	0	0	0	0	0	0	0	0	0	0	0	0	0	0	0	0	0	0.0	0.0	0.0	0.0	0.000161	0.0	0.0	0.0	0.0	0.0	0.0	0.0	0.0	1.0	0.0	0.0	0.0	0.0	
8	8	589.467714996	2709.65	2709.65	32.723	0.969903	0	0	0	0	6	0	0	0	0	0.0	0.0	0.0	0.0	1.0	0.0	0.0	0.0	0.0	0.0	0.0	0.0	0.0	401.992	0.0	0.0	0.0	0.0	0.0	0.0	0.0	0.0	66.9987	0.0	0.0	0.0	0.0	0	0	0	0	6	0	0	0	0	0	0	0	0	0	0	0	0	0	0	0	0	0	0	0	0	0	0	0	0	0	0	0	0	0	0	0	0	0	0	0	0	0	0	0	0	0	0	0	0	0	0	0	0	0	0.0	0.0	0.0	0.0	0.000223	0.0	0.0	0.0	0.0	0.0	0.0	0.0	0.0	1.0	0.0	0.0	0.0	0.0	
9	9	715.163940983	2706.15	2706.15	32.1986	0.96942	0	0	0	0	7	0	0	0	0	0.0	0.0	0.0	0.0	1.0	0.0	0.0	0.0	0.0	0.0	0.0	0.0	0.0	527.688	0.0	0.0	0.0	0.0	0.0	0.0	0.0	0.0	75.3841	0.0	0.0	0.0	0.0	0	0	0	0	7	0	0	0	0	0	0	0	0	0	0	0	0	0	0	0	0	0	0	0	0	0	0	0	0	0	0	0	0	0	0	0	0	0	0	0	0	0	0	0	0	0	0	0	0	0	0	0	0	0	0.0	0.0	0.0	0.0	0.000176	0.0	0.0	0.0	0.0	0.0	0.0	0.0	0.0	1.0	0.0	0.0	0.0	0.0	
10	10	887.957060384	2686.2	2686.2	25.2866	0.961225	0	0	0	0	8	0	0	0	0	0.0	0.0	0.0	0.0	1.0	0.0	0.0	0.0	0.0	0.0	0.0	0.0	0.0	700.481	0.0	0.0	0.0	0.0	0.0	0.0	0.0	0.0	87.5602	0.0	0.0	0.0	0.0	0	0	0	0	8	0	0	0	0	0	0	0	0	0	0	0	0	0	0	0	0	0	0	0	0	0	0	0	0	0	0	0	0	0	0	0	0	0	0	0	0	0	0	0	0	0	0	0	0	0	0	0	0	0	0.0	0.0	0.0	0.0	0.00013	0.0	0.0	0.0	0.0	0.0	0.0	0.0	0.0	1.0	0.0	0.0	0.0	0.0	
11	11	899.678473123	2679.2	2679.2	18.1393	0.946363	0	0	0	0	9	0	0	0	0	0.0	0.0	0.0	0.0	1.0	0.0	0.0	0.0	0.0	0.0	0.0	0.0	0.0	712.203	0.0	0.0	0.0	0.0	0.0	0.0	0.0	0.0	79.1337	0.0	0.0	0.0	0.0	0	0	0	0	9	0	0	0	0	0	0	0	0	0	0	0	0	0	0	0	0	0	0	0	0	0	0	0	0	0	0	0	0	0	0	0	0	0	0	0	0	0	0	0	0	0	0	0	0	0	0	0	0	0	0.0	0.0	0.0	0.0	0.00016	0.0	0.0	0.0	0.0	0.0	0.0	0.0	0.0	1.0	0.0	0.0	0.0	0.0	
12	12	924.954789583	2679.2	2679.2	17.7351	0.945175	0	0	0	0	10	0	0	0	0	0.0	0.0	0.0	0.0	0.9	0.0	0.0	0.0	0.0	0.0	0.0	0.0	0.0	737.479	0.0	0.0	0.0	0.0	0.0	0.0	0.0	0.0	73.7479	0.0	0.0	0.0	0.0	0	0	0	0	9	0	0	0	0	0	0	0	0	0	0	0	0	0	0	0	0	0	1	0	0	0	0	0	0	0	0	0	0	0	0	0	0	0	0	0	0	0	0	0	0	0	0	0	0	0	0	0	0	0	0.0	0.0	0.0	0.0	0.000165	0.0	0.0	0.0	0.0	0.0	0.0	0.0	0.0	1.0	0.0	0.0	0.0	0.0	
13	13	930.355906742	2679.2	2679.2	16.8939	0.942525	0	0	0	0	11	0	0	0	0	0.0	0.0	0.0	0.0	0.81	0.0	0.0	0.0	0.0	0.0	0.0	0.0	0.0	742.88	0.0	0.0	0.0	0.0	0.0	0.0	0.0	0.0	67.5346	0.0	0.0	0.0	0.0	0	0	0	0	9	0	0	0	0	0	0	0	0	0	0	0	0	0	0	0	0	0	2	0	0	0	0	0	0	0	0	0	0	0	0	0	0	0	0	0	0	0	0	0	0	0	0	0	0	0	0	0	0	0	0.0	0.0	0.0	0.0	0.000178	0.0	0.0	0.0	0.0	0.0	0.0	0.0	0.0	1.0	0.0	0.0	0.0	0.0	
14	14	935.779355248	2679.2	2679.2	16.7194	0.941943	0	0	0	0	12	0	0	0	0	0.0	0.0	0.0	0.0	0.729	0.0	0.0	0.0	0.0	0.0	0.0	0.0	0.0	748.304	0.0	0.0	0.0	0.0	0.0	0.0	0.0	0.0	62.3586	0.0	0.0	0.0	0.0	0	0	0	0	9	0	0	0	0	0	0	0	0	0	0	0	0	0	0	0	0	0	3	0	0	0	0	0	0	0	0	0	0	0	0	0	0	0	0	0	0	0	0	0	0	0	0	0	0	0	0	0	0	0	0.0	0.0	0.0	0.0	0.000187	0.0	0.0	0.0	0.0	0.0	0.0	0.0	0.0	1.0	0.0	0.0	0.0	0.0	
15	15	945.214306554	2677.2	2677.2	16.5459	0.941352	0	0	0	0	13	0	0	0	0	0.0	0.0	0.0	0.0	0.7561	0.0	0.0	0.0	0.0	0.0	0.0	0.0	0.0	757.739	0.0	0.0	0.0	0.0	0.0	0.0	0.0	0.0	58.2876	0.0	0.0	0.0	0.0	0	0	0	0	10	0	0	0	0	0	0	0	0	0	0	0	0	0	0	0	0	0	3	0	0	0	0	0	0	0	0	0	0	0	0	0	0	0	0	0	0	0	0	0	0	0	0	0	0	0	0	0	0	0	0.0	0.0	0.0	0.0	0.000223	0.0	0.0	0.0	0.0	0.0	0.0	0.0	0.0	1.0	0.0	0.0	0.0	0.0	
16	16	951.951746643	2674.2	2674.2	16.2485	0.940312	0	0	0	0	14	0	0	0	0	0.0	0.0	0.0	0.0	0.78049	0.0	0.0	0.0	0.0	0.0	0.0	0.0	0.0	764.476	0.0	0.0	0.0	0.0	0.0	0.0	0.0	0.0	54.6054	0.0	0.0	0.0	0.0	0	0	0	0	11	0	0	0	0	0	0	0	0	0	0	0	0	0	0	0	0	0	3	0	0	0	0	0	0	0	0	0	0	0	0	0	0	0	0	0	0	0	0	0	0	0	0	0	0	0	0	0	0	0	0.0	0.0	0.0	0.0	0.000262	0.0	0.0	0.0	0.0	0.0	0.0	0.0	0.0	1.0	0.0	0.0	0.0	0.0	
17	17	958.734904199	2674.2	2674.2	16.0394	0.939557	0	0	0	0	15	0	0	0	0	0.0	0.0	0.0	0.0	0.702441	0.0	0.0	0.0	0.0	0.0	0.0	0.0	0.0	771.259	0.0	0.0	0.0	0.0	0.0	0.0	0.0	0.0	51.4173	0.0	0.0	0.0	0.0	0	0	0	0	11	0	0	0	0	0	0	0	0	0	0	0	0	0	0	0	0	0	4	0	0	0	0	0	0	0	0	0	0	0	0	0	0	0	0	0	0	0	0	0	0	0	0	0	0	0	0	0	0	0	0.0	0.0	0.0	0.0	0.000266	0.0	0.0	0.0	0.0	0.0	0.0	0.0	0.0	1.0	0.0	0.0	0.0	0.0	
18	18	964.31908176	2674.2	2674.2	15.8316	0.938789	0	0	0	0	16	0	0	0	0	0.0	0.0	0.0	0.0	0.632197	0.0	0.0	0.0	0.0	0.0	0.0	0.0	0.0	776.843	0.0	0.0	0.0	0.0	0.0	0.0	0.0	0.0	48.5527	0.0	0.0	0.0	0.0	0	0	0	0	11	0	0	0	0	0	0	0	0	0	0	0	0	0	0	0	0	0	5	0	0	0	0	0	0	0	0	0	0	0	0	0	0	0	0	0	0	0	0	0	0	0	0	0	0	0	0	0	0	0	0.0	0.0	0.0	0.0	0.000268	0.0	0.0	0.0	0.0	0.0	0.0	0.0	0.0	1.0	0.0	0.0	0.0	0.0	
19	19	973.62443246	2661.7	2661.7	15.6626	0.938149	0	0	0	0	17	0	0	0	0	0.0	0.0	0.0	0.0	0.668977	0.0	0.0	0.0	0.0	0.0	0.0	0.0	0.0	786.149	0.0	0.0	0.0	0.0	0.0	0.0	0.0	0.0	46.244	0.0	0.0	0.0	0.0	0	0	0	0	12	0	0	0	0	0	0	0	0	0	0	0	0	0	0	0	0	0	5	0	0	0	0	0	0	0	0	0	0	0	0	0	0	0	0	0	0	0	0	0	0	0	0	0	0	0	0	0	0	0	0.0	0.0	0.0	0.0	0.000313	0.0	0.0	0.0	0.0	0.0	0.0	0.0	0.0	1.0	0.0	0.0	0.0	0.0	
20	20	1101.365937961	2583.1	2583.1	15.3849	0.937068	0	0	0	0	18	0	0	0	0	0.0	0.0	0.0	0.0	0.702079	0.0	0.0	0.0	0.0	0.0	0.0	0.0	0.0	913.89	0.0	0.0	0.0	0.0	0.0	0.0	0.0	0.0	50.7717	0.0	0.0	0.0	0.0	0	0	0	0	13	0	0	0	0	0	0	0	0	0	0	0	0	0	0	0	0	0	5	0	0	0	0	0	0	0	0	0	0	0	0	0	0	0	0	0	0	0	0	0	0	0	0	0	0	0	0	0	0	0	0.0	0.0	0.0	0.0	0.000272	0.0	0.0	0.0	0.0	0.0	0.0	0.0	0.0	1.0	0.0	0.0	0.0	0.0	
21	21	1206.167240202	2583.1	2583.1	12.0348	0.920266	0	0	0	0	19	0	0	0	0	0.0	0.0	0.0	0.0	0.631872	0.0	0.0	0.0	0.0	0.0	0.0	0.0	0.0	1018.69	0.0	0.0	0.0	0.0	0.0	0.0	0.0	0.0	53.6153	0.0	0.0	0.0	0.0	0	0	0	0	13	0	0	0	0	0	0	0	0	0	0	0	0	0	0	0	0	0	6	0	0	0	0	0	0	0	0	0	0	0	0	0	0	0	0	0	0	0	0	0	0	0	0	0	0	0	0	0	0	0	0.0	0.0	0.0	0.0	0.00022	0.0	0.0	0.0	0.0	0.0	0.0	0.0	0.0	1.0	0.0	0.0	0.0	0.0	
22	22	1274.03948738	2583.1	2583.1	9.83869	0.903355	0	0	0	0	20	0	0	0	0	0.0	0.0	0.0	0.0	0.568684	0.0	0.0	0.0	0.0	0.0	0.0	0.0	0.0	1086.56	0.0	0.0	0.0	0.0	0.0	0.0	0.0	0.0	54.3282	0.0	0.0	0.0	0.0	0	0	0	0	13	0	0	0	0	0	0	0	0	0	0	0	0	0	0	0	0	0	7	0	0	0	0	0	0	0	0	0	0	0	0	0	0	0	0	0	0	0	0	0	0	0	0	0	0	0	0	0	0	0	0.0	0.0	0.0	0.0	0.000193	0.0	0.0	0.0	0.0	0.0	0.0	0.0	0.0	1.0	0.0	0.0	0.0	0.0	
23	23	1283.045450904	2565.1	2565.1	8.63513	0.890648	0	0	0	0	21	0	0	0	0	0.0	0.0	0.0	0.0	0.611816	0.0	0.0	0.0	0.0	0.0	0.0	0.0	0.0	1095.57	0.0	0.0	0.0	0.0	0.0	0.0	0.0	0.0	52.17	0.0	0.0	0.0	0.0	0	0	0	0	14	0	0	0	0	0	0	0	0	0	0	0	0	0	0	0	0	0	7	0	0	0	0	0	0	0	0	0	0	0	0	0	0	0	0	0	0	0	0	0	0	0	0	0	0	0	0	0	0	0	0.0	0.0	0.0	0.0	0.000225	0.0	0.0	0.0	0.0	0.0	0.0	0.0	0.0	1.0	0.0	0.0	0.0	0.0	
24	24	1294.382808212	2565.1	2565.1	8.48691	0.888848	0	0	0	0	22	0	0	0	0	0.0	0.0	0.0	0.0	0.550634	0.0	0.0	0.0	0.0	0.0	0.0	0.0	0.0	1106.91	0.0	0.0	0.0	0.0	0.0	0.0	0.0	0.0	50.3139	0.0	0.0	0.0	0.0	0	0	0	0	14	0	0	0	0	0	0	0	0	0	0	0	0	0	0	0	0	0	8	0	0	0	0	0	0	0	0	0	0	0	0	0	0	0	0	0	0	0	0	0	0	0	0	0	0	0	0	0	0	0	0.0	0.0	0.0	0.0	0.000218	0.0	0.0	0.0	0.0	0.0	0.0	0.0	0.0	1.0	0.0	0.0	0.0	0.0	
25	25	1299.978390841	2553.6	2553.6	8.30393	0.886544	0	0	0	0	23	0	0	0	0	0.0	0.0	0.0	0.0	0.595571	0.0	0.0	0.0	0.0	0.0	0.0	0.0	0.0	1112.5	0.0	0.0	0.0	0.0	0.0	0.0	0.0	0.0	48.3697	0.0	0.0	0.0	0.0	0	0	0	0	15	0	0	0	0	0	0	0	0	0	0	0	0	0	0	0	0	0	8	0	0	0	0	0	0	0	0	0	0	0	0	0	0	0	0	0	0	0	0	0	0	0	0	0	0	0	0	0	0	0	0.0	0.0	0.0	0.0	0.000255	0.0	0.0	0.0	0.0	0.0	0.0	0.0	0.0	1.0	0.0	0.0	0.0	0.0	
26	26	1311.116845612	2544.6	2544.6	8.21508	0.88539	0	0	0	0	24	0	0	0	0	0.0	0.0	0.0	0.0	0.636014	0.0	0.0	0.0	0.0	0.0	0.0	0.0	0.0	1123.64	0.0	0.0	0.0	0.0	0.0	0.0	0.0	0.0	46.8184	0.0	0.0	0.0	0.0	0	0	0	0	16	0	0	0	0	0	0	0	0	0	0	0	0	0	0	0	0	0	8	0	0	0	0	0	0	0	0	0	0	0	0	0	0	0	0	0	0	0	0	0	0	0	0	0	0	0	0	0	0	0	0.0	0.0	0.0	0.0	0.00029	0.0	0.0	0.0	0.0	0.0	0.0	0.0	0.0	1.0	0.0	0.0	0.0	0.0	
27	27	1491.156581314	2543.6	2543.6	8.04103	0.88306	0	0	0	0	25	0	0	0	0	0.0	0.0	0.0	0.0	0.672412	0.0	0.0	0.0	0.0	0.0	0.0	0.0	0.0	1303.68	0.0	0.0	0.0	0.0	0.0	0.0	0.0	0.0	52.1472	0.0	0.0	0.0	0.0	0	0	0	0	17	0	0	0	0	0	0	0	0	0	0	0	0	0	0	0	0	0	8	0	0	0	0	0	0	0	0	0	0	0	0	0	0	0	0	0	0	0	0	0	0	0	0	0	0	0	0	0	0	0	0.0	0.0	0.0	0.0	0.000247	0.0	0.0	0.0	0.0	0.0	0.0	0.0	0.0	1.0	0.0	0.0	0.0	0.0	
28	28	1671.247841173	2543.6	2543.6	5.68842	0.838789	0	0	0	0	26	0	0	0	0	0.0	0.0	0.0	0.0	0.605171	0.0	0.0	0.0	0.0	0.0	0.0	0.0	0.0	1483.77	0.0	0.0	0.0	0.0	0.0	0.0	0.0	0.0	57.0681	0.0	0.0	0.0	0.0	0	0	0	0	17	0	0	0	0	0	0	0	0	0	0	0	0	0	0	0	0	0	9	0	0	0	0	0	0	0	0	0	0	0	0	0	0	0	0	0	0	0	0	0	0	0	0	0	0	0	0	0	0	0	0.0	0.0	0.0	0.0	0.000186	0.0	0.0	0.0	0.0	0.0	0.0	0.0	0.0	1.0	0.0	0.0	0.0	0.0	
29	29	1826.566880457	2543.6	2543.6	4.02373	0.77995	0	0	0	0	27	0	0	0	0	0.0	0.0	0.0	0.0	0.544654	0.0	0.0	0.0	0.0	0.0	0.0	0.0	0.0	1639.09	0.0	0.0	0.0	0.0	0.0	0.0	0.0	0.0	60.7071	0.0	0.0	0.0	0.0	0	0	0	0	17	0	0	0	0	0	0	0	0	0	0	0	0	0	0	0	0	0	10	0	0	0	0	0	0	0	0	0	0	0	0	0	0	0	0	0	0	0	0	0	0	0	0	0	0	0	0	0	0	0	0.0	0.0	0.0	0.0	0.000148	0.0	0.0	0.0	0.0	0.0	0.0	0.0	0.0	1.0	0.0	0.0	0.0	0.0	
30	30	1895.855989166	2543.6	2543.6	2.98503	0.715334	0	0	0	0	28	0	0	0	0	0.0	0.0	0.0	0.0	0.490189	0.0	0.0	0.0	0.0	0.0	0.0	0.0	0.0	1708.38	0.0	0.0	0.0	0.0	0.0	0.0	0.0	0.0	61.0136	0.0	0.0	0.0	0.0	0	0	0	0	17	0	0	0	0	0	0	0	0	0	0	0	0	0	0	0	0	0	11	0	0	0	0	0	0	0	0	0	0	0	0	0	0	0	0	0	0	0	0	0	0	0	0	0	0	0	0	0	0	0	0.0	0.0	0.0	0.0	0.000132	0.0	0.0	0.0	0.0	0.0	0.0	0.0	0.0	1.0	0.0	0.0	0.0	0.0	
31	31	1911.677266415	2543.6	2543.6	2.61274	0.681991	0	0	0	0	29	0	0	0	0	0.0	0.0	0.0	0.0	0.44117	0.0	0.0	0.0	0.0	0.0	0.0	0.0	0.0	1724.2	0.0	0.0	0.0	0.0	0.0	0.0	0.0	0.0	59.4552	0.0	0.0	0.0	0.0	0	0	0	0	17	0	0	0	0	0	0	0	0	0	0	0	0	0	0	0	0	0	12	0	0	0	0	0	0	0	0	0	0	0	0	0	0	0	0	0	0	0	0	0	0	0	0	0	0	0	0	0	0	0	0.0	0.0	0.0	0.0	0.000125	0.0	0.0	0.0	0.0	0.0	0.0	0.0	0.0	1.0	0.0	0.0	0.0	0.0	
32	32	1921.524191821	2543.6	2543.6	2.53447	0.673977	0	0	0	0	30	0	0	0	0	0.0	0.0	0.0	0.0	0.397053	0.0	0.0	0.0	0.0	0.0	0.0	0.0	0.0	1734.05	0.0	0.0	0.0	0.0	0.0	0.0	0.0	0.0	57.8016	0.0	0.0	0.0	0.0	0	0	0	0	17	0	0	0	0	0	0	0	0	0	0	0	0	0	0	0	0	0	13	0	0	0	0	0	0	0	0	0	0	0	0	0	0	0	0	0	0	0	0	0	0	0	0	0	0	0	0	0	0	0	0.0	0.0	0.0	0.0	0.000119	0.0	0.0	0.0	0.0	0.0	0.0	0.0	0.0	1.0	0.0	0.0	0.0	0.0	
33	33	1922.899744563	2543.6	2543.6	2.48694	0.668914	0	0	0	0	31	0	0	0	0	0.0	0.0	0.0	0.0	0.357348	0.0	0.0	0.0	0.0	0.0	0.0	0.0	0.0	1735.42	0.0	0.0	0.0	0.0	0.0	0.0	0.0	0.0	55.9814	0.0	0.0	0.0	0.0	0	0	0	0	17	0	0	0	0	0	0	0	0	0	0	0	0	0	0	0	0	0	14	0	0	0	0	0	0	0	0	0	0	0	0	0	0	0	0	0	0	0	0	0	0	0	0	0	0	0	0	0	0	0	0.0	0.0	0.0	0.0	0.000114	0.0	0.0	0.0	0.0	0.0	0.0	0.0	0.0	1.0	0.0	0.0	0.0	0.0	
34	34	1931.084361549	2542.1	2542.1	2.48037	0.668202	0	0	0	0	32	0	0	0	0	0.0	0.0	0.0	0.0	0.421613	0.0	0.0	0.0	0.0	0.0	0.0	0.0	0.0	1743.61	0.0	0.0	0.0	0.0	0.0	0.0	0.0	0.0	54.4878	0.0	0.0	0.0	0.0	0	0	0	0	18	0	0	0	0	0	0	0	0	0	0	0	0	0	0	0	0	0	14	0	0	0	0	0	0	0	0	0	0	0	0	0	0	0	0	0	0	0	0	0	0	0	0	0	0	0	0	0	0	0	0.0	0.0	0.0	0.0	0.000142	0.0	0.0	0.0	0.0	0.0	0.0	0.0	0.0	1.0	0.0	0.0	0.0	0.0	
35	35	1934.800243902	2542.1	2542.1	2.44165	0.663943	0	0	0	0	33	0	0	0	0	0.0	0.0	0.0	0.0	0.379452	0.0	0.0	0.0	0.0	0.0	0.0	0.0	0.0	1747.32	0.0	0.0	0.0	0.0	0.0	0.0	0.0	0.0	52.9492	0.0	0.0	0.0	0.0	0	0	0	0	18	0	0	0	0	0	0	0	0	0	0	0	0	0	0	0	0	0	15	0	0	0	0	0	0	0	0	0	0	0	0	0	0	0	0	0	0	0	0	0	0	0	0	0	0	0	0	0	0	0	0.0	0.0	0.0	0.0	0.000135	0.0	0.0	0.0	0.0	0.0	0.0	0.0	0.0	1.0	0.0	0.0	0.0	0.0	
36	36	1936.986410429	2542.1	2542.1	2.42427	0.661996	0	0	0	0	34	0	0	0	0	0.0	0.0	0.0	0.0	0.341506	0.0	0.0	0.0	0.0	0.0	0.0	0.0	0.0	1749.51	0.0	0.0	0.0	0.0	0.0	0.0	0.0	0.0	51.4562	0.0	0.0	0.0	0.0	0	0	0	0	18	0	0	0	0	0	0	0	0	0	0	0	0	0	0	0	0	0	16	0	0	0	0	0	0	0	0	0	0	0	0	0	0	0	0	0	0	0	0	0	0	0	0	0	0	0	0	0	0	0	0.0	0.0	0.0	0.0	0.000129	0.0	0.0	0.0	0.0	0.0	0.0	0.0	0.0	1.0	0.0	0.0	0.0	0.0	
37	37	2034.153562411	2542.1	2542.1	2.4141	0.660847	0	0	0	0	35	0	0	0	0	0.0	0.0	0.0	0.0	0.307356	0.0	0.0	0.0	0.0	0.0	0.0	0.0	0.0	1846.68	0.0	0.0	0.0	0.0	0.0	0.0	0.0	0.0	52.7622	0.0	0.0	0.0	0.0	0	0	0	0	18	0	0	0	0	0	0	0	0	0	0	0	0	0	0	0	0	0	17	0	0	0	0	0	0	0	0	0	0	0	0	0	0	0	0	0	0	0	0	0	0	0	0	0	0	0	0	0	0	0	0.0	0.0	0.0	0.0	0.00011	0.0	0.0	0.0	0.0	0.0	0.0	0.0	0.0	1.0	0.0	0.0	0.0	0.0	
38	38	2111.487855087	2541.1	2541.1	2.00276	0.606948	0	0	0	0	36	0	0	0	0	0.0	0.0	0.0	0.0	0.37662	0.0	0.0	0.0	0.0	0.0	0.0	0.0	0.0	1924.01	0.0	0.0	0.0	0.0	0.0	0.0	0.0	0.0	53.4448	0.0	0.0	0.0	0.0	0	0	0	0	19	0	0	0	0	0	0	0	0	0	0	0	0	0	0	0	0	0	17	0	0	0	0	0	0	0	0	0	0	0	0	0	0	0	0	0	0	0	0	0	0	0	0	0	0	0	0	0	0	0	0.0	0.0	0.0	0.0	0.000132	0.0	0.0	0.0	0.0	0.0	0.0	0.0	0.0	1.0	0.0	0.0	0.0	0.0	
39	39	2210.130650293	2541.1	2541.1	1.72608	0.560263	0	0	0	0	37	0	0	0	0	0.0	0.0	0.0	0.0	0.338958	0.0	0.0	0.0	0.0	0.0	0.0	0.0	0.0	2022.65	0.0	0.0	0.0	0.0	0.0	0.0	0.0	0.0	54.6663	0.0	0.0	0.0	0.0	0	0	0	0	19	0	0	0	0	0	0	0	0	0	0	0	0	0	0	0	0	0	18	0	0	0	0	0	0	0	0	0	0	0	0	0	0	0	0	0	0	0	0	0	0	0	0	0	0	0	0	0	0	0	0.0	0.0	0.0	0.0	0.000113	0.0	0.0	0.0	0.0	0.0	0.0	0.0	0.0	1.0	0.0	0.0	0.0	0.0	
40	40	2211.409253633	2541.1	2541.1	1.42791	0.496424	0	0	0	0	38	0	0	0	0	0.0	0.0	0.0	0.0	0.305062	0.0	0.0	0.0	0.0	0.0	0.0	0.0	0.0	2023.93	0.0	0.0	0.0	0.0	0.0	0.0	0.0	0.0	53.2614	0.0	0.0	0.0	0.0	0	0	0	0	19	0	0	0	0	0	0	0	0	0	0	0	0	0	0	0	0	0	19	0	0	0	0	0	0	0	0	0	0	0	0	0	0	0	0	0	0	0	0	0	0	0	0	0	0	0	0	0	0	0	0.0	0.0	0.0	0.0	0.000108	0.0	0.0	0.0	0.0	0.0	0.0	0.0	0.0	1.0	0.0	0.0	0.0	0.0	
41	41	2272.31385776	2541.1	2541.1	1.4244	0.495569	0	0	0	0	39	0	0	0	0	0.0	0.0	0.0	0.0	0.274556	0.0	0.0	0.0	0.0	0.0	0.0	0.0	0.0	2084.84	0.0	0.0	0.0	0.0	0.0	0.0	0.0	0.0	53.4574	0.0	0.0	0.0	0.0	0	0	0	0	19	0	0	0	0	0	0	0	0	0	0	0	0	0	0	0	0	0	20	0	0	0	0	0	0	0	0	0	0	0	0	0	0	0	0	0	0	0	0	0	0	0	0	0	0	0	0	0	0	0	0.0	0.0	0.0	0.0	9.6e-5	0.0	0.0	0.0	0.0	0.0	0.0	0.0	0.0	1.0	0.0	0.0	0.0	0.0	
42	42	2281.109422924	2541.1	2541.1	1.26701	0.454182	0	0	0	0	40	0	0	0	0	0.0	0.0	0.0	0.0	0.2471	0.0	0.0	0.0	0.0	0.0	0.0	0.0	0.0	2093.63	0.0	0.0	0.0	0.0	0.0	0.0	0.0	0.0	52.3408	0.0	0.0	0.0	0.0	0	0	0	0	19	0	0	0	0	0	0	0	0	0	0	0	0	0	0	0	0	0	21	0	0	0	0	0	0	0	0	0	0	0	0	0	0	0	0	0	0	0	0	0	0	0	0	0	0	0	0	0	0	0	0.0	0.0	0.0	0.0	9.0e-5	0.0	0.0	0.0	0.0	0.0	0.0	0.0	0.0	1.0	0.0	0.0	0.0	0.0	
43	43	2430.043543531	2541.1	2541.1	1.24577	0.44811	0	0	0	0	41	0	0	0	0	0.0	0.0	0.0	0.0	0.22239	0.0	0.0	0.0	0.0	0.0	0.0	0.0	0.0	2242.57	0.0	0.0	0.0	0.0	0.0	0.0	0.0	0.0	54.6968	0.0	0.0	0.0	0.0	0	0	0	0	19	0	0	0	0	0	0	0	0	0	0	0	0	0	0	0	0	0	22	0	0	0	0	0	0	0	0	0	0	0	0	0	0	0	0	0	0	0	0	0	0	0	0	0	0	0	0	0	0	0	0.0	0.0	0.0	0.0	7.4e-5	0.0	0.0	0.0	0.0	0.0	0.0	0.0	0.0	1.0	0.0	0.0	0.0	0.0	
44	45	2442.567246265	2540.6	2540.6	0.934271	0.342887	0	0	0	0	43	0	0	0	0	0.0	0.0	0.0	0.0	0.280136	0.0	0.0	0.0	0.0	0.0	0.0	0.0	0.0	2255.09	0.0	0.0	0.0	0.0	0.0	0.0	0.0	0.0	52.444	0.0	0.0	0.0	0.0	0	0	0	0	20	0	0	0	0	0	0	0	0	0	0	0	0	0	0	0	0	0	23	0	0	0	0	0	0	0	0	0	0	0	0	0	0	0	0	0	0	0	0	0	0	0	0	0	0	0	0	0	0	0	0.0	0.0	0.0	0.0	0.000102	0.0	0.0	0.0	0.0	0.0	0.0	0.0	0.0	1.0	0.0	0.0	0.0	0.0	
45	46	2470.609069775	2540.6	2540.6	0.91334	0.334579	0	0	0	0	44	0	0	0	0	0.0	0.0	0.0	0.0	0.252123	0.0	0.0	0.0	0.0	0.0	0.0	0.0	0.0	2283.13	0.0	0.0	0.0	0.0	0.0	0.0	0.0	0.0	51.8894	0.0	0.0	0.0	0.0	0	0	0	0	20	0	0	0	0	0	0	0	0	0	0	0	0	0	0	0	0	0	24	0	0	0	0	0	0	0	0	0	0	0	0	0	0	0	0	0	0	0	0	0	0	0	0	0	0	0	0	0	0	0	0.0	0.0	0.0	0.0	9.4e-5	0.0	0.0	0.0	0.0	0.0	0.0	0.0	0.0	1.0	0.0	0.0	0.0	0.0	
46	47	2477.21034237	2540.6	2540.6	0.865405	0.314891	0	0	0	0	45	0	0	0	0	0.0	0.0	0.0	0.0	0.22691	0.0	0.0	0.0	0.0	0.0	0.0	0.0	0.0	2289.73	0.0	0.0	0.0	0.0	0.0	0.0	0.0	0.0	50.883	0.0	0.0	0.0	0.0	0	0	0	0	20	0	0	0	0	0	0	0	0	0	0	0	0	0	0	0	0	0	25	0	0	0	0	0	0	0	0	0	0	0	0	0	0	0	0	0	0	0	0	0	0	0	0	0	0	0	0	0	0	0	0.0	0.0	0.0	0.0	8.8e-5	0.0	0.0	0.0	0.0	0.0	0.0	0.0	0.0	1.0	0.0	0.0	0.0	0.0	
47	48	2657.260071408	2540.6	2540.6	0.854492	0.310278	0	0	0	0	46	0	0	0	0	0.0	0.0	0.0	0.0	0.204219	0.0	0.0	0.0	0.0	0.0	0.0	0.0	0.0	2469.78	0.0	0.0	0.0	0.0	0.0	0.0	0.0	0.0	53.6909	0.0	0.0	0.0	0.0	0	0	0	0	20	0	0	0	0	0	0	0	0	0	0	0	0	0	0	0	0	0	26	0	0	0	0	0	0	0	0	0	0	0	0	0	0	0	0	0	0	0	0	0	0	0	0	0	0	0	0	0	0	0	0.0	0.0	0.0	0.0	7.1e-5	0.0	0.0	0.0	0.0	0.0	0.0	0.0	0.0	1.0	0.0	0.0	0.0	0.0	
48	49	2754.630000985	2539.6	2539.6	0.604476	0.191221	0	0	0	0	47	0	0	0	0	0.0	0.0	0.0	0.0	0.283797	0.0	0.0	0.0	0.0	0.0	0.0	0.0	0.0	2567.15	0.0	0.0	0.0	0.0	0.0	0.0	0.0	0.0	54.6203	0.0	0.0	0.0	0.0	0	0	0	0	21	0	0	0	0	0	0	0	0	0	0	0	0	0	0	0	0	0	26	0	0	0	0	0	0	0	0	0	0	0	0	0	0	0	0	0	0	0	0	0	0	0	0	0	0	0	0	0	0	0	0.0	0.0	0.0	0.0	9.5e-5	0.0	0.0	0.0	0.0	0.0	0.0	0.0	0.0	1.0	0.0	0.0	0.0	0.0	
49	50	2769.409804794	2539.6	2539.6	0.501282	0.13603	0	0	0	0	48	0	0	0	0	0.0	0.0	0.0	0.0	0.255418	0.0	0.0	0.0	0.0	0.0	0.0	0.0	0.0	2581.93	0.0	0.0	0.0	0.0	0.0	0.0	0.0	0.0	53.7903	0.0	0.0	0.0	0.0	0	0	0	0	21	0	0	0	0	0	0	0	0	0	0	0	0	0	0	0	0	0	27	0	0	0	0	0	0	0	0	0	0	0	0	0	0	0	0	0	0	0	0	0	0	0	0	0	0	0	0	0	0	0	0.0	0.0	0.0	0.0	8.8e-5	0.0	0.0	0.0	0.0	0.0	0.0	0.0	0.0	1.0	0.0	0.0	0.0	0.0	
50	51	2779.787577064	2539.6	2539.6	0.487239	0.128429	0	0	0	0	49	0	0	0	0	0.0	0.0	0.0	0.0	0.229876	0.0	0.0	0.0	0.0	0.0	0.0	0.0	0.0	2592.31	0.0	0.0	0.0	0.0	0.0	0.0	0.0	0.0	52.9043	0.0	0.0	0.0	0.0	0	0	0	0	21	0	0	0	0	0	0	0	0	0	0	0	0	0	0	0	0	0	28	0	0	0	0	0	0	0	0	0	0	0	0	0	0	0	0	0	0	0	0	0	0	0	0	0	0	0	0	0	0	0	0.0	0.0	0.0	0.0	8.2e-5	0.0	0.0	0.0	0.0	0.0	0.0	0.0	0.0	1.0	0.0	0.0	0.0	0.0	
51	52	2788.172071983	2539.6	2539.6	0.477615	0.123226	0	0	0	0	50	0	0	0	0	0.0	0.0	0.0	0.0	0.206888	0.0	0.0	0.0	0.0	0.0	0.0	0.0	0.0	2600.7	0.0	0.0	0.0	0.0	0.0	0.0	0.0	0.0	52.0139	0.0	0.0	0.0	0.0	0	0	0	0	21	0	0	0	0	0	0	0	0	0	0	0	0	0	0	0	0	0	29	0	0	0	0	0	0	0	0	0	0	0	0	0	0	0	0	0	0	0	0	0	0	0	0	0	0	0	0	0	0	0	0.0	0.0	0.0	0.0	7.6e-5	0.0	0.0	0.0	0.0	0.0	0.0	0.0	0.0	1.0	0.0	0.0	0.0	0.0	
52	53	2810.460749597	2539.6	2539.6	0.469978	0.119104	0	0	0	0	51	0	0	0	0	0.0	0.0	0.0	0.0	0.186199	0.0	0.0	0.0	0.0	0.0	0.0	0.0	0.0	2622.98	0.0	0.0	0.0	0.0	0.0	0.0	0.0	0.0	51.4311	0.0	0.0	0.0	0.0	0	0	0	0	21	0	0	0	0	0	0	0	0	0	0	0	0	0	0	0	0	0	30	0	0	0	0	0	0	0	0	0	0	0	0	0	0	0	0	0	0	0	0	0	0	0	0	0	0	0	0	0	0	0	0.0	0.0	0.0	0.0	7.0e-5	0.0	0.0	0.0	0.0	0.0	0.0	0.0	0.0	1.0	0.0	0.0	0.0	0.0	
53	54	2990.492574362	2539.6	2539.6	0.450265	0.10851	0	0	0	0	52	0	0	0	0	0.0	0.0	0.0	0.0	0.16758	0.0	0.0	0.0	0.0	0.0	0.0	0.0	0.0	2803.02	0.0	0.0	0.0	0.0	0.0	0.0	0.0	0.0	53.9042	0.0	0.0	0.0	0.0	0	0	0	0	21	0	0	0	0	0	0	0	0	0	0	0	0	0	0	0	0	0	31	0	0	0	0	0	0	0	0	0	0	0	0	0	0	0	0	0	0	0	0	0	0	0	0	0	0	0	0	0	0	0	0.0	0.0	0.0	0.0	5.8e-5	0.0	0.0	0.0	0.0	0.0	0.0	0.0	0.0	1.0	0.0	0.0	0.0	0.0	
54	55	2996.439414262	2539.6	2539.6	0.318533	0.043309	0	0	0	0	53	0	0	0	0	0.0	0.0	0.0	0.0	0.150822	0.0	0.0	0.0	0.0	0.0	0.0	0.0	0.0	2808.96	0.0	0.0	0.0	0.0	0.0	0.0	0.0	0.0	52.9993	0.0	0.0	0.0	0.0	0	0	0	0	21	0	0	0	0	0	0	0	0	0	0	0	0	0	0	0	0	0	32	0	0	0	0	0	0	0	0	0	0	0	0	0	0	0	0	0	0	0	0	0	0	0	0	0	0	0	0	0	0	0	0.0	0.0	0.0	0.0	5.4e-5	0.0	0.0	0.0	0.0	0.0	0.0	0.0	0.0	1.0	0.0	0.0	0.0	0.0	
55	56	3004.287910692	2539.6	2539.6	0.314912	0.041774	0	0	0	0	54	0	0	0	0	0.0	0.0	0.0	0.0	0.135739	0.0	0.0	0.0	0.0	0.0	0.0	0.0	0.0	2816.81	0.0	0.0	0.0	0.0	0.0	0.0	0.0	0.0	52.1632	0.0	0.0	0.0	0.0	0	0	0	0	21	0	0	0	0	0	0	0	0	0	0	0	0	0	0	0	0	0	33	0	0	0	0	0	0	0	0	0	0	0	0	0	0	0	0	0	0	0	0	0	0	0	0	0	0	0	0	0	0	0	0.0	0.0	0.0	0.0	5.0e-5	0.0	0.0	0.0	0.0	0.0	0.0	0.0	0.0	1.0	0.0	0.0	0.0	0.0	
56	57	3088.745831736	2539.6	2539.6	0.310196	0.039805	0	0	0	0	55	0	0	0	0	0.0	0.0	0.0	0.0	0.122165	0.0	0.0	0.0	0.0	0.0	0.0	0.0	0.0	2901.27	0.0	0.0	0.0	0.0	0.0	0.0	0.0	0.0	52.7503	0.0	0.0	0.0	0.0	0	0	0	0	21	0	0	0	0	0	0	0	0	0	0	0	0	0	0	0	0	0	34	0	0	0	0	0	0	0	0	0	0	0	0	0	0	0	0	0	0	0	0	0	0	0	0	0	0	0	0	0	0	0	0.0	0.0	0.0	0.0	4.4e-5	0.0	0.0	0.0	0.0	0.0	0.0	0.0	0.0	1.0	0.0	0.0	0.0	0.0	
57	58	3099.683920905	2539.6	2539.6	0.263706	0.022548	0	0	0	0	56	0	0	0	0	0.0	0.0	0.0	0.0	0.109949	0.0	0.0	0.0	0.0	0.0	0.0	0.0	0.0	2912.21	0.0	0.0	0.0	0.0	0.0	0.0	0.0	0.0	52.0037	0.0	0.0	0.0	0.0	0	0	0	0	21	0	0	0	0	0	0	0	0	0	0	0	0	0	0	0	0	0	35	0	0	0	0	0	0	0	0	0	0	0	0	0	0	0	0	0	0	0	0	0	0	0	0	0	0	0	0	0	0	0	0.0	0.0	0.0	0.0	4.1e-5	0.0	0.0	0.0	0.0	0.0	0.0	0.0	0.0	1.0	0.0	0.0	0.0	0.0	
58	59	3118.281147258	2539.6	2539.6	0.258218	0.020802	0	0	0	0	57	0	0	0	0	0.0	0.0	0.0	0.0	0.098954	0.0	0.0	0.0	0.0	0.0	0.0	0.0	0.0	2930.8	0.0	0.0	0.0	0.0	0.0	0.0	0.0	0.0	51.4176	0.0	0.0	0.0	0.0	0	0	0	0	21	0	0	0	0	0	0	0	0	0	0	0	0	0	0	0	0	0	36	0	0	0	0	0	0	0	0	0	0	0	0	0	0	0	0	0	0	0	0	0	0	0	0	0	0	0	0	0	0	0	0.0	0.0	0.0	0.0	3.7e-5	0.0	0.0	0.0	0.0	0.0	0.0	0.0	0.0	1.0	0.0	0.0	0.0	0.0	
59	61	3123.301379734	2539.6	2539.6	0.248826	0.017973	0	0	0	0	59	0	0	0	0	0.0	0.0	0.0	0.0	0.080153	0.0	0.0	0.0	0.0	0.0	0.0	0.0	0.0	2935.82	0.0	0.0	0.0	0.0	0.0	0.0	0.0	0.0	49.7597	0.0	0.0	0.0	0.0	0	0	0	0	21	0	0	0	0	0	0	0	0	0	0	0	0	0	0	0	0	0	38	0	0	0	0	0	0	0	0	0	0	0	0	0	0	0	0	0	0	0	0	0	0	0	0	0	0	0	0	0	0	0	0.0	0.0	0.0	0.0	3.2e-5	0.0	0.0	0.0	0.0	0.0	0.0	0.0	0.0	1.0	0.0	0.0	0.0	0.0	
60	62	3135.360013895	2539.6	2539.6	0.246756	0.017378	0	0	0	0	60	0	0	0	0	0.0	0.0	0.0	0.0	0.072138	0.0	0.0	0.0	0.0	0.0	0.0	0.0	0.0	2947.88	0.0	0.0	0.0	0.0	0.0	0.0	0.0	0.0	49.1314	0.0	0.0	0.0	0.0	0	0	0	0	21	0	0	0	0	0	0	0	0	0	0	0	0	0	0	0	0	0	39	0	0	0	0	0	0	0	0	0	0	0	0	0	0	0	0	0	0	0	0	0	0	0	0	0	0	0	0	0	0	0	0.0	0.0	0.0	0.0	3.0e-5	0.0	0.0	0.0	0.0	0.0	0.0	0.0	0.0	1.0	0.0	0.0	0.0	0.0	
61	63	3228.931316191	2539.6	2539.6	0.241102	0.015802	0	0	0	0	61	0	0	0	0	0.0	0.0	0.0	0.0	0.064924	0.0	0.0	0.0	0.0	0.0	0.0	0.0	0.0	3041.45	0.0	0.0	0.0	0.0	0.0	0.0	0.0	0.0	49.8599	0.0	0.0	0.0	0.0	0	0	0	0	21	0	0	0	0	0	0	0	0	0	0	0	0	0	0	0	0	0	40	0	0	0	0	0	0	0	0	0	0	0	0	0	0	0	0	0	0	0	0	0	0	0	0	0	0	0	0	0	0	0	0.0	0.0	0.0	0.0	2.6e-5	0.0	0.0	0.0	0.0	0.0	0.0	0.0	0.0	1.0	0.0	0.0	0.0	0.0	
62	64	3234.014225883	2539.6	2539.6	0.201407	0.006978	0	0	0	0	62	0	0	0	0	0.0	0.0	0.0	0.0	0.058431	0.0	0.0	0.0	0.0	0.0	0.0	0.0	0.0	3046.54	0.0	0.0	0.0	0.0	0.0	0.0	0.0	0.0	49.1377	0.0	0.0	0.0	0.0	0	0	0	0	21	0	0	0	0	0	0	0	0	0	0	0	0	0	0	0	0	0	41	0	0	0	0	0	0	0	0	0	0	0	0	0	0	0	0	0	0	0	0	0	0	0	0	0	0	0	0	0	0	0	0.0	0.0	0.0	0.0	2.4e-5	0.0	0.0	0.0	0.0	0.0	0.0	0.0	0.0	1.0	0.0	0.0	0.0	0.0	
63	65	3237.036204839	2539.6	2539.6	0.199449	0.006645	0	0	0	0	63	0	0	0	0	0.0	0.0	0.0	0.0	0.052588	0.0	0.0	0.0	0.0	0.0	0.0	0.0	0.0	3049.56	0.0	0.0	0.0	0.0	0.0	0.0	0.0	0.0	48.4057	0.0	0.0	0.0	0.0	0	0	0	0	21	0	0	0	0	0	0	0	0	0	0	0	0	0	0	0	0	0	42	0	0	0	0	0	0	0	0	0	0	0	0	0	0	0	0	0	0	0	0	0	0	0	0	0	0	0	0	0	0	0	0.0	0.0	0.0	0.0	2.2e-5	0.0	0.0	0.0	0.0	0.0	0.0	0.0	0.0	1.0	0.0	0.0	0.0	0.0	
64	66	3239.238434213	2539.6	2539.6	0.198293	0.006454	0	0	0	0	64	0	0	0	0	0.0	0.0	0.0	0.0	0.047329	0.0	0.0	0.0	0.0	0.0	0.0	0.0	0.0	3051.76	0.0	0.0	0.0	0.0	0.0	0.0	0.0	0.0	47.6838	0.0	0.0	0.0	0.0	0	0	0	0	21	0	0	0	0	0	0	0	0	0	0	0	0	0	0	0	0	0	43	0	0	0	0	0	0	0	0	0	0	0	0	0	0	0	0	0	0	0	0	0	0	0	0	0	0	0	0	0	0	0	0.0	0.0	0.0	0.0	2.1e-5	0.0	0.0	0.0	0.0	0.0	0.0	0.0	0.0	1.0	0.0	0.0	0.0	0.0	
65	67	3251.313149416	2538.6	2538.6	0.197456	0.006318	0	0	0	0	65	0	0	0	0	0.0	0.0	0.0	0.0	0.142596	0.0	0.0	0.0	0.0	0.0	0.0	0.0	0.0	3063.84	0.0	0.0	0.0	0.0	0.0	0.0	0.0	0.0	47.1359	0.0	0.0	0.0	0.0	0	0	0	0	22	0	0	0	0	0	0	0	0	0	0	0	0	0	0	0	0	0	43	0	0	0	0	0	0	0	0	0	0	0	0	0	0	0	0	0	0	0	0	0	0	0	0	0	0	0	0	0	0	0	0.0	0.0	0.0	0.0	6.4e-5	0.0	0.0	0.0	0.0	0.0	0.0	0.0	0.0	1.0	0.0	0.0	0.0	0.0	
66	68	3267.751812588	2538.6	2538.6	0.192925	0.005609	0	0	0	0	66	0	0	0	0	0.0	0.0	0.0	0.0	0.128337	0.0	0.0	0.0	0.0	0.0	0.0	0.0	0.0	3080.27	0.0	0.0	0.0	0.0	0.0	0.0	0.0	0.0	46.6708	0.0	0.0	0.0	0.0	0	0	0	0	22	0	0	0	0	0	0	0	0	0	0	0	0	0	0	0	0	0	44	0	0	0	0	0	0	0	0	0	0	0	0	0	0	0	0	0	0	0	0	0	0	0	0	0	0	0	0	0	0	0	0.0	0.0	0.0	0.0	5.9e-5	0.0	0.0	0.0	0.0	0.0	0.0	0.0	0.0	1.0	0.0	0.0	0.0	0.0	
67	69	3271.782814503	2538.6	2538.6	0.186923	0.004749	0	0	0	0	67	0	0	0	0	0.0	0.0	0.0	0.0	0.115503	0.0	0.0	0.0	0.0	0.0	0.0	0.0	0.0	3084.31	0.0	0.0	0.0	0.0	0.0	0.0	0.0	0.0	46.0344	0.0	0.0	0.0	0.0	0	0	0	0	22	0	0	0	0	0	0	0	0	0	0	0	0	0	0	0	0	0	45	0	0	0	0	0	0	0	0	0	0	0	0	0	0	0	0	0	0	0	0	0	0	0	0	0	0	0	0	0	0	0	0.0	0.0	0.0	0.0	5.5e-5	0.0	0.0	0.0	0.0	0.0	0.0	0.0	0.0	1.0	0.0	0.0	0.0	0.0	
68	70	3325.691551891	2538.6	2538.6	0.18548	0.004556	0	0	0	0	68	0	0	0	0	0.0	0.0	0.0	0.0	0.103953	0.0	0.0	0.0	0.0	0.0	0.0	0.0	0.0	3138.21	0.0	0.0	0.0	0.0	0.0	0.0	0.0	0.0	46.1502	0.0	0.0	0.0	0.0	0	0	0	0	22	0	0	0	0	0	0	0	0	0	0	0	0	0	0	0	0	0	46	0	0	0	0	0	0	0	0	0	0	0	0	0	0	0	0	0	0	0	0	0	0	0	0	0	0	0	0	0	0	0	0.0	0.0	0.0	0.0	4.9e-5	0.0	0.0	0.0	0.0	0.0	0.0	0.0	0.0	1.0	0.0	0.0	0.0	0.0	
69	71	3384.136997604	2537.1	2537.1	0.16722	0.002528	0	0	0	0	69	0	0	0	0	0.0	0.0	0.0	0.0	0.193558	0.0	0.0	0.0	0.0	0.0	0.0	0.0	0.0	3196.66	0.0	0.0	0.0	0.0	0.0	0.0	0.0	0.0	46.3284	0.0	0.0	0.0	0.0	0	0	0	0	23	0	0	0	0	0	0	0	0	0	0	0	0	0	0	0	0	0	46	0	0	0	0	0	0	0	0	0	0	0	0	0	0	0	0	0	0	0	0	0	0	0	0	0	0	0	0	0	0	0	0.0	0.0	0.0	0.0	9.0e-5	0.0	0.0	0.0	0.0	0.0	0.0	0.0	0.0	1.0	0.0	0.0	0.0	0.0	
70	72	3385.154086772	2537.1	2537.1	0.149448	0.001242	0	0	0	0	70	0	0	0	0	0.0	0.0	0.0	0.0	0.174202	0.0	0.0	0.0	0.0	0.0	0.0	0.0	0.0	3197.68	0.0	0.0	0.0	0.0	0.0	0.0	0.0	0.0	45.6811	0.0	0.0	0.0	0.0	0	0	0	0	23	0	0	0	0	0	0	0	0	0	0	0	0	0	0	0	0	0	47	0	0	0	0	0	0	0	0	0	0	0	0	0	0	0	0	0	0	0	0	0	0	0	0	0	0	0	0	0	0	0	0.0	0.0	0.0	0.0	8.3e-5	0.0	0.0	0.0	0.0	0.0	0.0	0.0	0.0	1.0	0.0	0.0	0.0	0.0	
71	73	3399.903328681	2537.1	2537.1	0.149156	0.001226	0	0	0	0	71	0	0	0	0	0.0	0.0	0.0	0.0	0.156782	0.0	0.0	0.0	0.0	0.0	0.0	0.0	0.0	3212.43	0.0	0.0	0.0	0.0	0.0	0.0	0.0	0.0	45.2454	0.0	0.0	0.0	0.0	0	0	0	0	23	0	0	0	0	0	0	0	0	0	0	0	0	0	0	0	0	0	48	0	0	0	0	0	0	0	0	0	0	0	0	0	0	0	0	0	0	0	0	0	0	0	0	0	0	0	0	0	0	0	0.0	0.0	0.0	0.0	7.7e-5	0.0	0.0	0.0	0.0	0.0	0.0	0.0	0.0	1.0	0.0	0.0	0.0	0.0	
72	74	3408.522503958	2537.1	2537.1	0.144986	0.001011	0	0	0	0	72	0	0	0	0	0.0	0.0	0.0	0.0	0.141103	0.0	0.0	0.0	0.0	0.0	0.0	0.0	0.0	3221.05	0.0	0.0	0.0	0.0	0.0	0.0	0.0	0.0	44.7367	0.0	0.0	0.0	0.0	0	0	0	0	23	0	0	0	0	0	0	0	0	0	0	0	0	0	0	0	0	0	49	0	0	0	0	0	0	0	0	0	0	0	0	0	0	0	0	0	0	0	0	0	0	0	0	0	0	0	0	0	0	0	0.0	0.0	0.0	0.0	7.1e-5	0.0	0.0	0.0	0.0	0.0	0.0	0.0	0.0	1.0	0.0	0.0	0.0	0.0	
73	75	3464.565224554	2537.1	2537.1	0.142603	0.000901	0	0	0	0	73	0	0	0	0	0.0	0.0	0.0	0.0	0.126993	0.0	0.0	0.0	0.0	0.0	0.0	0.0	0.0	3277.09	0.0	0.0	0.0	0.0	0.0	0.0	0.0	0.0	44.8916	0.0	0.0	0.0	0.0	0	0	0	0	23	0	0	0	0	0	0	0	0	0	0	0	0	0	0	0	0	0	50	0	0	0	0	0	0	0	0	0	0	0	0	0	0	0	0	0	0	0	0	0	0	0	0	0	0	0	0	0	0	0	0.0	0.0	0.0	0.0	6.3e-5	0.0	0.0	0.0	0.0	0.0	0.0	0.0	0.0	1.0	0.0	0.0	0.0	0.0	
74	76	3467.105512424	2537.1	2537.1	0.128038	0.000406	0	0	0	0	74	0	0	0	0	0.0	0.0	0.0	0.0	0.114294	0.0	0.0	0.0	0.0	0.0	0.0	0.0	0.0	3279.63	0.0	0.0	0.0	0.0	0.0	0.0	0.0	0.0	44.3193	0.0	0.0	0.0	0.0	0	0	0	0	23	0	0	0	0	0	0	0	0	0	0	0	0	0	0	0	0	0	51	0	0	0	0	0	0	0	0	0	0	0	0	0	0	0	0	0	0	0	0	0	0	0	0	0	0	0	0	0	0	0	0.0	0.0	0.0	0.0	5.8e-5	0.0	0.0	0.0	0.0	0.0	0.0	0.0	0.0	1.0	0.0	0.0	0.0	0.0	
75	77	3647.159148172	2537.1	2537.1	0.127414	0.00039	0	0	0	0	75	0	0	0	0	0.0	0.0	0.0	0.0	0.102864	0.0	0.0	0.0	0.0	0.0	0.0	0.0	0.0	3459.68	0.0	0.0	0.0	0.0	0.0	0.0	0.0	0.0	46.1291	0.0	0.0	0.0	0.0	0	0	0	0	23	0	0	0	0	0	0	0	0	0	0	0	0	0	0	0	0	0	52	0	0	0	0	0	0	0	0	0	0	0	0	0	0	0	0	0	0	0	0	0	0	0	0	0	0	0	0	0	0	0	0.0	0.0	0.0	0.0	4.8e-5	0.0	0.0	0.0	0.0	0.0	0.0	0.0	0.0	1.0	0.0	0.0	0.0	0.0	
76	78	3698.422033073	2537.1	2537.1	0.090133	1.5e-5	0	0	0	0	76	0	0	0	0	0.0	0.0	0.0	0.0	0.092578	0.0	0.0	0.0	0.0	0.0	0.0	0.0	0.0	3510.94	0.0	0.0	0.0	0.0	0.0	0.0	0.0	0.0	46.1966	0.0	0.0	0.0	0.0	0	0	0	0	23	0	0	0	0	0	0	0	0	0	0	0	0	0	0	0	0	0	53	0	0	0	0	0	0	0	0	0	0	0	0	0	0	0	0	0	0	0	0	0	0	0	0	0	0	0	0	0	0	0	0.0	0.0	0.0	0.0	4.3e-5	0.0	0.0	0.0	0.0	0.0	0.0	0.0	0.0	1.0	0.0	0.0	0.0	0.0	
77	79	3707.503242472	2537.1	2537.1	0.081674	5.0e-6	0	0	0	0	77	0	0	0	0	0.0	0.0	0.0	0.0	0.08332	0.0	0.0	0.0	0.0	0.0	0.0	0.0	0.0	3520.03	0.0	0.0	0.0	0.0	0.0	0.0	0.0	0.0	45.7146	0.0	0.0	0.0	0.0	0	0	0	0	23	0	0	0	0	0	0	0	0	0	0	0	0	0	0	0	0	0	54	0	0	0	0	0	0	0	0	0	0	0	0	0	0	0	0	0	0	0	0	0	0	0	0	0	0	0	0	0	0	0	0.0	0.0	0.0	0.0	4.0e-5	0.0	0.0	0.0	0.0	0.0	0.0	0.0	0.0	1.0	0.0	0.0	0.0	0.0	
78	81	3712.977539677	2537.1	2537.1	0.080126	4.0e-6	0	0	0	0	79	0	0	0	0	0.0	0.0	0.0	0.0	0.067489	0.0	0.0	0.0	0.0	0.0	0.0	0.0	0.0	3525.5	0.0	0.0	0.0	0.0	0.0	0.0	0.0	0.0	44.6266	0.0	0.0	0.0	0.0	0	0	0	0	23	0	0	0	0	0	0	0	0	0	0	0	0	0	0	0	0	0	56	0	0	0	0	0	0	0	0	0	0	0	0	0	0	0	0	0	0	0	0	0	0	0	0	0	0	0	0	0	0	0	0.0	0.0	0.0	0.0	3.4e-5	0.0	0.0	0.0	0.0	0.0	0.0	0.0	0.0	1.0	0.0	0.0	0.0	0.0	
79	82	3718.864706381	2537.1	2537.1	0.07942	3.0e-6	0	0	0	0	80	0	0	0	0	0.0	0.0	0.0	0.0	0.06074	0.0	0.0	0.0	0.0	0.0	0.0	0.0	0.0	3531.39	0.0	0.0	0.0	0.0	0.0	0.0	0.0	0.0	44.1423	0.0	0.0	0.0	0.0	0	0	0	0	23	0	0	0	0	0	0	0	0	0	0	0	0	0	0	0	0	0	57	0	0	0	0	0	0	0	0	0	0	0	0	0	0	0	0	0	0	0	0	0	0	0	0	0	0	0	0	0	0	0	0.0	0.0	0.0	0.0	3.1e-5	0.0	0.0	0.0	0.0	0.0	0.0	0.0	0.0	1.0	0.0	0.0	0.0	0.0	
80	83	3724.489934986	2537.1	2537.1	0.078526	3.0e-6	0	0	0	0	81	0	0	0	0	0.0	0.0	0.0	0.0	0.054666	0.0	0.0	0.0	0.0	0.0	0.0	0.0	0.0	3537.01	0.0	0.0	0.0	0.0	0.0	0.0	0.0	0.0	43.6668	0.0	0.0	0.0	0.0	0	0	0	0	23	0	0	0	0	0	0	0	0	0	0	0	0	0	0	0	0	0	58	0	0	0	0	0	0	0	0	0	0	0	0	0	0	0	0	0	0	0	0	0	0	0	0	0	0	0	0	0	0	0	0.0	0.0	0.0	0.0	2.9e-5	0.0	0.0	0.0	0.0	0.0	0.0	0.0	0.0	1.0	0.0	0.0	0.0	0.0	
81	84	3734.507636875	2537.1	2537.1	0.077682	3.0e-6	0	0	0	0	82	0	0	0	0	0.0	0.0	0.0	0.0	0.0492	0.0	0.0	0.0	0.0	0.0	0.0	0.0	0.0	3547.03	0.0	0.0	0.0	0.0	0.0	0.0	0.0	0.0	43.2565	0.0	0.0	0.0	0.0	0	0	0	0	23	0	0	0	0	0	0	0	0	0	0	0	0	0	0	0	0	0	59	0	0	0	0	0	0	0	0	0	0	0	0	0	0	0	0	0	0	0	0	0	0	0	0	0	0	0	0	0	0	0	0.0	0.0	0.0	0.0	2.6e-5	0.0	0.0	0.0	0.0	0.0	0.0	0.0	0.0	1.0	0.0	0.0	0.0	0.0	
82	85	3739.578986526	2537.1	2537.1	0.0762	2.0e-6	0	0	0	0	83	0	0	0	0	0.0	0.0	0.0	0.0	0.04428	0.0	0.0	0.0	0.0	0.0	0.0	0.0	0.0	3552.1	0.0	0.0	0.0	0.0	0.0	0.0	0.0	0.0	42.7964	0.0	0.0	0.0	0.0	0	0	0	0	23	0	0	0	0	0	0	0	0	0	0	0	0	0	0	0	0	0	60	0	0	0	0	0	0	0	0	0	0	0	0	0	0	0	0	0	0	0	0	0	0	0	0	0	0	0	0	0	0	0	0.0	0.0	0.0	0.0	2.4e-5	0.0	0.0	0.0	0.0	0.0	0.0	0.0	0.0	1.0	0.0	0.0	0.0	0.0	
83	86	3824.260225624	2537.1	2537.1	0.075461	2.0e-6	0	0	0	0	84	0	0	0	0	0.0	0.0	0.0	0.0	0.039852	0.0	0.0	0.0	0.0	0.0	0.0	0.0	0.0	3636.78	0.0	0.0	0.0	0.0	0.0	0.0	0.0	0.0	43.295	0.0	0.0	0.0	0.0	0	0	0	0	23	0	0	0	0	0	0	0	0	0	0	0	0	0	0	0	0	0	61	0	0	0	0	0	0	0	0	0	0	0	0	0	0	0	0	0	0	0	0	0	0	0	0	0	0	0	0	0	0	0	0.0	0.0	0.0	0.0	2.1e-5	0.0	0.0	0.0	0.0	0.0	0.0	0.0	0.0	1.0	0.0	0.0	0.0	0.0	
84	87	3837.198118906	2537.1	2537.1	0.064124	0.0	0	0	0	0	85	0	0	0	0	0.0	0.0	0.0	0.0	0.035867	0.0	0.0	0.0	0.0	0.0	0.0	0.0	0.0	3649.72	0.0	0.0	0.0	0.0	0.0	0.0	0.0	0.0	42.9379	0.0	0.0	0.0	0.0	0	0	0	0	23	0	0	0	0	0	0	0	0	0	0	0	0	0	0	0	0	0	62	0	0	0	0	0	0	0	0	0	0	0	0	0	0	0	0	0	0	0	0	0	0	0	0	0	0	0	0	0	0	0	0.0	0.0	0.0	0.0	1.9e-5	0.0	0.0	0.0	0.0	0.0	0.0	0.0	0.0	1.0	0.0	0.0	0.0	0.0	
85	88	3848.375393421	2537.1	2537.1	0.062548	0.0	0	0	0	0	86	0	0	0	0	0.0	0.0	0.0	0.0	0.03228	0.0	0.0	0.0	0.0	0.0	0.0	0.0	0.0	3660.9	0.0	0.0	0.0	0.0	0.0	0.0	0.0	0.0	42.5686	0.0	0.0	0.0	0.0	0	0	0	0	23	0	0	0	0	0	0	0	0	0	0	0	0	0	0	0	0	0	63	0	0	0	0	0	0	0	0	0	0	0	0	0	0	0	0	0	0	0	0	0	0	0	0	0	0	0	0	0	0	0	0.0	0.0	0.0	0.0	1.8e-5	0.0	0.0	0.0	0.0	0.0	0.0	0.0	0.0	1.0	0.0	0.0	0.0	0.0	
86	89	3856.577057641	2537.1	2537.1	0.061219	0.0	0	0	0	0	87	0	0	0	0	0.0	0.0	0.0	0.0	0.029052	0.0	0.0	0.0	0.0	0.0	0.0	0.0	0.0	3669.1	0.0	0.0	0.0	0.0	0.0	0.0	0.0	0.0	42.1736	0.0	0.0	0.0	0.0	0	0	0	0	23	0	0	0	0	0	0	0	0	0	0	0	0	0	0	0	0	0	64	0	0	0	0	0	0	0	0	0	0	0	0	0	0	0	0	0	0	0	0	0	0	0	0	0	0	0	0	0	0	0	0.0	0.0	0.0	0.0	1.6e-5	0.0	0.0	0.0	0.0	0.0	0.0	0.0	0.0	1.0	0.0	0.0	0.0	0.0	
87	90	3927.994274801	2537.1	2537.1	0.060261	0.0	0	0	0	0	88	0	0	0	0	0.0	0.0	0.0	0.0	0.026147	0.0	0.0	0.0	0.0	0.0	0.0	0.0	0.0	3740.52	0.0	0.0	0.0	0.0	0.0	0.0	0.0	0.0	42.5059	0.0	0.0	0.0	0.0	0	0	0	0	23	0	0	0	0	0	0	0	0	0	0	0	0	0	0	0	0	0	65	0	0	0	0	0	0	0	0	0	0	0	0	0	0	0	0	0	0	0	0	0	0	0	0	0	0	0	0	0	0	0	0.0	0.0	0.0	0.0	1.4e-5	0.0	0.0	0.0	0.0	0.0	0.0	0.0	0.0	1.0	0.0	0.0	0.0	0.0	
88	91	3934.563276802	2537.1	2537.1	0.05253	0.0	0	0	0	0	89	0	0	0	0	0.0	0.0	0.0	0.0	0.023532	0.0	0.0	0.0	0.0	0.0	0.0	0.0	0.0	3747.09	0.0	0.0	0.0	0.0	0.0	0.0	0.0	0.0	42.1021	0.0	0.0	0.0	0.0	0	0	0	0	23	0	0	0	0	0	0	0	0	0	0	0	0	0	0	0	0	0	66	0	0	0	0	0	0	0	0	0	0	0	0	0	0	0	0	0	0	0	0	0	0	0	0	0	0	0	0	0	0	0	0.0	0.0	0.0	0.0	1.3e-5	0.0	0.0	0.0	0.0	0.0	0.0	0.0	0.0	1.0	0.0	0.0	0.0	0.0	
89	92	3947.209685685	2537.1	2537.1	0.051871	0.0	0	0	0	0	90	0	0	0	0	0.0	0.0	0.0	0.0	0.021179	0.0	0.0	0.0	0.0	0.0	0.0	0.0	0.0	3759.73	0.0	0.0	0.0	0.0	0.0	0.0	0.0	0.0	41.7748	0.0	0.0	0.0	0.0	0	0	0	0	23	0	0	0	0	0	0	0	0	0	0	0	0	0	0	0	0	0	67	0	0	0	0	0	0	0	0	0	0	0	0	0	0	0	0	0	0	0	0	0	0	0	0	0	0	0	0	0	0	0	0.0	0.0	0.0	0.0	1.2e-5	0.0	0.0	0.0	0.0	0.0	0.0	0.0	0.0	1.0	0.0	0.0	0.0	0.0	
90	93	3959.970860288	2537.1	2537.1	0.050625	0.0	0	0	0	0	91	0	0	0	0	0.0	0.0	0.0	0.0	0.019061	0.0	0.0	0.0	0.0	0.0	0.0	0.0	0.0	3772.49	0.0	0.0	0.0	0.0	0.0	0.0	0.0	0.0	41.456	0.0	0.0	0.0	0.0	0	0	0	0	23	0	0	0	0	0	0	0	0	0	0	0	0	0	0	0	0	0	68	0	0	0	0	0	0	0	0	0	0	0	0	0	0	0	0	0	0	0	0	0	0	0	0	0	0	0	0	0	0	0	0.0	0.0	0.0	0.0	1.1e-5	0.0	0.0	0.0	0.0	0.0	0.0	0.0	0.0	1.0	0.0	0.0	0.0	0.0	
91	94	3962.960156851	2537.1	2537.1	0.049398	0.0	0	0	0	0	92	0	0	0	0	0.0	0.0	0.0	0.0	0.017155	0.0	0.0	0.0	0.0	0.0	0.0	0.0	0.0	3775.48	0.0	0.0	0.0	0.0	0.0	0.0	0.0	0.0	41.0379	0.0	0.0	0.0	0.0	0	0	0	0	23	0	0	0	0	0	0	0	0	0	0	0	0	0	0	0	0	0	69	0	0	0	0	0	0	0	0	0	0	0	0	0	0	0	0	0	0	0	0	0	0	0	0	0	0	0	0	0	0	0	0.0	0.0	0.0	0.0	1.0e-5	0.0	0.0	0.0	0.0	0.0	0.0	0.0	0.0	1.0	0.0	0.0	0.0	0.0	
92	95	3967.960980566	2537.1	2537.1	0.049115	0.0	0	0	0	0	93	0	0	0	0	0.0	0.0	0.0	0.0	0.015439	0.0	0.0	0.0	0.0	0.0	0.0	0.0	0.0	3780.48	0.0	0.0	0.0	0.0	0.0	0.0	0.0	0.0	40.6504	0.0	0.0	0.0	0.0	0	0	0	0	23	0	0	0	0	0	0	0	0	0	0	0	0	0	0	0	0	0	70	0	0	0	0	0	0	0	0	0	0	0	0	0	0	0	0	0	0	0	0	0	0	0	0	0	0	0	0	0	0	0	0.0	0.0	0.0	0.0	9.0e-6	0.0	0.0	0.0	0.0	0.0	0.0	0.0	0.0	1.0	0.0	0.0	0.0	0.0	
93	96	3973.940818991	2537.1	2537.1	0.048645	0.0	0	0	0	0	94	0	0	0	0	0.0	0.0	0.0	0.0	0.013896	0.0	0.0	0.0	0.0	0.0	0.0	0.0	0.0	3786.46	0.0	0.0	0.0	0.0	0.0	0.0	0.0	0.0	40.2815	0.0	0.0	0.0	0.0	0	0	0	0	23	0	0	0	0	0	0	0	0	0	0	0	0	0	0	0	0	0	71	0	0	0	0	0	0	0	0	0	0	0	0	0	0	0	0	0	0	0	0	0	0	0	0	0	0	0	0	0	0	0	0.0	0.0	0.0	0.0	9.0e-6	0.0	0.0	0.0	0.0	0.0	0.0	0.0	0.0	1.0	0.0	0.0	0.0	0.0	
94	97	3991.203756797	2537.1	2537.1	0.048089	0.0	0	0	0	0	95	0	0	0	0	0.0	0.0	0.0	0.0	0.012506	0.0	0.0	0.0	0.0	0.0	0.0	0.0	0.0	3803.73	0.0	0.0	0.0	0.0	0.0	0.0	0.0	0.0	40.0392	0.0	0.0	0.0	0.0	0	0	0	0	23	0	0	0	0	0	0	0	0	0	0	0	0	0	0	0	0	0	72	0	0	0	0	0	0	0	0	0	0	0	0	0	0	0	0	0	0	0	0	0	0	0	0	0	0	0	0	0	0	0	0.0	0.0	0.0	0.0	8.0e-6	0.0	0.0	0.0	0.0	0.0	0.0	0.0	0.0	1.0	0.0	0.0	0.0	0.0	
95	98	4171.247193996	2522.95	2522.95	0.046519	0.0	0	0	0	0	96	0	0	0	0	0.0	0.0	0.0	0.0	0.111255	0.0	0.0	0.0	0.0	0.0	0.0	0.0	0.0	3983.77	0.0	0.0	0.0	0.0	0.0	0.0	0.0	0.0	41.4976	0.0	0.0	0.0	0.0	0	0	0	0	24	0	0	0	0	0	0	0	0	0	0	0	0	0	0	0	0	0	72	0	0	0	0	0	0	0	0	0	0	0	0	0	0	0	0	0	0	0	0	0	0	0	0	0	0	0	0	0	0	0	0.0	0.0	0.0	0.0	6.5e-5	0.0	0.0	0.0	0.0	0.0	0.0	0.0	0.0	1.0	0.0	0.0	0.0	0.0	
96	99	4178.125413958	2522.95	2522.95	0.032909	0.0	0	0	0	0	97	0	0	0	0	0.0	0.0	0.0	0.0	0.10013	0.0	0.0	0.0	0.0	0.0	0.0	0.0	0.0	3990.65	0.0	0.0	0.0	0.0	0.0	0.0	0.0	0.0	41.1407	0.0	0.0	0.0	0.0	0	0	0	0	24	0	0	0	0	0	0	0	0	0	0	0	0	0	0	0	0	0	73	0	0	0	0	0	0	0	0	0	0	0	0	0	0	0	0	0	0	0	0	0	0	0	0	0	0	0	0	0	0	0	0.0	0.0	0.0	0.0	5.9e-5	0.0	0.0	0.0	0.0	0.0	0.0	0.0	0.0	1.0	0.0	0.0	0.0	0.0	
97	100	4343.698891392	2522.55	2522.55	0.032476	0.0	0	0	0	0	98	0	0	0	0	0.0	0.0	0.0	0.0	0.190117	0.0	0.0	0.0	0.0	0.0	0.0	0.0	0.0	4156.22	0.0	0.0	0.0	0.0	0.0	0.0	0.0	0.0	42.4104	0.0	0.0	0.0	0.0	0	0	0	0	25	0	0	0	0	0	0	0	0	0	0	0	0	0	0	0	0	0	73	0	0	0	0	0	0	0	0	0	0	0	0	0	0	0	0	0	0	0	0	0	0	0	0	0	0	0	0	0	0	0	0.0	0.0	0.0	0.0	0.000106	0.0	0.0	0.0	0.0	0.0	0.0	0.0	0.0	1.0	0.0	0.0	0.0	0.0	
98	101	4354.468822485	2516.55	2516.55	0.023622	0.0	0	0	0	0	99	0	0	0	0	0.0	0.0	0.0	0.0	0.271105	0.0	0.0	0.0	0.0	0.0	0.0	0.0	0.0	4166.99	0.0	0.0	0.0	0.0	0.0	0.0	0.0	0.0	42.0908	0.0	0.0	0.0	0.0	0	0	0	0	26	0	0	0	0	0	0	0	0	0	0	0	0	0	0	0	0	0	73	0	0	0	0	0	0	0	0	0	0	0	0	0	0	0	0	0	0	0	0	0	0	0	0	0	0	0	0	0	0	0	0.0	0.0	0.0	0.0	0.000153	0.0	0.0	0.0	0.0	0.0	0.0	0.0	0.0	1.0	0.0	0.0	0.0	0.0	
99	102	4357.584512104	2516.55	2516.55	0.023138	0.0	0	0	0	0	100	0	0	0	0	0.0	0.0	0.0	0.0	0.243995	0.0	0.0	0.0	0.0	0.0	0.0	0.0	0.0	4170.11	0.0	0.0	0.0	0.0	0.0	0.0	0.0	0.0	41.7011	0.0	0.0	0.0	0.0	0	0	0	0	26	0	0	0	0	0	0	0	0	0	0	0	0	0	0	0	0	0	74	0	0	0	0	0	0	0	0	0	0	0	0	0	0	0	0	0	0	0	0	0	0	0	0	0	0	0	0	0	0	0	0.0	0.0	0.0	0.0	0.00014	0.0	0.0	0.0	0.0	0.0	0.0	0.0	0.0	1.0	0.0	0.0	0.0	0.0	
100	103	4419.160423126	2516.55	2516.55	0.023	0.0	0	0	0	0	101	0	0	0	0	0.0	0.0	0.0	0.0	0.219595	0.0	0.0	0.0	0.0	0.0	0.0	0.0	0.0	4231.68	0.0	0.0	0.0	0.0	0.0	0.0	0.0	0.0	41.8978	0.0	0.0	0.0	0.0	0	0	0	0	26	0	0	0	0	0	0	0	0	0	0	0	0	0	0	0	0	0	75	0	0	0	0	0	0	0	0	0	0	0	0	0	0	0	0	0	0	0	0	0	0	0	0	0	0	0	0	0	0	0	0.0	0.0	0.0	0.0	0.000125	0.0	0.0	0.0	0.0	0.0	0.0	0.0	0.0	1.0	0.0	0.0	0.0	0.0	
101	104	4426.346681928	2516.55	2516.55	0.020432	0.0	0	0	0	0	102	0	0	0	0	0.0	0.0	0.0	0.0	0.197636	0.0	0.0	0.0	0.0	0.0	0.0	0.0	0.0	4238.87	0.0	0.0	0.0	0.0	0.0	0.0	0.0	0.0	41.5575	0.0	0.0	0.0	0.0	0	0	0	0	26	0	0	0	0	0	0	0	0	0	0	0	0	0	0	0	0	0	76	0	0	0	0	0	0	0	0	0	0	0	0	0	0	0	0	0	0	0	0	0	0	0	0	0	0	0	0	0	0	0	0.0	0.0	0.0	0.0	0.000114	0.0	0.0	0.0	0.0	0.0	0.0	0.0	0.0	1.0	0.0	0.0	0.0	0.0	
102	105	4472.215735117	2516.55	2516.55	0.020152	0.0	0	0	0	0	103	0	0	0	0	0.0	0.0	0.0	0.0	0.177872	0.0	0.0	0.0	0.0	0.0	0.0	0.0	0.0	4284.74	0.0	0.0	0.0	0.0	0.0	0.0	0.0	0.0	41.5994	0.0	0.0	0.0	0.0	0	0	0	0	26	0	0	0	0	0	0	0	0	0	0	0	0	0	0	0	0	0	77	0	0	0	0	0	0	0	0	0	0	0	0	0	0	0	0	0	0	0	0	0	0	0	0	0	0	0	0	0	0	0	0.0	0.0	0.0	0.0	0.000103	0.0	0.0	0.0	0.0	0.0	0.0	0.0	0.0	1.0	0.0	0.0	0.0	0.0	
103	106	4490.115317341	2516.55	2516.55	0.018451	0.0	0	0	0	0	104	0	0	0	0	0.0	0.0	0.0	0.0	0.160085	0.0	0.0	0.0	0.0	0.0	0.0	0.0	0.0	4302.64	0.0	0.0	0.0	0.0	0.0	0.0	0.0	0.0	41.3715	0.0	0.0	0.0	0.0	0	0	0	0	26	0	0	0	0	0	0	0	0	0	0	0	0	0	0	0	0	0	78	0	0	0	0	0	0	0	0	0	0	0	0	0	0	0	0	0	0	0	0	0	0	0	0	0	0	0	0	0	0	0	0.0	0.0	0.0	0.0	9.4e-5	0.0	0.0	0.0	0.0	0.0	0.0	0.0	0.0	1.0	0.0	0.0	0.0	0.0	
104	107	4561.794741217	2516.55	2516.55	0.017827	0.0	0	0	0	0	105	0	0	0	0	0.0	0.0	0.0	0.0	0.144076	0.0	0.0	0.0	0.0	0.0	0.0	0.0	0.0	4374.32	0.0	0.0	0.0	0.0	0.0	0.0	0.0	0.0	41.6602	0.0	0.0	0.0	0.0	0	0	0	0	26	0	0	0	0	0	0	0	0	0	0	0	0	0	0	0	0	0	79	0	0	0	0	0	0	0	0	0	0	0	0	0	0	0	0	0	0	0	0	0	0	0	0	0	0	0	0	0	0	0	0.0	0.0	0.0	0.0	8.3e-5	0.0	0.0	0.0	0.0	0.0	0.0	0.0	0.0	1.0	0.0	0.0	0.0	0.0	
105	108	4741.847773913	2516.55	2516.55	0.015532	0.0	0	0	0	0	106	0	0	0	0	0.0	0.0	0.0	0.0	0.129669	0.0	0.0	0.0	0.0	0.0	0.0	0.0	0.0	4554.37	0.0	0.0	0.0	0.0	0.0	0.0	0.0	0.0	42.9658	0.0	0.0	0.0	0.0	0	0	0	0	26	0	0	0	0	0	0	0	0	0	0	0	0	0	0	0	0	0	80	0	0	0	0	0	0	0	0	0	0	0	0	0	0	0	0	0	0	0	0	0	0	0	0	0	0	0	0	0	0	0	0.0	0.0	0.0	0.0	7.0e-5	0.0	0.0	0.0	0.0	0.0	0.0	0.0	0.0	1.0	0.0	0.0	0.0	0.0	
106	109	4764.119196029	2516.55	2516.55	0.010988	0.0	0	0	0	0	107	0	0	0	0	0.0	0.0	0.0	0.0	0.116702	0.0	0.0	0.0	0.0	0.0	0.0	0.0	0.0	4576.64	0.0	0.0	0.0	0.0	0.0	0.0	0.0	0.0	42.7723	0.0	0.0	0.0	0.0	0	0	0	0	26	0	0	0	0	0	0	0	0	0	0	0	0	0	0	0	0	0	81	0	0	0	0	0	0	0	0	0	0	0	0	0	0	0	0	0	0	0	0	0	0	0	0	0	0	0	0	0	0	0	0.0	0.0	0.0	0.0	6.4e-5	0.0	0.0	0.0	0.0	0.0	0.0	0.0	0.0	1.0	0.0	0.0	0.0	0.0	
107	110	4778.4167833	2516.55	2516.55	0.010527	0.0	0	0	0	0	108	0	0	0	0	0.0	0.0	0.0	0.0	0.105032	0.0	0.0	0.0	0.0	0.0	0.0	0.0	0.0	4590.94	0.0	0.0	0.0	0.0	0.0	0.0	0.0	0.0	42.5087	0.0	0.0	0.0	0.0	0	0	0	0	26	0	0	0	0	0	0	0	0	0	0	0	0	0	0	0	0	0	82	0	0	0	0	0	0	0	0	0	0	0	0	0	0	0	0	0	0	0	0	0	0	0	0	0	0	0	0	0	0	0	0.0	0.0	0.0	0.0	5.8e-5	0.0	0.0	0.0	0.0	0.0	0.0	0.0	0.0	1.0	0.0	0.0	0.0	0.0	
108	111	4837.540197609	2516.55	2516.55	0.010242	0.0	0	0	0	0	109	0	0	0	0	0.0	0.0	0.0	0.0	0.094528	0.0	0.0	0.0	0.0	0.0	0.0	0.0	0.0	4650.06	0.0	0.0	0.0	0.0	0.0	0.0	0.0	0.0	42.6611	0.0	0.0	0.0	0.0	0	0	0	0	26	0	0	0	0	0	0	0	0	0	0	0	0	0	0	0	0	0	83	0	0	0	0	0	0	0	0	0	0	0	0	0	0	0	0	0	0	0	0	0	0	0	0	0	0	0	0	0	0	0	0.0	0.0	0.0	0.0	5.2e-5	0.0	0.0	0.0	0.0	0.0	0.0	0.0	0.0	1.0	0.0	0.0	0.0	0.0	
109	112	4941.969175912	2516.55	2516.55	0.009141	0.0	0	0	0	0	110	0	0	0	0	0.0	0.0	0.0	0.0	0.085076	0.0	0.0	0.0	0.0	0.0	0.0	0.0	0.0	4754.49	0.0	0.0	0.0	0.0	0.0	0.0	0.0	0.0	43.2226	0.0	0.0	0.0	0.0	0	0	0	0	26	0	0	0	0	0	0	0	0	0	0	0	0	0	0	0	0	0	84	0	0	0	0	0	0	0	0	0	0	0	0	0	0	0	0	0	0	0	0	0	0	0	0	0	0	0	0	0	0	0	0.0	0.0	0.0	0.0	4.6e-5	0.0	0.0	0.0	0.0	0.0	0.0	0.0	0.0	1.0	0.0	0.0	0.0	0.0	
110	113	4966.074028956	2516.55	2516.55	0.007478	0.0	0	0	0	0	111	0	0	0	0	0.0	0.0	0.0	0.0	0.076568	0.0	0.0	0.0	0.0	0.0	0.0	0.0	0.0	4778.6	0.0	0.0	0.0	0.0	0.0	0.0	0.0	0.0	43.0504	0.0	0.0	0.0	0.0	0	0	0	0	26	0	0	0	0	0	0	0	0	0	0	0	0	0	0	0	0	0	85	0	0	0	0	0	0	0	0	0	0	0	0	0	0	0	0	0	0	0	0	0	0	0	0	0	0	0	0	0	0	0	0.0	0.0	0.0	0.0	4.1e-5	0.0	0.0	0.0	0.0	0.0	0.0	0.0	0.0	1.0	0.0	0.0	0.0	0.0	
111	114	4982.617287385	2516.55	2516.55	0.00714	0.0	0	0	0	0	112	0	0	0	0	0.0	0.0	0.0	0.0	0.068911	0.0	0.0	0.0	0.0	0.0	0.0	0.0	0.0	4795.14	0.0	0.0	0.0	0.0	0.0	0.0	0.0	0.0	42.8137	0.0	0.0	0.0	0.0	0	0	0	0	26	0	0	0	0	0	0	0	0	0	0	0	0	0	0	0	0	0	86	0	0	0	0	0	0	0	0	0	0	0	0	0	0	0	0	0	0	0	0	0	0	0	0	0	0	0	0	0	0	0	0.0	0.0	0.0	0.0	3.8e-5	0.0	0.0	0.0	0.0	0.0	0.0	0.0	0.0	1.0	0.0	0.0	0.0	0.0	
112	115	4989.791346414	2516.55	2516.55	0.006916	0.0	0	0	0	0	113	0	0	0	0	0.0	0.0	0.0	0.0	0.06202	0.0	0.0	0.0	0.0	0.0	0.0	0.0	0.0	4802.31	0.0	0.0	0.0	0.0	0.0	0.0	0.0	0.0	42.4983	0.0	0.0	0.0	0.0	0	0	0	0	26	0	0	0	0	0	0	0	0	0	0	0	0	0	0	0	0	0	87	0	0	0	0	0	0	0	0	0	0	0	0	0	0	0	0	0	0	0	0	0	0	0	0	0	0	0	0	0	0	0	0.0	0.0	0.0	0.0	3.4e-5	0.0	0.0	0.0	0.0	0.0	0.0	0.0	0.0	1.0	0.0	0.0	0.0	0.0	
113	116	5006.668024181	2516.55	2516.55	0.006822	0.0	0	0	0	0	114	0	0	0	0	0.0	0.0	0.0	0.0	0.055818	0.0	0.0	0.0	0.0	0.0	0.0	0.0	0.0	4819.19	0.0	0.0	0.0	0.0	0.0	0.0	0.0	0.0	42.2736	0.0	0.0	0.0	0.0	0	0	0	0	26	0	0	0	0	0	0	0	0	0	0	0	0	0	0	0	0	0	88	0	0	0	0	0	0	0	0	0	0	0	0	0	0	0	0	0	0	0	0	0	0	0	0	0	0	0	0	0	0	0	0.0	0.0	0.0	0.0	3.1e-5	0.0	0.0	0.0	0.0	0.0	0.0	0.0	0.0	1.0	0.0	0.0	0.0	0.0	
114	117	5023.69032766	2516.55	2516.55	0.006604	0.0	0	0	0	0	115	0	0	0	0	0.0	0.0	0.0	0.0	0.050236	0.0	0.0	0.0	0.0	0.0	0.0	0.0	0.0	4836.21	0.0	0.0	0.0	0.0	0.0	0.0	0.0	0.0	42.054	0.0	0.0	0.0	0.0	0	0	0	0	26	0	0	0	0	0	0	0	0	0	0	0	0	0	0	0	0	0	89	0	0	0	0	0	0	0	0	0	0	0	0	0	0	0	0	0	0	0	0	0	0	0	0	0	0	0	0	0	0	0	0.0	0.0	0.0	0.0	2.8e-5	0.0	0.0	0.0	0.0	0.0	0.0	0.0	0.0	1.0	0.0	0.0	0.0	0.0	
115	118	5031.064469347	2516.55	2516.55	0.006391	0.0	0	0	0	0	116	0	0	0	0	0.0	0.0	0.0	0.0	0.045213	0.0	0.0	0.0	0.0	0.0	0.0	0.0	0.0	4843.59	0.0	0.0	0.0	0.0	0.0	0.0	0.0	0.0	41.7551	0.0	0.0	0.0	0.0	0	0	0	0	26	0	0	0	0	0	0	0	0	0	0	0	0	0	0	0	0	0	90	0	0	0	0	0	0	0	0	0	0	0	0	0	0	0	0	0	0	0	0	0	0	0	0	0	0	0	0	0	0	0	0.0	0.0	0.0	0.0	2.6e-5	0.0	0.0	0.0	0.0	0.0	0.0	0.0	0.0	1.0	0.0	0.0	0.0	0.0	
116	119	5034.537872202	2516.55	2516.55	0.006301	0.0	0	0	0	0	117	0	0	0	0	0.0	0.0	0.0	0.0	0.040691	0.0	0.0	0.0	0.0	0.0	0.0	0.0	0.0	4847.06	0.0	0.0	0.0	0.0	0.0	0.0	0.0	0.0	41.4279	0.0	0.0	0.0	0.0	0	0	0	0	26	0	0	0	0	0	0	0	0	0	0	0	0	0	0	0	0	0	91	0	0	0	0	0	0	0	0	0	0	0	0	0	0	0	0	0	0	0	0	0	0	0	0	0	0	0	0	0	0	0	0.0	0.0	0.0	0.0	2.4e-5	0.0	0.0	0.0	0.0	0.0	0.0	0.0	0.0	1.0	0.0	0.0	0.0	0.0	
117	120	5041.080410332	2516.55	2516.55	0.006259	0.0	0	0	0	0	118	0	0	0	0	0.0	0.0	0.0	0.0	0.036622	0.0	0.0	0.0	0.0	0.0	0.0	0.0	0.0	4853.6	0.0	0.0	0.0	0.0	0.0	0.0	0.0	0.0	41.1322	0.0	0.0	0.0	0.0	0	0	0	0	26	0	0	0	0	0	0	0	0	0	0	0	0	0	0	0	0	0	92	0	0	0	0	0	0	0	0	0	0	0	0	0	0	0	0	0	0	0	0	0	0	0	0	0	0	0	0	0	0	0	0.0	0.0	0.0	0.0	2.2e-5	0.0	0.0	0.0	0.0	0.0	0.0	0.0	0.0	1.0	0.0	0.0	0.0	0.0	
118	121	5045.343239028	2516.55	2516.55	0.006181	0.0	0	0	0	0	119	0	0	0	0	0.0	0.0	0.0	0.0	0.03296	0.0	0.0	0.0	0.0	0.0	0.0	0.0	0.0	4857.86	0.0	0.0	0.0	0.0	0.0	0.0	0.0	0.0	40.8224	0.0	0.0	0.0	0.0	0	0	0	0	26	0	0	0	0	0	0	0	0	0	0	0	0	0	0	0	0	0	93	0	0	0	0	0	0	0	0	0	0	0	0	0	0	0	0	0	0	0	0	0	0	0	0	0	0	0	0	0	0	0	0.0	0.0	0.0	0.0	2.0e-5	0.0	0.0	0.0	0.0	0.0	0.0	0.0	0.0	1.0	0.0	0.0	0.0	0.0	
119	122	5060.858294636	2516.55	2516.55	0.006131	0.0	0	0	0	0	120	0	0	0	0	0.0	0.0	0.0	0.0	0.029664	0.0	0.0	0.0	0.0	0.0	0.0	0.0	0.0	4873.38	0.0	0.0	0.0	0.0	0.0	0.0	0.0	0.0	40.6115	0.0	0.0	0.0	0.0	0	0	0	0	26	0	0	0	0	0	0	0	0	0	0	0	0	0	0	0	0	0	94	0	0	0	0	0	0	0	0	0	0	0	0	0	0	0	0	0	0	0	0	0	0	0	0	0	0	0	0	0	0	0	0.0	0.0	0.0	0.0	1.8e-5	0.0	0.0	0.0	0.0	0.0	0.0	0.0	0.0	1.0	0.0	0.0	0.0	0.0	
120	123	5064.534222403	2516.55	2516.55	0.00595	0.0	0	0	0	0	121	0	0	0	0	0.0	0.0	0.0	0.0	0.026698	0.0	0.0	0.0	0.0	0.0	0.0	0.0	0.0	4877.06	0.0	0.0	0.0	0.0	0.0	0.0	0.0	0.0	40.3062	0.0	0.0	0.0	0.0	0	0	0	0	26	0	0	0	0	0	0	0	0	0	0	0	0	0	0	0	0	0	95	0	0	0	0	0	0	0	0	0	0	0	0	0	0	0	0	0	0	0	0	0	0	0	0	0	0	0	0	0	0	0	0.0	0.0	0.0	0.0	1.6e-5	0.0	0.0	0.0	0.0	0.0	0.0	0.0	0.0	1.0	0.0	0.0	0.0	0.0	
121	124	5244.564264516	2516.55	2516.55	0.005909	0.0	0	0	0	0	122	0	0	0	0	0.0	0.0	0.0	0.0	0.024028	0.0	0.0	0.0	0.0	0.0	0.0	0.0	0.0	5057.09	0.0	0.0	0.0	0.0	0.0	0.0	0.0	0.0	41.4515	0.0	0.0	0.0	0.0	0	0	0	0	26	0	0	0	0	0	0	0	0	0	0	0	0	0	0	0	0	0	96	0	0	0	0	0	0	0	0	0	0	0	0	0	0	0	0	0	0	0	0	0	0	0	0	0	0	0	0	0	0	0	0.0	0.0	0.0	0.0	1.4e-5	0.0	0.0	0.0	0.0	0.0	0.0	0.0	0.0	1.0	0.0	0.0	0.0	0.0	
122	125	5250.040911285	2516.55	2516.55	0.00418	0.0	0	0	0	0	123	0	0	0	0	0.0	0.0	0.0	0.0	0.021625	0.0	0.0	0.0	0.0	0.0	0.0	0.0	0.0	5062.56	0.0	0.0	0.0	0.0	0.0	0.0	0.0	0.0	41.159	0.0	0.0	0.0	0.0	0	0	0	0	26	0	0	0	0	0	0	0	0	0	0	0	0	0	0	0	0	0	97	0	0	0	0	0	0	0	0	0	0	0	0	0	0	0	0	0	0	0	0	0	0	0	0	0	0	0	0	0	0	0	0.0	0.0	0.0	0.0	1.3e-5	0.0	0.0	0.0	0.0	0.0	0.0	0.0	0.0	1.0	0.0	0.0	0.0	0.0	
123	126	5253.585356207	2516.55	2516.55	0.004136	0.0	0	0	0	0	124	0	0	0	0	0.0	0.0	0.0	0.0	0.019463	0.0	0.0	0.0	0.0	0.0	0.0	0.0	0.0	5066.11	0.0	0.0	0.0	0.0	0.0	0.0	0.0	0.0	40.8557	0.0	0.0	0.0	0.0	0	0	0	0	26	0	0	0	0	0	0	0	0	0	0	0	0	0	0	0	0	0	98	0	0	0	0	0	0	0	0	0	0	0	0	0	0	0	0	0	0	0	0	0	0	0	0	0	0	0	0	0	0	0	0.0	0.0	0.0	0.0	1.2e-5	0.0	0.0	0.0	0.0	0.0	0.0	0.0	0.0	1.0	0.0	0.0	0.0	0.0	
124	127	5266.604872739	2516.55	2516.55	0.004108	0.0	0	0	0	0	125	0	0	0	0	0.0	0.0	0.0	0.0	0.017516	0.0	0.0	0.0	0.0	0.0	0.0	0.0	0.0	5079.13	0.0	0.0	0.0	0.0	0.0	0.0	0.0	0.0	40.633	0.0	0.0	0.0	0.0	0	0	0	0	26	0	0	0	0	0	0	0	0	0	0	0	0	0	0	0	0	0	99	0	0	0	0	0	0	0	0	0	0	0	0	0	0	0	0	0	0	0	0	0	0	0	0	0	0	0	0	0	0	0	0.0	0.0	0.0	0.0	1.1e-5	0.0	0.0	0.0	0.0	0.0	0.0	0.0	0.0	1.0	0.0	0.0	0.0	0.0	
125	128	5446.651345007	2500.05	2500.05	0.004006	0.0	0	0	0	0	126	0	0	0	0	0.0	0.0	0.0	0.0	0.115765	0.0	0.0	0.0	0.0	0.0	0.0	0.0	0.0	5259.17	0.0	0.0	0.0	0.0	0.0	0.0	0.0	0.0	41.7395	0.0	0.0	0.0	0.0	0	0	0	0	27	0	0	0	0	0	0	0	0	0	0	0	0	0	0	0	0	0	99	0	0	0	0	0	0	0	0	0	0	0	0	0	0	0	0	0	0	0	0	0	0	0	0	0	0	0	0	0	0	0	0.0	0.0	0.0	0.0	6.6e-5	0.0	0.0	0.0	0.0	0.0	0.0	0.0	0.0	1.0	0.0	0.0	0.0	0.0	
126	129	5457.272636279	2500.05	2500.05	0.002834	0.0	0	0	0	0	127	0	0	0	0	0.0	0.0	0.0	0.0	0.104188	0.0	0.0	0.0	0.0	0.0	0.0	0.0	0.0	5269.79	0.0	0.0	0.0	0.0	0.0	0.0	0.0	0.0	41.4944	0.0	0.0	0.0	0.0	0	0	0	0	27	0	0	0	0	0	0	0	0	0	0	0	0	0	0	0	0	0	100	0	0	0	0	0	0	0	0	0	0	0	0	0	0	0	0	0	0	0	0	0	0	0	0	0	0	0	0	0	0	0	0.0	0.0	0.0	0.0	6.1e-5	0.0	0.0	0.0	0.0	0.0	0.0	0.0	0.0	1.0	0.0	0.0	0.0	0.0	
127	130	5480.913060953	2500.05	2500.05	0.002777	0.0	0	0	0	0	128	0	0	0	0	0.0	0.0	0.0	0.0	0.093769	0.0	0.0	0.0	0.0	0.0	0.0	0.0	0.0	5293.43	0.0	0.0	0.0	0.0	0.0	0.0	0.0	0.0	41.355	0.0	0.0	0.0	0.0	0	0	0	0	27	0	0	0	0	0	0	0	0	0	0	0	0	0	0	0	0	0	101	0	0	0	0	0	0	0	0	0	0	0	0	0	0	0	0	0	0	0	0	0	0	0	0	0	0	0	0	0	0	0	0.0	0.0	0.0	0.0	5.5e-5	0.0	0.0	0.0	0.0	0.0	0.0	0.0	0.0	1.0	0.0	0.0	0.0	0.0	
128	131	5660.965837757	2500.05	2500.05	0.002654	0.0	0	0	0	0	129	0	0	0	0	0.0	0.0	0.0	0.0	0.084392	0.0	0.0	0.0	0.0	0.0	0.0	0.0	0.0	5473.49	0.0	0.0	0.0	0.0	0.0	0.0	0.0	0.0	42.4301	0.0	0.0	0.0	0.0	0	0	0	0	27	0	0	0	0	0	0	0	0	0	0	0	0	0	0	0	0	0	102	0	0	0	0	0	0	0	0	0	0	0	0	0	0	0	0	0	0	0	0	0	0	0	0	0	0	0	0	0	0	0	0.0	0.0	0.0	0.0	4.7e-5	0.0	0.0	0.0	0.0	0.0	0.0	0.0	0.0	1.0	0.0	0.0	0.0	0.0	
129	132	5841.017657164	2500.05	2500.05	0.001877	0.0	0	0	0	0	130	0	0	0	0	0.0	0.0	0.0	0.0	0.075953	0.0	0.0	0.0	0.0	0.0	0.0	0.0	0.0	5653.54	0.0	0.0	0.0	0.0	0.0	0.0	0.0	0.0	43.4888	0.0	0.0	0.0	0.0	0	0	0	0	27	0	0	0	0	0	0	0	0	0	0	0	0	0	0	0	0	0	103	0	0	0	0	0	0	0	0	0	0	0	0	0	0	0	0	0	0	0	0	0	0	0	0	0	0	0	0	0	0	0	0.0	0.0	0.0	0.0	4.0e-5	0.0	0.0	0.0	0.0	0.0	0.0	0.0	0.0	1.0	0.0	0.0	0.0	0.0	
130	133	5851.13055118	2500.05	2500.05	0.001328	0.0	0	0	0	0	131	0	0	0	0	0.0	0.0	0.0	0.0	0.068358	0.0	0.0	0.0	0.0	0.0	0.0	0.0	0.0	5663.65	0.0	0.0	0.0	0.0	0.0	0.0	0.0	0.0	43.234	0.0	0.0	0.0	0.0	0	0	0	0	27	0	0	0	0	0	0	0	0	0	0	0	0	0	0	0	0	0	104	0	0	0	0	0	0	0	0	0	0	0	0	0	0	0	0	0	0	0	0	0	0	0	0	0	0	0	0	0	0	0	0.0	0.0	0.0	0.0	3.7e-5	0.0	0.0	0.0	0.0	0.0	0.0	0.0	0.0	1.0	0.0	0.0	0.0	0.0	
131	134	5865.356463178	2491.4	2491.4	0.001302	0.0	0	0	0	0	132	0	0	0	0	0.0	0.0	0.0	0.0	0.161522	0.0	0.0	0.0	0.0	0.0	0.0	0.0	0.0	5677.88	0.0	0.0	0.0	0.0	0.0	0.0	0.0	0.0	43.0142	0.0	0.0	0.0	0.0	0	0	0	0	28	0	0	0	0	0	0	0	0	0	0	0	0	0	0	0	0	0	104	0	0	0	0	0	0	0	0	0	0	0	0	0	0	0	0	0	0	0	0	0	0	0	0	0	0	0	0	0	0	0	0.0	0.0	0.0	0.0	8.7e-5	0.0	0.0	0.0	0.0	0.0	0.0	0.0	0.0	1.0	0.0	0.0	0.0	0.0	
132	135	5871.761681578	2491.4	2491.4	0.001267	0.0	0	0	0	0	133	0	0	0	0	0.0	0.0	0.0	0.0	0.14537	0.0	0.0	0.0	0.0	0.0	0.0	0.0	0.0	5684.28	0.0	0.0	0.0	0.0	0.0	0.0	0.0	0.0	42.739	0.0	0.0	0.0	0.0	0	0	0	0	28	0	0	0	0	0	0	0	0	0	0	0	0	0	0	0	0	0	105	0	0	0	0	0	0	0	0	0	0	0	0	0	0	0	0	0	0	0	0	0	0	0	0	0	0	0	0	0	0	0	0.0	0.0	0.0	0.0	8.0e-5	0.0	0.0	0.0	0.0	0.0	0.0	0.0	0.0	1.0	0.0	0.0	0.0	0.0	
133	136	5878.494396945	2491.4	2491.4	0.001252	0.0	0	0	0	0	134	0	0	0	0	0.0	0.0	0.0	0.0	0.130833	0.0	0.0	0.0	0.0	0.0	0.0	0.0	0.0	5691.02	0.0	0.0	0.0	0.0	0.0	0.0	0.0	0.0	42.4703	0.0	0.0	0.0	0.0	0	0	0	0	28	0	0	0	0	0	0	0	0	0	0	0	0	0	0	0	0	0	106	0	0	0	0	0	0	0	0	0	0	0	0	0	0	0	0	0	0	0	0	0	0	0	0	0	0	0	0	0	0	0	0.0	0.0	0.0	0.0	7.3e-5	0.0	0.0	0.0	0.0	0.0	0.0	0.0	0.0	1.0	0.0	0.0	0.0	0.0	
134	137	5879.52840436	2491.4	2491.4	0.001236	0.0	0	0	0	0	135	0	0	0	0	0.0	0.0	0.0	0.0	0.11775	0.0	0.0	0.0	0.0	0.0	0.0	0.0	0.0	5692.05	0.0	0.0	0.0	0.0	0.0	0.0	0.0	0.0	42.1633	0.0	0.0	0.0	0.0	0	0	0	0	28	0	0	0	0	0	0	0	0	0	0	0	0	0	0	0	0	0	107	0	0	0	0	0	0	0	0	0	0	0	0	0	0	0	0	0	0	0	0	0	0	0	0	0	0	0	0	0	0	0	0.0	0.0	0.0	0.0	6.6e-5	0.0	0.0	0.0	0.0	0.0	0.0	0.0	0.0	1.0	0.0	0.0	0.0	0.0	
135	138	5887.868541777	2491.4	2491.4	0.001233	0.0	0	0	0	0	136	0	0	0	0	0.0	0.0	0.0	0.0	0.105975	0.0	0.0	0.0	0.0	0.0	0.0	0.0	0.0	5700.39	0.0	0.0	0.0	0.0	0.0	0.0	0.0	0.0	41.9146	0.0	0.0	0.0	0.0	0	0	0	0	28	0	0	0	0	0	0	0	0	0	0	0	0	0	0	0	0	0	108	0	0	0	0	0	0	0	0	0	0	0	0	0	0	0	0	0	0	0	0	0	0	0	0	0	0	0	0	0	0	0	0.0	0.0	0.0	0.0	6.0e-5	0.0	0.0	0.0	0.0	0.0	0.0	0.0	0.0	1.0	0.0	0.0	0.0	0.0	
136	139	5894.322623657	2491.4	2491.4	0.001214	0.0	0	0	0	0	137	0	0	0	0	0.0	0.0	0.0	0.0	0.095377	0.0	0.0	0.0	0.0	0.0	0.0	0.0	0.0	5706.84	0.0	0.0	0.0	0.0	0.0	0.0	0.0	0.0	41.6558	0.0	0.0	0.0	0.0	0	0	0	0	28	0	0	0	0	0	0	0	0	0	0	0	0	0	0	0	0	0	109	0	0	0	0	0	0	0	0	0	0	0	0	0	0	0	0	0	0	0	0	0	0	0	0	0	0	0	0	0	0	0	0.0	0.0	0.0	0.0	5.5e-5	0.0	0.0	0.0	0.0	0.0	0.0	0.0	0.0	1.0	0.0	0.0	0.0	0.0	
137	140	6062.581564258	2491.4	2491.4	0.001199	0.0	0	0	0	0	138	0	0	0	0	0.0	0.0	0.0	0.0	0.08584	0.0	0.0	0.0	0.0	0.0	0.0	0.0	0.0	5875.1	0.0	0.0	0.0	0.0	0.0	0.0	0.0	0.0	42.5732	0.0	0.0	0.0	0.0	0	0	0	0	28	0	0	0	0	0	0	0	0	0	0	0	0	0	0	0	0	0	110	0	0	0	0	0	0	0	0	0	0	0	0	0	0	0	0	0	0	0	0	0	0	0	0	0	0	0	0	0	0	0	0.0	0.0	0.0	0.0	4.7e-5	0.0	0.0	0.0	0.0	0.0	0.0	0.0	0.0	1.0	0.0	0.0	0.0	0.0	
138	141	6116.365950036	2491.4	2491.4	0.000867	0.0	0	0	0	0	139	0	0	0	0	0.0	0.0	0.0	0.0	0.077256	0.0	0.0	0.0	0.0	0.0	0.0	0.0	0.0	5928.89	0.0	0.0	0.0	0.0	0.0	0.0	0.0	0.0	42.6539	0.0	0.0	0.0	0.0	0	0	0	0	28	0	0	0	0	0	0	0	0	0	0	0	0	0	0	0	0	0	111	0	0	0	0	0	0	0	0	0	0	0	0	0	0	0	0	0	0	0	0	0	0	0	0	0	0	0	0	0	0	0	0.0	0.0	0.0	0.0	4.2e-5	0.0	0.0	0.0	0.0	0.0	0.0	0.0	0.0	1.0	0.0	0.0	0.0	0.0	
139	142	6121.782019106	2491.4	2491.4	0.000782	0.0	0	0	0	0	140	0	0	0	0	0.0	0.0	0.0	0.0	0.06953	0.0	0.0	0.0	0.0	0.0	0.0	0.0	0.0	5934.3	0.0	0.0	0.0	0.0	0.0	0.0	0.0	0.0	42.3879	0.0	0.0	0.0	0.0	0	0	0	0	28	0	0	0	0	0	0	0	0	0	0	0	0	0	0	0	0	0	112	0	0	0	0	0	0	0	0	0	0	0	0	0	0	0	0	0	0	0	0	0	0	0	0	0	0	0	0	0	0	0	0.0	0.0	0.0	0.0	3.9e-5	0.0	0.0	0.0	0.0	0.0	0.0	0.0	0.0	1.0	0.0	0.0	0.0	0.0	
140	143	6129.842138992	2491.4	2491.4	0.000774	0.0	0	0	0	0	141	0	0	0	0	0.0	0.0	0.0	0.0	0.062577	0.0	0.0	0.0	0.0	0.0	0.0	0.0	0.0	5942.36	0.0	0.0	0.0	0.0	0.0	0.0	0.0	0.0	42.1444	0.0	0.0	0.0	0.0	0	0	0	0	28	0	0	0	0	0	0	0	0	0	0	0	0	0	0	0	0	0	113	0	0	0	0	0	0	0	0	0	0	0	0	0	0	0	0	0	0	0	0	0	0	0	0	0	0	0	0	0	0	0	0.0	0.0	0.0	0.0	3.5e-5	0.0	0.0	0.0	0.0	0.0	0.0	0.0	0.0	1.0	0.0	0.0	0.0	0.0	
141	144	6210.072895788	2491.4	2491.4	0.000762	0.0	0	0	0	0	142	0	0	0	0	0.0	0.0	0.0	0.0	0.056319	0.0	0.0	0.0	0.0	0.0	0.0	0.0	0.0	6022.59	0.0	0.0	0.0	0.0	0.0	0.0	0.0	0.0	42.4126	0.0	0.0	0.0	0.0	0	0	0	0	28	0	0	0	0	0	0	0	0	0	0	0	0	0	0	0	0	0	114	0	0	0	0	0	0	0	0	0	0	0	0	0	0	0	0	0	0	0	0	0	0	0	0	0	0	0	0	0	0	0	0.0	0.0	0.0	0.0	3.1e-5	0.0	0.0	0.0	0.0	0.0	0.0	0.0	0.0	1.0	0.0	0.0	0.0	0.0	
142	145	6217.640552895	2491.4	2491.4	0.000653	0.0	0	0	0	0	143	0	0	0	0	0.0	0.0	0.0	0.0	0.050687	0.0	0.0	0.0	0.0	0.0	0.0	0.0	0.0	6030.16	0.0	0.0	0.0	0.0	0.0	0.0	0.0	0.0	42.169	0.0	0.0	0.0	0.0	0	0	0	0	28	0	0	0	0	0	0	0	0	0	0	0	0	0	0	0	0	0	115	0	0	0	0	0	0	0	0	0	0	0	0	0	0	0	0	0	0	0	0	0	0	0	0	0	0	0	0	0	0	0	0.0	0.0	0.0	0.0	2.9e-5	0.0	0.0	0.0	0.0	0.0	0.0	0.0	0.0	1.0	0.0	0.0	0.0	0.0	
143	146	6225.230703829	2491.4	2491.4	0.000644	0.0	0	0	0	0	144	0	0	0	0	0.0	0.0	0.0	0.0	0.045619	0.0	0.0	0.0	0.0	0.0	0.0	0.0	0.0	6037.75	0.0	0.0	0.0	0.0	0.0	0.0	0.0	0.0	41.9288	0.0	0.0	0.0	0.0	0	0	0	0	28	0	0	0	0	0	0	0	0	0	0	0	0	0	0	0	0	0	116	0	0	0	0	0	0	0	0	0	0	0	0	0	0	0	0	0	0	0	0	0	0	0	0	0	0	0	0	0	0	0	0.0	0.0	0.0	0.0	2.6e-5	0.0	0.0	0.0	0.0	0.0	0.0	0.0	0.0	1.0	0.0	0.0	0.0	0.0	
144	147	6230.596160222	2491.4	2491.4	0.000634	0.0	0	0	0	0	145	0	0	0	0	0.0	0.0	0.0	0.0	0.041057	0.0	0.0	0.0	0.0	0.0	0.0	0.0	0.0	6043.12	0.0	0.0	0.0	0.0	0.0	0.0	0.0	0.0	41.6767	0.0	0.0	0.0	0.0	0	0	0	0	28	0	0	0	0	0	0	0	0	0	0	0	0	0	0	0	0	0	117	0	0	0	0	0	0	0	0	0	0	0	0	0	0	0	0	0	0	0	0	0	0	0	0	0	0	0	0	0	0	0	0.0	0.0	0.0	0.0	2.4e-5	0.0	0.0	0.0	0.0	0.0	0.0	0.0	0.0	1.0	0.0	0.0	0.0	0.0	
145	148	6255.046144357	2491.4	2491.4	0.000628	0.0	0	0	0	0	146	0	0	0	0	0.0	0.0	0.0	0.0	0.036951	0.0	0.0	0.0	0.0	0.0	0.0	0.0	0.0	6067.57	0.0	0.0	0.0	0.0	0.0	0.0	0.0	0.0	41.5587	0.0	0.0	0.0	0.0	0	0	0	0	28	0	0	0	0	0	0	0	0	0	0	0	0	0	0	0	0	0	118	0	0	0	0	0	0	0	0	0	0	0	0	0	0	0	0	0	0	0	0	0	0	0	0	0	0	0	0	0	0	0	0.0	0.0	0.0	0.0	2.1e-5	0.0	0.0	0.0	0.0	0.0	0.0	0.0	0.0	1.0	0.0	0.0	0.0	0.0	
146	149	6268.058756102	2491.4	2491.4	0.000599	0.0	0	0	0	0	147	0	0	0	0	0.0	0.0	0.0	0.0	0.033256	0.0	0.0	0.0	0.0	0.0	0.0	0.0	0.0	6080.58	0.0	0.0	0.0	0.0	0.0	0.0	0.0	0.0	41.3645	0.0	0.0	0.0	0.0	0	0	0	0	28	0	0	0	0	0	0	0	0	0	0	0	0	0	0	0	0	0	119	0	0	0	0	0	0	0	0	0	0	0	0	0	0	0	0	0	0	0	0	0	0	0	0	0	0	0	0	0	0	0	0.0	0.0	0.0	0.0	1.9e-5	0.0	0.0	0.0	0.0	0.0	0.0	0.0	0.0	1.0	0.0	0.0	0.0	0.0	
147	150	6295.140993776	2491.4	2491.4	0.000584	0.0	0	0	0	0	148	0	0	0	0	0.0	0.0	0.0	0.0	0.02993	0.0	0.0	0.0	0.0	0.0	0.0	0.0	0.0	6107.66	0.0	0.0	0.0	0.0	0.0	0.0	0.0	0.0	41.268	0.0	0.0	0.0	0.0	0	0	0	0	28	0	0	0	0	0	0	0	0	0	0	0	0	0	0	0	0	0	120	0	0	0	0	0	0	0	0	0	0	0	0	0	0	0	0	0	0	0	0	0	0	0	0	0	0	0	0	0	0	0	0.0	0.0	0.0	0.0	1.8e-5	0.0	0.0	0.0	0.0	0.0	0.0	0.0	0.0	1.0	0.0	0.0	0.0	0.0	
148	152	6304.569194787	2491.4	2491.4	0.000554	0.0	0	0	0	0	150	0	0	0	0	0.0	0.0	0.0	0.0	0.024244	0.0	0.0	0.0	0.0	0.0	0.0	0.0	0.0	6117.09	0.0	0.0	0.0	0.0	0.0	0.0	0.0	0.0	40.7806	0.0	0.0	0.0	0.0	0	0	0	0	28	0	0	0	0	0	0	0	0	0	0	0	0	0	0	0	0	0	122	0	0	0	0	0	0	0	0	0	0	0	0	0	0	0	0	0	0	0	0	0	0	0	0	0	0	0	0	0	0	0	0.0	0.0	0.0	0.0	1.5e-5	0.0	0.0	0.0	0.0	0.0	0.0	0.0	0.0	1.0	0.0	0.0	0.0	0.0	
149	153	6315.206012414	2491.4	2491.4	0.000545	0.0	0	0	0	0	151	0	0	0	0	0.0	0.0	0.0	0.0	0.021819	0.0	0.0	0.0	0.0	0.0	0.0	0.0	0.0	6127.73	0.0	0.0	0.0	0.0	0.0	0.0	0.0	0.0	40.581	0.0	0.0	0.0	0.0	0	0	0	0	28	0	0	0	0	0	0	0	0	0	0	0	0	0	0	0	0	0	123	0	0	0	0	0	0	0	0	0	0	0	0	0	0	0	0	0	0	0	0	0	0	0	0	0	0	0	0	0	0	0	0.0	0.0	0.0	0.0	1.3e-5	0.0	0.0	0.0	0.0	0.0	0.0	0.0	0.0	1.0	0.0	0.0	0.0	0.0	
150	154	6322.251800956	2491.4	2491.4	0.000534	0.0	0	0	0	0	152	0	0	0	0	0.0	0.0	0.0	0.0	0.019637	0.0	0.0	0.0	0.0	0.0	0.0	0.0	0.0	6134.77	0.0	0.0	0.0	0.0	0.0	0.0	0.0	0.0	40.3603	0.0	0.0	0.0	0.0	0	0	0	0	28	0	0	0	0	0	0	0	0	0	0	0	0	0	0	0	0	0	124	0	0	0	0	0	0	0	0	0	0	0	0	0	0	0	0	0	0	0	0	0	0	0	0	0	0	0	0	0	0	0	0.0	0.0	0.0	0.0	1.2e-5	0.0	0.0	0.0	0.0	0.0	0.0	0.0	0.0	1.0	0.0	0.0	0.0	0.0	
151	155	6336.211586334	2491.4	2491.4	0.000526	0.0	0	0	0	0	153	0	0	0	0	0.0	0.0	0.0	0.0	0.017674	0.0	0.0	0.0	0.0	0.0	0.0	0.0	0.0	6148.73	0.0	0.0	0.0	0.0	0.0	0.0	0.0	0.0	40.1878	0.0	0.0	0.0	0.0	0	0	0	0	28	0	0	0	0	0	0	0	0	0	0	0	0	0	0	0	0	0	125	0	0	0	0	0	0	0	0	0	0	0	0	0	0	0	0	0	0	0	0	0	0	0	0	0	0	0	0	0	0	0	0.0	0.0	0.0	0.0	1.1e-5	0.0	0.0	0.0	0.0	0.0	0.0	0.0	0.0	1.0	0.0	0.0	0.0	0.0	
152	156	6338.960757371	2491.4	2491.4	0.000513	0.0	0	0	0	0	154	0	0	0	0	0.0	0.0	0.0	0.0	0.015906	0.0	0.0	0.0	0.0	0.0	0.0	0.0	0.0	6151.48	0.0	0.0	0.0	0.0	0.0	0.0	0.0	0.0	39.9447	0.0	0.0	0.0	0.0	0	0	0	0	28	0	0	0	0	0	0	0	0	0	0	0	0	0	0	0	0	0	126	0	0	0	0	0	0	0	0	0	0	0	0	0	0	0	0	0	0	0	0	0	0	0	0	0	0	0	0	0	0	0	0.0	0.0	0.0	0.0	1.0e-5	0.0	0.0	0.0	0.0	0.0	0.0	0.0	0.0	1.0	0.0	0.0	0.0	0.0	
153	157	6363.426396491	2491.4	2491.4	0.00051	0.0	0	0	0	0	155	0	0	0	0	0.0	0.0	0.0	0.0	0.014316	0.0	0.0	0.0	0.0	0.0	0.0	0.0	0.0	6175.95	0.0	0.0	0.0	0.0	0.0	0.0	0.0	0.0	39.8448	0.0	0.0	0.0	0.0	0	0	0	0	28	0	0	0	0	0	0	0	0	0	0	0	0	0	0	0	0	0	127	0	0	0	0	0	0	0	0	0	0	0	0	0	0	0	0	0	0	0	0	0	0	0	0	0	0	0	0	0	0	0	0.0	0.0	0.0	0.0	9.0e-6	0.0	0.0	0.0	0.0	0.0	0.0	0.0	0.0	1.0	0.0	0.0	0.0	0.0	
154	158	6370.293043442	2491.4	2491.4	0.000486	0.0	0	0	0	0	156	0	0	0	0	0.0	0.0	0.0	0.0	0.012884	0.0	0.0	0.0	0.0	0.0	0.0	0.0	0.0	6182.81	0.0	0.0	0.0	0.0	0.0	0.0	0.0	0.0	39.6334	0.0	0.0	0.0	0.0	0	0	0	0	28	0	0	0	0	0	0	0	0	0	0	0	0	0	0	0	0	0	128	0	0	0	0	0	0	0	0	0	0	0	0	0	0	0	0	0	0	0	0	0	0	0	0	0	0	0	0	0	0	0	0.0	0.0	0.0	0.0	8.0e-6	0.0	0.0	0.0	0.0	0.0	0.0	0.0	0.0	1.0	0.0	0.0	0.0	0.0	
155	159	6550.328850514	2491.4	2491.4	0.00048	0.0	0	0	0	0	157	0	0	0	0	0.0	0.0	0.0	0.0	0.011596	0.0	0.0	0.0	0.0	0.0	0.0	0.0	0.0	6362.85	0.0	0.0	0.0	0.0	0.0	0.0	0.0	0.0	40.5277	0.0	0.0	0.0	0.0	0	0	0	0	28	0	0	0	0	0	0	0	0	0	0	0	0	0	0	0	0	0	129	0	0	0	0	0	0	0	0	0	0	0	0	0	0	0	0	0	0	0	0	0	0	0	0	0	0	0	0	0	0	0	0.0	0.0	0.0	0.0	7.0e-6	0.0	0.0	0.0	0.0	0.0	0.0	0.0	0.0	1.0	0.0	0.0	0.0	0.0	
156	160	6604.065630133	2491.4	2491.4	0.00034	0.0	0	0	0	0	158	0	0	0	0	0.0	0.0	0.0	0.0	0.010436	0.0	0.0	0.0	0.0	0.0	0.0	0.0	0.0	6416.59	0.0	0.0	0.0	0.0	0.0	0.0	0.0	0.0	40.6113	0.0	0.0	0.0	0.0	0	0	0	0	28	0	0	0	0	0	0	0	0	0	0	0	0	0	0	0	0	0	130	0	0	0	0	0	0	0	0	0	0	0	0	0	0	0	0	0	0	0	0	0	0	0	0	0	0	0	0	0	0	0	0.0	0.0	0.0	0.0	6.0e-6	0.0	0.0	0.0	0.0	0.0	0.0	0.0	0.0	1.0	0.0	0.0	0.0	0.0	
157	161	6609.534598579	2488.4	2488.4	0.000306	0.0	0	0	0	0	159	0	0	0	0	0.0	0.0	0.0	0.0	0.109392	0.0	0.0	0.0	0.0	0.0	0.0	0.0	0.0	6422.06	0.0	0.0	0.0	0.0	0.0	0.0	0.0	0.0	40.3903	0.0	0.0	0.0	0.0	0	0	0	0	29	0	0	0	0	0	0	0	0	0	0	0	0	0	0	0	0	0	130	0	0	0	0	0	0	0	0	0	0	0	0	0	0	0	0	0	0	0	0	0	0	0	0	0	0	0	0	0	0	0	0.0	0.0	0.0	0.0	6.7e-5	0.0	0.0	0.0	0.0	0.0	0.0	0.0	0.0	1.0	0.0	0.0	0.0	0.0	
158	162	6698.437392085	2488.4	2488.4	0.000303	0.0	0	0	0	0	160	0	0	0	0	0.0	0.0	0.0	0.0	0.098453	0.0	0.0	0.0	0.0	0.0	0.0	0.0	0.0	6510.96	0.0	0.0	0.0	0.0	0.0	0.0	0.0	0.0	40.6935	0.0	0.0	0.0	0.0	0	0	0	0	29	0	0	0	0	0	0	0	0	0	0	0	0	0	0	0	0	0	131	0	0	0	0	0	0	0	0	0	0	0	0	0	0	0	0	0	0	0	0	0	0	0	0	0	0	0	0	0	0	0	0.0	0.0	0.0	0.0	5.9e-5	0.0	0.0	0.0	0.0	0.0	0.0	0.0	0.0	1.0	0.0	0.0	0.0	0.0	
159	163	6809.84611397	2488.4	2488.4	0.000255	0.0	0	0	0	0	161	0	0	0	0	0.0	0.0	0.0	0.0	0.088608	0.0	0.0	0.0	0.0	0.0	0.0	0.0	0.0	6622.37	0.0	0.0	0.0	0.0	0.0	0.0	0.0	0.0	41.1327	0.0	0.0	0.0	0.0	0	0	0	0	29	0	0	0	0	0	0	0	0	0	0	0	0	0	0	0	0	0	132	0	0	0	0	0	0	0	0	0	0	0	0	0	0	0	0	0	0	0	0	0	0	0	0	0	0	0	0	0	0	0	0.0	0.0	0.0	0.0	5.2e-5	0.0	0.0	0.0	0.0	0.0	0.0	0.0	0.0	1.0	0.0	0.0	0.0	0.0	
160	164	6817.460426708	2488.4	2488.4	0.000206	0.0	0	0	0	0	162	0	0	0	0	0.0	0.0	0.0	0.0	0.079747	0.0	0.0	0.0	0.0	0.0	0.0	0.0	0.0	6629.98	0.0	0.0	0.0	0.0	0.0	0.0	0.0	0.0	40.9258	0.0	0.0	0.0	0.0	0	0	0	0	29	0	0	0	0	0	0	0	0	0	0	0	0	0	0	0	0	0	133	0	0	0	0	0	0	0	0	0	0	0	0	0	0	0	0	0	0	0	0	0	0	0	0	0	0	0	0	0	0	0	0.0	0.0	0.0	0.0	4.8e-5	0.0	0.0	0.0	0.0	0.0	0.0	0.0	0.0	1.0	0.0	0.0	0.0	0.0	
161	165	6823.470729662	2488.4	2488.4	0.000203	0.0	0	0	0	0	163	0	0	0	0	0.0	0.0	0.0	0.0	0.071772	0.0	0.0	0.0	0.0	0.0	0.0	0.0	0.0	6635.99	0.0	0.0	0.0	0.0	0.0	0.0	0.0	0.0	40.7116	0.0	0.0	0.0	0.0	0	0	0	0	29	0	0	0	0	0	0	0	0	0	0	0	0	0	0	0	0	0	134	0	0	0	0	0	0	0	0	0	0	0	0	0	0	0	0	0	0	0	0	0	0	0	0	0	0	0	0	0	0	0	0.0	0.0	0.0	0.0	4.3e-5	0.0	0.0	0.0	0.0	0.0	0.0	0.0	0.0	1.0	0.0	0.0	0.0	0.0	
162	166	6833.626050158	2488.4	2488.4	0.000201	0.0	0	0	0	0	164	0	0	0	0	0.0	0.0	0.0	0.0	0.064595	0.0	0.0	0.0	0.0	0.0	0.0	0.0	0.0	6646.15	0.0	0.0	0.0	0.0	0.0	0.0	0.0	0.0	40.5253	0.0	0.0	0.0	0.0	0	0	0	0	29	0	0	0	0	0	0	0	0	0	0	0	0	0	0	0	0	0	135	0	0	0	0	0	0	0	0	0	0	0	0	0	0	0	0	0	0	0	0	0	0	0	0	0	0	0	0	0	0	0	0.0	0.0	0.0	0.0	3.9e-5	0.0	0.0	0.0	0.0	0.0	0.0	0.0	0.0	1.0	0.0	0.0	0.0	0.0	
163	167	6834.962990604	2488.4	2488.4	0.000197	0.0	0	0	0	0	165	0	0	0	0	0.0	0.0	0.0	0.0	0.058136	0.0	0.0	0.0	0.0	0.0	0.0	0.0	0.0	6647.48	0.0	0.0	0.0	0.0	0.0	0.0	0.0	0.0	40.2878	0.0	0.0	0.0	0.0	0	0	0	0	29	0	0	0	0	0	0	0	0	0	0	0	0	0	0	0	0	0	136	0	0	0	0	0	0	0	0	0	0	0	0	0	0	0	0	0	0	0	0	0	0	0	0	0	0	0	0	0	0	0	0.0	0.0	0.0	0.0	3.6e-5	0.0	0.0	0.0	0.0	0.0	0.0	0.0	0.0	1.0	0.0	0.0	0.0	0.0	
164	168	6845.878178233	2488.4	2488.4	0.000196	0.0	0	0	0	0	166	0	0	0	0	0.0	0.0	0.0	0.0	0.052322	0.0	0.0	0.0	0.0	0.0	0.0	0.0	0.0	6658.4	0.0	0.0	0.0	0.0	0.0	0.0	0.0	0.0	40.1108	0.0	0.0	0.0	0.0	0	0	0	0	29	0	0	0	0	0	0	0	0	0	0	0	0	0	0	0	0	0	137	0	0	0	0	0	0	0	0	0	0	0	0	0	0	0	0	0	0	0	0	0	0	0	0	0	0	0	0	0	0	0	0.0	0.0	0.0	0.0	3.3e-5	0.0	0.0	0.0	0.0	0.0	0.0	0.0	0.0	1.0	0.0	0.0	0.0	0.0	
165	169	6870.18441462	2488.4	2488.4	0.000192	0.0	0	0	0	0	167	0	0	0	0	0.0	0.0	0.0	0.0	0.04709	0.0	0.0	0.0	0.0	0.0	0.0	0.0	0.0	6682.7	0.0	0.0	0.0	0.0	0.0	0.0	0.0	0.0	40.0162	0.0	0.0	0.0	0.0	0	0	0	0	29	0	0	0	0	0	0	0	0	0	0	0	0	0	0	0	0	0	138	0	0	0	0	0	0	0	0	0	0	0	0	0	0	0	0	0	0	0	0	0	0	0	0	0	0	0	0	0	0	0	0.0	0.0	0.0	0.0	2.9e-5	0.0	0.0	0.0	0.0	0.0	0.0	0.0	0.0	1.0	0.0	0.0	0.0	0.0	
166	170	6875.591419317	2488.4	2488.4	0.000184	0.0	0	0	0	0	168	0	0	0	0	0.0	0.0	0.0	0.0	0.042381	0.0	0.0	0.0	0.0	0.0	0.0	0.0	0.0	6688.11	0.0	0.0	0.0	0.0	0.0	0.0	0.0	0.0	39.8102	0.0	0.0	0.0	0.0	0	0	0	0	29	0	0	0	0	0	0	0	0	0	0	0	0	0	0	0	0	0	139	0	0	0	0	0	0	0	0	0	0	0	0	0	0	0	0	0	0	0	0	0	0	0	0	0	0	0	0	0	0	0	0.0	0.0	0.0	0.0	2.7e-5	0.0	0.0	0.0	0.0	0.0	0.0	0.0	0.0	1.0	0.0	0.0	0.0	0.0	
167	171	6884.138828773	2488.4	2488.4	0.000182	0.0	0	0	0	0	169	0	0	0	0	0.0	0.0	0.0	0.0	0.038143	0.0	0.0	0.0	0.0	0.0	0.0	0.0	0.0	6696.66	0.0	0.0	0.0	0.0	0.0	0.0	0.0	0.0	39.6252	0.0	0.0	0.0	0.0	0	0	0	0	29	0	0	0	0	0	0	0	0	0	0	0	0	0	0	0	0	0	140	0	0	0	0	0	0	0	0	0	0	0	0	0	0	0	0	0	0	0	0	0	0	0	0	0	0	0	0	0	0	0	0.0	0.0	0.0	0.0	2.4e-5	0.0	0.0	0.0	0.0	0.0	0.0	0.0	0.0	1.0	0.0	0.0	0.0	0.0	
168	173	6965.433588385	2488.4	2488.4	0.000178	0.0	0	0	0	0	171	0	0	0	0	0.0	0.0	0.0	0.0	0.030896	0.0	0.0	0.0	0.0	0.0	0.0	0.0	0.0	6777.95	0.0	0.0	0.0	0.0	0.0	0.0	0.0	0.0	39.6372	0.0	0.0	0.0	0.0	0	0	0	0	29	0	0	0	0	0	0	0	0	0	0	0	0	0	0	0	0	0	142	0	0	0	0	0	0	0	0	0	0	0	0	0	0	0	0	0	0	0	0	0	0	0	0	0	0	0	0	0	0	0	0.0	0.0	0.0	0.0	2.0e-5	0.0	0.0	0.0	0.0	0.0	0.0	0.0	0.0	1.0	0.0	0.0	0.0	0.0	
169	174	6968.957182018	2488.4	2488.4	0.000153	0.0	0	0	0	0	172	0	0	0	0	0.0	0.0	0.0	0.0	0.027806	0.0	0.0	0.0	0.0	0.0	0.0	0.0	0.0	6781.48	0.0	0.0	0.0	0.0	0.0	0.0	0.0	0.0	39.4272	0.0	0.0	0.0	0.0	0	0	0	0	29	0	0	0	0	0	0	0	0	0	0	0	0	0	0	0	0	0	143	0	0	0	0	0	0	0	0	0	0	0	0	0	0	0	0	0	0	0	0	0	0	0	0	0	0	0	0	0	0	0	0.0	0.0	0.0	0.0	1.8e-5	0.0	0.0	0.0	0.0	0.0	0.0	0.0	0.0	1.0	0.0	0.0	0.0	0.0	
170	175	6981.1398149	2488.4	2488.4	0.000152	0.0	0	0	0	0	173	0	0	0	0	0.0	0.0	0.0	0.0	0.025026	0.0	0.0	0.0	0.0	0.0	0.0	0.0	0.0	6793.66	0.0	0.0	0.0	0.0	0.0	0.0	0.0	0.0	39.2697	0.0	0.0	0.0	0.0	0	0	0	0	29	0	0	0	0	0	0	0	0	0	0	0	0	0	0	0	0	0	144	0	0	0	0	0	0	0	0	0	0	0	0	0	0	0	0	0	0	0	0	0	0	0	0	0	0	0	0	0	0	0	0.0	0.0	0.0	0.0	1.6e-5	0.0	0.0	0.0	0.0	0.0	0.0	0.0	0.0	1.0	0.0	0.0	0.0	0.0	
171	176	6985.303749485	2488.4	2488.4	0.000148	0.0	0	0	0	0	174	0	0	0	0	0.0	0.0	0.0	0.0	0.022523	0.0	0.0	0.0	0.0	0.0	0.0	0.0	0.0	6797.82	0.0	0.0	0.0	0.0	0.0	0.0	0.0	0.0	39.068	0.0	0.0	0.0	0.0	0	0	0	0	29	0	0	0	0	0	0	0	0	0	0	0	0	0	0	0	0	0	145	0	0	0	0	0	0	0	0	0	0	0	0	0	0	0	0	0	0	0	0	0	0	0	0	0	0	0	0	0	0	0	0.0	0.0	0.0	0.0	1.5e-5	0.0	0.0	0.0	0.0	0.0	0.0	0.0	0.0	1.0	0.0	0.0	0.0	0.0	
172	177	6994.940022228	2488.4	2488.4	0.000147	0.0	0	0	0	0	175	0	0	0	0	0.0	0.0	0.0	0.0	0.020271	0.0	0.0	0.0	0.0	0.0	0.0	0.0	0.0	6807.46	0.0	0.0	0.0	0.0	0.0	0.0	0.0	0.0	38.8998	0.0	0.0	0.0	0.0	0	0	0	0	29	0	0	0	0	0	0	0	0	0	0	0	0	0	0	0	0	0	146	0	0	0	0	0	0	0	0	0	0	0	0	0	0	0	0	0	0	0	0	0	0	0	0	0	0	0	0	0	0	0	0.0	0.0	0.0	0.0	1.3e-5	0.0	0.0	0.0	0.0	0.0	0.0	0.0	0.0	1.0	0.0	0.0	0.0	0.0	
173	178	7009.194865496	2488.4	2488.4	0.000144	0.0	0	0	0	0	176	0	0	0	0	0.0	0.0	0.0	0.0	0.018244	0.0	0.0	0.0	0.0	0.0	0.0	0.0	0.0	6821.72	0.0	0.0	0.0	0.0	0.0	0.0	0.0	0.0	38.7597	0.0	0.0	0.0	0.0	0	0	0	0	29	0	0	0	0	0	0	0	0	0	0	0	0	0	0	0	0	0	147	0	0	0	0	0	0	0	0	0	0	0	0	0	0	0	0	0	0	0	0	0	0	0	0	0	0	0	0	0	0	0	0.0	0.0	0.0	0.0	1.2e-5	0.0	0.0	0.0	0.0	0.0	0.0	0.0	0.0	1.0	0.0	0.0	0.0	0.0	
174	179	7013.17678279	2488.4	2488.4	0.000141	0.0	0	0	0	0	177	0	0	0	0	0.0	0.0	0.0	0.0	0.016419	0.0	0.0	0.0	0.0	0.0	0.0	0.0	0.0	6825.7	0.0	0.0	0.0	0.0	0.0	0.0	0.0	0.0	38.5633	0.0	0.0	0.0	0.0	0	0	0	0	29	0	0	0	0	0	0	0	0	0	0	0	0	0	0	0	0	0	148	0	0	0	0	0	0	0	0	0	0	0	0	0	0	0	0	0	0	0	0	0	0	0	0	0	0	0	0	0	0	0	0.0	0.0	0.0	0.0	1.1e-5	0.0	0.0	0.0	0.0	0.0	0.0	0.0	0.0	1.0	0.0	0.0	0.0	0.0	
175	180	7027.779557771	2488.4	2488.4	0.000139	0.0	0	0	0	0	178	0	0	0	0	0.0	0.0	0.0	0.0	0.014777	0.0	0.0	0.0	0.0	0.0	0.0	0.0	0.0	6840.3	0.0	0.0	0.0	0.0	0.0	0.0	0.0	0.0	38.4287	0.0	0.0	0.0	0.0	0	0	0	0	29	0	0	0	0	0	0	0	0	0	0	0	0	0	0	0	0	0	149	0	0	0	0	0	0	0	0	0	0	0	0	0	0	0	0	0	0	0	0	0	0	0	0	0	0	0	0	0	0	0	0.0	0.0	0.0	0.0	1.0e-5	0.0	0.0	0.0	0.0	0.0	0.0	0.0	0.0	1.0	0.0	0.0	0.0	0.0	
176	181	7063.273146624	2488.4	2488.4	0.000136	0.0	0	0	0	0	179	0	0	0	0	0.0	0.0	0.0	0.0	0.0133	0.0	0.0	0.0	0.0	0.0	0.0	0.0	0.0	6875.79	0.0	0.0	0.0	0.0	0.0	0.0	0.0	0.0	38.4123	0.0	0.0	0.0	0.0	0	0	0	0	29	0	0	0	0	0	0	0	0	0	0	0	0	0	0	0	0	0	150	0	0	0	0	0	0	0	0	0	0	0	0	0	0	0	0	0	0	0	0	0	0	0	0	0	0	0	0	0	0	0	0.0	0.0	0.0	0.0	9.0e-6	0.0	0.0	0.0	0.0	0.0	0.0	0.0	0.0	1.0	0.0	0.0	0.0	0.0	
177	182	7071.007720366	2488.4	2488.4	0.000127	0.0	0	0	0	0	180	0	0	0	0	0.0	0.0	0.0	0.0	0.01197	0.0	0.0	0.0	0.0	0.0	0.0	0.0	0.0	6883.53	0.0	0.0	0.0	0.0	0.0	0.0	0.0	0.0	38.2418	0.0	0.0	0.0	0.0	0	0	0	0	29	0	0	0	0	0	0	0	0	0	0	0	0	0	0	0	0	0	151	0	0	0	0	0	0	0	0	0	0	0	0	0	0	0	0	0	0	0	0	0	0	0	0	0	0	0	0	0	0	0	0.0	0.0	0.0	0.0	8.0e-6	0.0	0.0	0.0	0.0	0.0	0.0	0.0	0.0	1.0	0.0	0.0	0.0	0.0	
178	183	7075.366166746	2488.4	2488.4	0.000125	0.0	0	0	0	0	181	0	0	0	0	0.0	0.0	0.0	0.0	0.010773	0.0	0.0	0.0	0.0	0.0	0.0	0.0	0.0	6887.89	0.0	0.0	0.0	0.0	0.0	0.0	0.0	0.0	38.0546	0.0	0.0	0.0	0.0	0	0	0	0	29	0	0	0	0	0	0	0	0	0	0	0	0	0	0	0	0	0	152	0	0	0	0	0	0	0	0	0	0	0	0	0	0	0	0	0	0	0	0	0	0	0	0	0	0	0	0	0	0	0	0.0	0.0	0.0	0.0	7.0e-6	0.0	0.0	0.0	0.0	0.0	0.0	0.0	0.0	1.0	0.0	0.0	0.0	0.0	
179	184	7076.857516035	2488.4	2488.4	0.000124	0.0	0	0	0	0	182	0	0	0	0	0.0	0.0	0.0	0.0	0.009695	0.0	0.0	0.0	0.0	0.0	0.0	0.0	0.0	6889.38	0.0	0.0	0.0	0.0	0.0	0.0	0.0	0.0	37.8537	0.0	0.0	0.0	0.0	0	0	0	0	29	0	0	0	0	0	0	0	0	0	0	0	0	0	0	0	0	0	153	0	0	0	0	0	0	0	0	0	0	0	0	0	0	0	0	0	0	0	0	0	0	0	0	0	0	0	0	0	0	0	0.0	0.0	0.0	0.0	7.0e-6	0.0	0.0	0.0	0.0	0.0	0.0	0.0	0.0	1.0	0.0	0.0	0.0	0.0	
180	185	7088.00133704	2488.4	2488.4	0.000123	0.0	0	0	0	0	183	0	0	0	0	0.0	0.0	0.0	0.0	0.008726	0.0	0.0	0.0	0.0	0.0	0.0	0.0	0.0	6900.52	0.0	0.0	0.0	0.0	0.0	0.0	0.0	0.0	37.7078	0.0	0.0	0.0	0.0	0	0	0	0	29	0	0	0	0	0	0	0	0	0	0	0	0	0	0	0	0	0	154	0	0	0	0	0	0	0	0	0	0	0	0	0	0	0	0	0	0	0	0	0	0	0	0	0	0	0	0	0	0	0	0.0	0.0	0.0	0.0	6.0e-6	0.0	0.0	0.0	0.0	0.0	0.0	0.0	0.0	1.0	0.0	0.0	0.0	0.0	
181	186	7096.425895851	2488.4	2488.4	0.000121	0.0	0	0	0	0	184	0	0	0	0	0.0	0.0	0.0	0.0	0.007853	0.0	0.0	0.0	0.0	0.0	0.0	0.0	0.0	6908.95	0.0	0.0	0.0	0.0	0.0	0.0	0.0	0.0	37.5486	0.0	0.0	0.0	0.0	0	0	0	0	29	0	0	0	0	0	0	0	0	0	0	0	0	0	0	0	0	0	155	0	0	0	0	0	0	0	0	0	0	0	0	0	0	0	0	0	0	0	0	0	0	0	0	0	0	0	0	0	0	0	0.0	0.0	0.0	0.0	6.0e-6	0.0	0.0	0.0	0.0	0.0	0.0	0.0	0.0	1.0	0.0	0.0	0.0	0.0	
182	187	7104.391053711	2488.4	2488.4	0.000119	0.0	0	0	0	0	185	0	0	0	0	0.0	0.0	0.0	0.0	0.007068	0.0	0.0	0.0	0.0	0.0	0.0	0.0	0.0	6916.91	0.0	0.0	0.0	0.0	0.0	0.0	0.0	0.0	37.3887	0.0	0.0	0.0	0.0	0	0	0	0	29	0	0	0	0	0	0	0	0	0	0	0	0	0	0	0	0	0	156	0	0	0	0	0	0	0	0	0	0	0	0	0	0	0	0	0	0	0	0	0	0	0	0	0	0	0	0	0	0	0	0.0	0.0	0.0	0.0	5.0e-6	0.0	0.0	0.0	0.0	0.0	0.0	0.0	0.0	1.0	0.0	0.0	0.0	0.0	
183	188	7107.466391766	2488.4	2488.4	0.000117	0.0	0	0	0	0	186	0	0	0	0	0.0	0.0	0.0	0.0	0.006361	0.0	0.0	0.0	0.0	0.0	0.0	0.0	0.0	6919.99	0.0	0.0	0.0	0.0	0.0	0.0	0.0	0.0	37.2042	0.0	0.0	0.0	0.0	0	0	0	0	29	0	0	0	0	0	0	0	0	0	0	0	0	0	0	0	0	0	157	0	0	0	0	0	0	0	0	0	0	0	0	0	0	0	0	0	0	0	0	0	0	0	0	0	0	0	0	0	0	0	0.0	0.0	0.0	0.0	5.0e-6	0.0	0.0	0.0	0.0	0.0	0.0	0.0	0.0	1.0	0.0	0.0	0.0	0.0	
184	189	7132.156598039	2488.4	2488.4	0.000116	0.0	0	0	0	0	187	0	0	0	0	0.0	0.0	0.0	0.0	0.005725	0.0	0.0	0.0	0.0	0.0	0.0	0.0	0.0	6944.68	0.0	0.0	0.0	0.0	0.0	0.0	0.0	0.0	37.1373	0.0	0.0	0.0	0.0	0	0	0	0	29	0	0	0	0	0	0	0	0	0	0	0	0	0	0	0	0	0	158	0	0	0	0	0	0	0	0	0	0	0	0	0	0	0	0	0	0	0	0	0	0	0	0	0	0	0	0	0	0	0	0.0	0.0	0.0	0.0	4.0e-6	0.0	0.0	0.0	0.0	0.0	0.0	0.0	0.0	1.0	0.0	0.0	0.0	0.0	
185	190	7300.570276453	2488.4	2488.4	0.000111	0.0	0	0	0	0	188	0	0	0	0	0.0	0.0	0.0	0.0	0.005153	0.0	0.0	0.0	0.0	0.0	0.0	0.0	0.0	7113.09	0.0	0.0	0.0	0.0	0.0	0.0	0.0	0.0	37.8356	0.0	0.0	0.0	0.0	0	0	0	0	29	0	0	0	0	0	0	0	0	0	0	0	0	0	0	0	0	0	159	0	0	0	0	0	0	0	0	0	0	0	0	0	0	0	0	0	0	0	0	0	0	0	0	0	0	0	0	0	0	0	0.0	0.0	0.0	0.0	4.0e-6	0.0	0.0	0.0	0.0	0.0	0.0	0.0	0.0	1.0	0.0	0.0	0.0	0.0	
186	190	7300.57029584	2488.4	2488.4	8.0e-5	0.0	0	0	0	0	188	0	0	0	0	0.0	0.0	0.0	0.0	0.005153	0.0	0.0	0.0	0.0	0.0	0.0	0.0	0.0	7113.09	0.0	0.0	0.0	0.0	0.0	0.0	0.0	0.0	37.8356	0.0	0.0	0.0	0.0	0	0	0	0	29	0	0	0	0	0	0	0	0	0	0	0	0	0	0	0	0	0	159	0	0	0	0	0	0	0	0	0	0	0	0	0	0	0	0	0	0	0	0	0	0	0	0	0	0	0	0	0	0	0	0.0	0.0	0.0	0.0	4.0e-6	0.0	0.0	0.0	0.0	0.0	0.0	0.0	0.0	1.0	0.0	0.0	0.0	0.0	
