indexLine	algoIter	time	best obj	current obj	T	probdelta1	nb uses 1	nb uses 2	nb uses 3	nb uses 4	nb uses 5	nb uses 6	nb uses 7	nb uses 8	nb uses 9	score 1	score 2	score 3	score 4	score 5	score 6	score 7	score 8	score 9	duration 1	duration 2	duration 3	duration 4	duration 5	duration 6	duration 7	duration 8	duration 9	avgDuration 1	avgDuration 2	avgDuration 3	avgDuration 4	avgDuration 5	avgDuration 6	avgDuration 7	avgDuration 8	avgDuration 9	sigmas1 1	sigmas1 2	sigmas1 3	sigmas1 4	sigmas1 5	sigmas1 6	sigmas1 7	sigmas1 8	sigmas1 9	sigmas2 1	sigmas2 2	sigmas2 3	sigmas2 4	sigmas2 5	sigmas2 6	sigmas2 7	sigmas2 8	sigmas2 9	sigmas3 1	sigmas3 2	sigmas3 3	sigmas3 4	sigmas3 5	sigmas3 6	sigmas3 7	sigmas3 8	sigmas3 9	sigmas4 1	sigmas4 2	sigmas4 3	sigmas4 4	sigmas4 5	sigmas4 6	sigmas4 7	sigmas4 8	sigmas4 9	sigmas5 1	sigmas5 2	sigmas5 3	sigmas5 4	sigmas5 5	sigmas5 6	sigmas5 7	sigmas5 8	sigmas5 9	sigmas6 1	sigmas6 2	sigmas6 3	sigmas6 4	sigmas6 5	sigmas6 6	sigmas6 7	sigmas6 8	sigmas6 9	weight 1	weight 2	weight 3	weight 4	weight 5	weight 6	weight 7	weight 8	weight 9	proba 1	proba 2	proba 3	proba 4	proba 5	proba 6	proba 7	proba 8	proba 9	
1	1	182.12441769	3479.75	3479.75	100.0	0.99005	0	0	0	0	0	0	0	0	0	0.0	0.0	0.0	0.0	0.0	0.0	0.0	0.0	0.0	0.0	0.0	0.0	0.0	0.0	0.0	0.0	0.0	0.0	0.0	0.0	0.0	0.0	0.0	0.0	0.0	0.0	0.0	0	0	0	0	0	0	0	0	0	0	0	0	0	0	0	0	0	0	0	0	0	0	0	0	0	0	0	0	0	0	0	0	0	0	0	0	0	0	0	0	0	0	0	0	0	0	0	0	0	0	0	0	0	0	0.0	0.0	0.0	0.0	0.0	0.0	0.0	0.0	0.0	0.0	0.0	0.0	0.0	0.0	0.0	0.0	0.0	0.0	
2	2	201.118643955	3206.55	3206.55	100.0	0.99005	0	0	0	0	0	0	0	0	0	0.0	0.0	0.0	0.0	1.0	0.0	0.0	0.0	0.0	0.0	0.0	0.0	0.0	0.0	0.0	0.0	0.0	0.0	0.0	0.0	0.0	0.0	18.9942	0.0	0.0	0.0	0.0	0	0	0	0	0	0	0	0	0	0	0	0	0	0	0	0	0	0	0	0	0	0	0	0	0	0	0	0	0	0	0	0	0	0	0	0	0	0	0	0	0	0	0	0	0	0	0	0	0	0	0	0	0	0	0.0	0.0	0.0	0.0	0.002772	0.0	0.0	0.0	0.0	0.0	0.0	0.0	0.0	0.0	0.0	0.0	0.0	0.0	
3	3	317.552853479	2995.3	2995.3	100.0	0.99005	0	0	0	0	1	0	0	0	0	0.0	0.0	0.0	0.0	1.0	0.0	0.0	0.0	0.0	0.0	0.0	0.0	0.0	116.434	0.0	0.0	0.0	0.0	0.0	0.0	0.0	0.0	116.434	0.0	0.0	0.0	0.0	0	0	0	0	1	0	0	0	0	0	0	0	0	0	0	0	0	0	0	0	0	0	0	0	0	0	0	0	0	0	0	0	0	0	0	0	0	0	0	0	0	0	0	0	0	0	0	0	0	0	0	0	0	0	0.0	0.0	0.0	0.0	7.4e-5	0.0	0.0	0.0	0.0	0.0	0.0	0.0	0.0	1.0	0.0	0.0	0.0	0.0	
4	4	326.184556804	2946.25	2946.25	54.3046	0.981754	0	0	0	0	2	0	0	0	0	0.0	0.0	0.0	0.0	1.0	0.0	0.0	0.0	0.0	0.0	0.0	0.0	0.0	125.066	0.0	0.0	0.0	0.0	0.0	0.0	0.0	0.0	62.5329	0.0	0.0	0.0	0.0	0	0	0	0	2	0	0	0	0	0	0	0	0	0	0	0	0	0	0	0	0	0	0	0	0	0	0	0	0	0	0	0	0	0	0	0	0	0	0	0	0	0	0	0	0	0	0	0	0	0	0	0	0	0	0.0	0.0	0.0	0.0	0.000256	0.0	0.0	0.0	0.0	0.0	0.0	0.0	0.0	1.0	0.0	0.0	0.0	0.0	
5	5	332.761896628	2931.75	2931.75	53.4107	0.981451	0	0	0	0	3	0	0	0	0	0.0	0.0	0.0	0.0	1.0	0.0	0.0	0.0	0.0	0.0	0.0	0.0	0.0	131.643	0.0	0.0	0.0	0.0	0.0	0.0	0.0	0.0	43.8811	0.0	0.0	0.0	0.0	0	0	0	0	3	0	0	0	0	0	0	0	0	0	0	0	0	0	0	0	0	0	0	0	0	0	0	0	0	0	0	0	0	0	0	0	0	0	0	0	0	0	0	0	0	0	0	0	0	0	0	0	0	0	0.0	0.0	0.0	0.0	0.000519	0.0	0.0	0.0	0.0	0.0	0.0	0.0	0.0	1.0	0.0	0.0	0.0	0.0	
6	6	333.850061918	2931.75	2931.75	52.7395	0.981218	0	0	0	0	4	0	0	0	0	0.0	0.0	0.0	0.0	0.9	0.0	0.0	0.0	0.0	0.0	0.0	0.0	0.0	132.731	0.0	0.0	0.0	0.0	0.0	0.0	0.0	0.0	33.1828	0.0	0.0	0.0	0.0	0	0	0	0	3	0	0	0	0	0	0	0	0	0	0	0	0	0	0	0	0	0	1	0	0	0	0	0	0	0	0	0	0	0	0	0	0	0	0	0	0	0	0	0	0	0	0	0	0	0	0	0	0	0	0.0	0.0	0.0	0.0	0.000817	0.0	0.0	0.0	0.0	0.0	0.0	0.0	0.0	1.0	0.0	0.0	0.0	0.0	
7	7	506.18573027	2891.85	2891.85	52.6293	0.981179	0	0	0	0	5	0	0	0	0	0.0	0.0	0.0	0.0	0.91	0.0	0.0	0.0	0.0	0.0	0.0	0.0	0.0	305.067	0.0	0.0	0.0	0.0	0.0	0.0	0.0	0.0	61.0134	0.0	0.0	0.0	0.0	0	0	0	0	4	0	0	0	0	0	0	0	0	0	0	0	0	0	0	0	0	0	1	0	0	0	0	0	0	0	0	0	0	0	0	0	0	0	0	0	0	0	0	0	0	0	0	0	0	0	0	0	0	0	0.0	0.0	0.0	0.0	0.000244	0.0	0.0	0.0	0.0	0.0	0.0	0.0	0.0	1.0	0.0	0.0	0.0	0.0	
8	8	533.513998357	2846.85	2846.85	37.7854	0.973882	0	0	0	0	6	0	0	0	0	0.0	0.0	0.0	0.0	0.919	0.0	0.0	0.0	0.0	0.0	0.0	0.0	0.0	332.395	0.0	0.0	0.0	0.0	0.0	0.0	0.0	0.0	55.3992	0.0	0.0	0.0	0.0	0	0	0	0	5	0	0	0	0	0	0	0	0	0	0	0	0	0	0	0	0	0	1	0	0	0	0	0	0	0	0	0	0	0	0	0	0	0	0	0	0	0	0	0	0	0	0	0	0	0	0	0	0	0	0.0	0.0	0.0	0.0	0.000299	0.0	0.0	0.0	0.0	0.0	0.0	0.0	0.0	1.0	0.0	0.0	0.0	0.0	
9	9	537.652415609	2846.85	2846.85	35.8512	0.972492	0	0	0	0	7	0	0	0	0	0.0	0.0	0.0	0.0	0.8271	0.0	0.0	0.0	0.0	0.0	0.0	0.0	0.0	336.534	0.0	0.0	0.0	0.0	0.0	0.0	0.0	0.0	48.0762	0.0	0.0	0.0	0.0	0	0	0	0	5	0	0	0	0	0	0	0	0	0	0	0	0	0	0	0	0	0	2	0	0	0	0	0	0	0	0	0	0	0	0	0	0	0	0	0	0	0	0	0	0	0	0	0	0	0	0	0	0	0	0.0	0.0	0.0	0.0	0.000358	0.0	0.0	0.0	0.0	0.0	0.0	0.0	0.0	1.0	0.0	0.0	0.0	0.0	
10	10	541.065662045	2846.85	2846.85	35.5671	0.972276	0	0	0	0	8	0	0	0	0	0.0	0.0	0.0	0.0	0.74439	0.0	0.0	0.0	0.0	0.0	0.0	0.0	0.0	339.947	0.0	0.0	0.0	0.0	0.0	0.0	0.0	0.0	42.4934	0.0	0.0	0.0	0.0	0	0	0	0	5	0	0	0	0	0	0	0	0	0	0	0	0	0	0	0	0	0	3	0	0	0	0	0	0	0	0	0	0	0	0	0	0	0	0	0	0	0	0	0	0	0	0	0	0	0	0	0	0	0	0.0	0.0	0.0	0.0	0.000412	0.0	0.0	0.0	0.0	0.0	0.0	0.0	0.0	1.0	0.0	0.0	0.0	0.0	
11	11	721.119791642	2817.25	2817.25	35.3344	0.972096	0	0	0	0	9	0	0	0	0	0.0	0.0	0.0	0.0	0.769951	0.0	0.0	0.0	0.0	0.0	0.0	0.0	0.0	520.001	0.0	0.0	0.0	0.0	0.0	0.0	0.0	0.0	57.7779	0.0	0.0	0.0	0.0	0	0	0	0	6	0	0	0	0	0	0	0	0	0	0	0	0	0	0	0	0	0	3	0	0	0	0	0	0	0	0	0	0	0	0	0	0	0	0	0	0	0	0	0	0	0	0	0	0	0	0	0	0	0	0.0	0.0	0.0	0.0	0.000231	0.0	0.0	0.0	0.0	0.0	0.0	0.0	0.0	1.0	0.0	0.0	0.0	0.0	
12	12	726.742683444	2807.75	2807.75	24.9948	0.960781	0	0	0	0	10	0	0	0	0	0.0	0.0	0.0	0.0	0.792956	0.0	0.0	0.0	0.0	0.0	0.0	0.0	0.0	525.624	0.0	0.0	0.0	0.0	0.0	0.0	0.0	0.0	52.5624	0.0	0.0	0.0	0.0	0	0	0	0	7	0	0	0	0	0	0	0	0	0	0	0	0	0	0	0	0	0	3	0	0	0	0	0	0	0	0	0	0	0	0	0	0	0	0	0	0	0	0	0	0	0	0	0	0	0	0	0	0	0	0.0	0.0	0.0	0.0	0.000287	0.0	0.0	0.0	0.0	0.0	0.0	0.0	0.0	1.0	0.0	0.0	0.0	0.0	
13	13	734.512020344	2796.25	2796.25	24.726	0.960364	0	0	0	0	11	0	0	0	0	0.0	0.0	0.0	0.0	0.81366	0.0	0.0	0.0	0.0	0.0	0.0	0.0	0.0	533.393	0.0	0.0	0.0	0.0	0.0	0.0	0.0	0.0	48.4903	0.0	0.0	0.0	0.0	0	0	0	0	8	0	0	0	0	0	0	0	0	0	0	0	0	0	0	0	0	0	3	0	0	0	0	0	0	0	0	0	0	0	0	0	0	0	0	0	0	0	0	0	0	0	0	0	0	0	0	0	0	0	0.0	0.0	0.0	0.0	0.000346	0.0	0.0	0.0	0.0	0.0	0.0	0.0	0.0	1.0	0.0	0.0	0.0	0.0	
14	14	744.930116389	2794.25	2794.25	24.3594	0.959779	0	0	0	0	12	0	0	0	0	0.0	0.0	0.0	0.0	0.832294	0.0	0.0	0.0	0.0	0.0	0.0	0.0	0.0	543.811	0.0	0.0	0.0	0.0	0.0	0.0	0.0	0.0	45.3176	0.0	0.0	0.0	0.0	0	0	0	0	9	0	0	0	0	0	0	0	0	0	0	0	0	0	0	0	0	0	3	0	0	0	0	0	0	0	0	0	0	0	0	0	0	0	0	0	0	0	0	0	0	0	0	0	0	0	0	0	0	0	0.0	0.0	0.0	0.0	0.000405	0.0	0.0	0.0	0.0	0.0	0.0	0.0	0.0	1.0	0.0	0.0	0.0	0.0	
15	15	750.495044416	2792.25	2792.25	23.8763	0.958982	0	0	0	0	13	0	0	0	0	0.0	0.0	0.0	0.0	0.849065	0.0	0.0	0.0	0.0	0.0	0.0	0.0	0.0	549.376	0.0	0.0	0.0	0.0	0.0	0.0	0.0	0.0	42.2597	0.0	0.0	0.0	0.0	0	0	0	0	10	0	0	0	0	0	0	0	0	0	0	0	0	0	0	0	0	0	3	0	0	0	0	0	0	0	0	0	0	0	0	0	0	0	0	0	0	0	0	0	0	0	0	0	0	0	0	0	0	0	0.0	0.0	0.0	0.0	0.000475	0.0	0.0	0.0	0.0	0.0	0.0	0.0	0.0	1.0	0.0	0.0	0.0	0.0	
16	16	754.955695467	2792.25	2792.25	23.6222	0.95855	0	0	0	0	14	0	0	0	0	0.0	0.0	0.0	0.0	0.764158	0.0	0.0	0.0	0.0	0.0	0.0	0.0	0.0	553.837	0.0	0.0	0.0	0.0	0.0	0.0	0.0	0.0	39.5598	0.0	0.0	0.0	0.0	0	0	0	0	10	0	0	0	0	0	0	0	0	0	0	0	0	0	0	0	0	0	4	0	0	0	0	0	0	0	0	0	0	0	0	0	0	0	0	0	0	0	0	0	0	0	0	0	0	0	0	0	0	0	0.0	0.0	0.0	0.0	0.000488	0.0	0.0	0.0	0.0	0.0	0.0	0.0	0.0	1.0	0.0	0.0	0.0	0.0	
17	17	935.004764692	2787.15	2787.15	23.4204	0.958201	0	0	0	0	15	0	0	0	0	0.0	0.0	0.0	0.0	0.787743	0.0	0.0	0.0	0.0	0.0	0.0	0.0	0.0	733.886	0.0	0.0	0.0	0.0	0.0	0.0	0.0	0.0	48.9257	0.0	0.0	0.0	0.0	0	0	0	0	11	0	0	0	0	0	0	0	0	0	0	0	0	0	0	0	0	0	4	0	0	0	0	0	0	0	0	0	0	0	0	0	0	0	0	0	0	0	0	0	0	0	0	0	0	0	0	0	0	0	0.0	0.0	0.0	0.0	0.000329	0.0	0.0	0.0	0.0	0.0	0.0	0.0	0.0	1.0	0.0	0.0	0.0	0.0	
18	18	1033.551536969	2729.75	2729.75	16.5672	0.941425	0	0	0	0	16	0	0	0	0	0.0	0.0	0.0	0.0	0.808968	0.0	0.0	0.0	0.0	0.0	0.0	0.0	0.0	832.433	0.0	0.0	0.0	0.0	0.0	0.0	0.0	0.0	52.027	0.0	0.0	0.0	0.0	0	0	0	0	12	0	0	0	0	0	0	0	0	0	0	0	0	0	0	0	0	0	4	0	0	0	0	0	0	0	0	0	0	0	0	0	0	0	0	0	0	0	0	0	0	0	0	0	0	0	0	0	0	0	0.0	0.0	0.0	0.0	0.000299	0.0	0.0	0.0	0.0	0.0	0.0	0.0	0.0	1.0	0.0	0.0	0.0	0.0	
19	19	1087.885258956	2726.75	2726.75	13.7076	0.929645	0	0	0	0	17	0	0	0	0	0.0	0.0	0.0	0.0	0.828071	0.0	0.0	0.0	0.0	0.0	0.0	0.0	0.0	886.766	0.0	0.0	0.0	0.0	0.0	0.0	0.0	0.0	52.1627	0.0	0.0	0.0	0.0	0	0	0	0	13	0	0	0	0	0	0	0	0	0	0	0	0	0	0	0	0	0	4	0	0	0	0	0	0	0	0	0	0	0	0	0	0	0	0	0	0	0	0	0	0	0	0	0	0	0	0	0	0	0	0.0	0.0	0.0	0.0	0.000304	0.0	0.0	0.0	0.0	0.0	0.0	0.0	0.0	1.0	0.0	0.0	0.0	0.0	
20	20	1103.403493318	2701.75	2701.75	12.3479	0.922207	0	0	0	0	18	0	0	0	0	0.0	0.0	0.0	0.0	0.845264	0.0	0.0	0.0	0.0	0.0	0.0	0.0	0.0	902.284	0.0	0.0	0.0	0.0	0.0	0.0	0.0	0.0	50.1269	0.0	0.0	0.0	0.0	0	0	0	0	14	0	0	0	0	0	0	0	0	0	0	0	0	0	0	0	0	0	4	0	0	0	0	0	0	0	0	0	0	0	0	0	0	0	0	0	0	0	0	0	0	0	0	0	0	0	0	0	0	0	0.0	0.0	0.0	0.0	0.000336	0.0	0.0	0.0	0.0	0.0	0.0	0.0	0.0	1.0	0.0	0.0	0.0	0.0	
21	21	1133.014071602	2701.75	2701.75	11.9849	0.919948	0	0	0	0	19	0	0	0	0	0.0	0.0	0.0	0.0	0.760738	0.0	0.0	0.0	0.0	0.0	0.0	0.0	0.0	931.895	0.0	0.0	0.0	0.0	0.0	0.0	0.0	0.0	49.0471	0.0	0.0	0.0	0.0	0	0	0	0	14	0	0	0	0	0	0	0	0	0	0	0	0	0	0	0	0	0	5	0	0	0	0	0	0	0	0	0	0	0	0	0	0	0	0	0	0	0	0	0	0	0	0	0	0	0	0	0	0	0	0.0	0.0	0.0	0.0	0.000316	0.0	0.0	0.0	0.0	0.0	0.0	0.0	0.0	1.0	0.0	0.0	0.0	0.0	
22	22	1141.437068153	2682.25	2682.25	11.3216	0.915462	0	0	0	0	20	0	0	0	0	0.0	0.0	0.0	0.0	0.784664	0.0	0.0	0.0	0.0	0.0	0.0	0.0	0.0	940.318	0.0	0.0	0.0	0.0	0.0	0.0	0.0	0.0	47.0159	0.0	0.0	0.0	0.0	0	0	0	0	15	0	0	0	0	0	0	0	0	0	0	0	0	0	0	0	0	0	5	0	0	0	0	0	0	0	0	0	0	0	0	0	0	0	0	0	0	0	0	0	0	0	0	0	0	0	0	0	0	0	0.0	0.0	0.0	0.0	0.000355	0.0	0.0	0.0	0.0	0.0	0.0	0.0	0.0	1.0	0.0	0.0	0.0	0.0	
23	23	1234.473633431	2675.3	2675.3	11.1397	0.914143	0	0	0	0	21	0	0	0	0	0.0	0.0	0.0	0.0	0.806198	0.0	0.0	0.0	0.0	0.0	0.0	0.0	0.0	1033.35	0.0	0.0	0.0	0.0	0.0	0.0	0.0	0.0	49.2074	0.0	0.0	0.0	0.0	0	0	0	0	16	0	0	0	0	0	0	0	0	0	0	0	0	0	0	0	0	0	5	0	0	0	0	0	0	0	0	0	0	0	0	0	0	0	0	0	0	0	0	0	0	0	0	0	0	0	0	0	0	0	0.0	0.0	0.0	0.0	0.000333	0.0	0.0	0.0	0.0	0.0	0.0	0.0	0.0	1.0	0.0	0.0	0.0	0.0	
24	24	1242.875522407	2675.3	2675.3	9.31509	0.898209	0	0	0	0	22	0	0	0	0	0.0	0.0	0.0	0.0	0.725578	0.0	0.0	0.0	0.0	0.0	0.0	0.0	0.0	1041.76	0.0	0.0	0.0	0.0	0.0	0.0	0.0	0.0	47.3526	0.0	0.0	0.0	0.0	0	0	0	0	16	0	0	0	0	0	0	0	0	0	0	0	0	0	0	0	0	0	6	0	0	0	0	0	0	0	0	0	0	0	0	0	0	0	0	0	0	0	0	0	0	0	0	0	0	0	0	0	0	0	0.0	0.0	0.0	0.0	0.000324	0.0	0.0	0.0	0.0	0.0	0.0	0.0	0.0	1.0	0.0	0.0	0.0	0.0	
25	25	1260.511783506	2672.3	2672.3	9.16582	0.89664	0	0	0	0	23	0	0	0	0	0.0	0.0	0.0	0.0	0.75302	0.0	0.0	0.0	0.0	0.0	0.0	0.0	0.0	1059.39	0.0	0.0	0.0	0.0	0.0	0.0	0.0	0.0	46.0605	0.0	0.0	0.0	0.0	0	0	0	0	17	0	0	0	0	0	0	0	0	0	0	0	0	0	0	0	0	0	6	0	0	0	0	0	0	0	0	0	0	0	0	0	0	0	0	0	0	0	0	0	0	0	0	0	0	0	0	0	0	0	0.0	0.0	0.0	0.0	0.000355	0.0	0.0	0.0	0.0	0.0	0.0	0.0	0.0	1.0	0.0	0.0	0.0	0.0	
26	26	1267.694477821	2662.3	2662.3	8.86022	0.893272	0	0	0	0	24	0	0	0	0	0.0	0.0	0.0	0.0	0.777718	0.0	0.0	0.0	0.0	0.0	0.0	0.0	0.0	1066.58	0.0	0.0	0.0	0.0	0.0	0.0	0.0	0.0	44.4406	0.0	0.0	0.0	0.0	0	0	0	0	18	0	0	0	0	0	0	0	0	0	0	0	0	0	0	0	0	0	6	0	0	0	0	0	0	0	0	0	0	0	0	0	0	0	0	0	0	0	0	0	0	0	0	0	0	0	0	0	0	0	0.0	0.0	0.0	0.0	0.000394	0.0	0.0	0.0	0.0	0.0	0.0	0.0	0.0	1.0	0.0	0.0	0.0	0.0	
27	27	1404.862122303	2640.2	2640.2	8.7387	0.891871	0	0	0	0	25	0	0	0	0	0.0	0.0	0.0	0.0	0.799946	0.0	0.0	0.0	0.0	0.0	0.0	0.0	0.0	1203.74	0.0	0.0	0.0	0.0	0.0	0.0	0.0	0.0	48.1497	0.0	0.0	0.0	0.0	0	0	0	0	19	0	0	0	0	0	0	0	0	0	0	0	0	0	0	0	0	0	6	0	0	0	0	0	0	0	0	0	0	0	0	0	0	0	0	0	0	0	0	0	0	0	0	0	0	0	0	0	0	0	0.0	0.0	0.0	0.0	0.000345	0.0	0.0	0.0	0.0	0.0	0.0	0.0	0.0	1.0	0.0	0.0	0.0	0.0	
28	28	1520.504985433	2635.2	2635.2	6.71288	0.861597	0	0	0	0	26	0	0	0	0	0.0	0.0	0.0	0.0	0.819952	0.0	0.0	0.0	0.0	0.0	0.0	0.0	0.0	1319.39	0.0	0.0	0.0	0.0	0.0	0.0	0.0	0.0	50.7456	0.0	0.0	0.0	0.0	0	0	0	0	20	0	0	0	0	0	0	0	0	0	0	0	0	0	0	0	0	0	6	0	0	0	0	0	0	0	0	0	0	0	0	0	0	0	0	0	0	0	0	0	0	0	0	0	0	0	0	0	0	0	0.0	0.0	0.0	0.0	0.000318	0.0	0.0	0.0	0.0	0.0	0.0	0.0	0.0	1.0	0.0	0.0	0.0	0.0	
29	29	1531.869801804	2625.2	2625.2	5.37458	0.830223	0	0	0	0	27	0	0	0	0	0.0	0.0	0.0	0.0	0.837957	0.0	0.0	0.0	0.0	0.0	0.0	0.0	0.0	1330.75	0.0	0.0	0.0	0.0	0.0	0.0	0.0	0.0	49.2871	0.0	0.0	0.0	0.0	0	0	0	0	21	0	0	0	0	0	0	0	0	0	0	0	0	0	0	0	0	0	6	0	0	0	0	0	0	0	0	0	0	0	0	0	0	0	0	0	0	0	0	0	0	0	0	0	0	0	0	0	0	0	0.0	0.0	0.0	0.0	0.000345	0.0	0.0	0.0	0.0	0.0	0.0	0.0	0.0	1.0	0.0	0.0	0.0	0.0	
30	30	1553.886895922	2625.2	2625.2	5.25841	0.826817	0	0	0	0	28	0	0	0	0	0.0	0.0	0.0	0.0	0.754161	0.0	0.0	0.0	0.0	0.0	0.0	0.0	0.0	1352.77	0.0	0.0	0.0	0.0	0.0	0.0	0.0	0.0	48.3131	0.0	0.0	0.0	0.0	0	0	0	0	21	0	0	0	0	0	0	0	0	0	0	0	0	0	0	0	0	0	7	0	0	0	0	0	0	0	0	0	0	0	0	0	0	0	0	0	0	0	0	0	0	0	0	0	0	0	0	0	0	0	0.0	0.0	0.0	0.0	0.000323	0.0	0.0	0.0	0.0	0.0	0.0	0.0	0.0	1.0	0.0	0.0	0.0	0.0	
31	31	1576.528708167	2604.35	2604.35	5.04046	0.820046	0	0	0	0	29	0	0	0	0	0.0	0.0	0.0	0.0	0.778745	0.0	0.0	0.0	0.0	0.0	0.0	0.0	0.0	1375.41	0.0	0.0	0.0	0.0	0.0	0.0	0.0	0.0	47.4279	0.0	0.0	0.0	0.0	0	0	0	0	22	0	0	0	0	0	0	0	0	0	0	0	0	0	0	0	0	0	7	0	0	0	0	0	0	0	0	0	0	0	0	0	0	0	0	0	0	0	0	0	0	0	0	0	0	0	0	0	0	0	0.0	0.0	0.0	0.0	0.000346	0.0	0.0	0.0	0.0	0.0	0.0	0.0	0.0	1.0	0.0	0.0	0.0	0.0	
32	32	1586.892540153	2604.35	2604.35	4.82574	0.812839	0	0	0	0	30	0	0	0	0	0.0	0.0	0.0	0.0	0.70087	0.0	0.0	0.0	0.0	0.0	0.0	0.0	0.0	1385.77	0.0	0.0	0.0	0.0	0.0	0.0	0.0	0.0	46.1924	0.0	0.0	0.0	0.0	0	0	0	0	22	0	0	0	0	0	0	0	0	0	0	0	0	0	0	0	0	0	8	0	0	0	0	0	0	0	0	0	0	0	0	0	0	0	0	0	0	0	0	0	0	0	0	0	0	0	0	0	0	0	0.0	0.0	0.0	0.0	0.000328	0.0	0.0	0.0	0.0	0.0	0.0	0.0	0.0	1.0	0.0	0.0	0.0	0.0	
33	33	1601.276897989	2597.85	2597.85	4.73053	0.809456	0	0	0	0	31	0	0	0	0	0.0	0.0	0.0	0.0	0.730783	0.0	0.0	0.0	0.0	0.0	0.0	0.0	0.0	1400.16	0.0	0.0	0.0	0.0	0.0	0.0	0.0	0.0	45.1664	0.0	0.0	0.0	0.0	0	0	0	0	23	0	0	0	0	0	0	0	0	0	0	0	0	0	0	0	0	0	8	0	0	0	0	0	0	0	0	0	0	0	0	0	0	0	0	0	0	0	0	0	0	0	0	0	0	0	0	0	0	0	0.0	0.0	0.0	0.0	0.000358	0.0	0.0	0.0	0.0	0.0	0.0	0.0	0.0	1.0	0.0	0.0	0.0	0.0	
34	34	1619.722137017	2561.2	2561.2	4.60149	0.804672	0	0	0	0	32	0	0	0	0	0.0	0.0	0.0	0.0	0.757705	0.0	0.0	0.0	0.0	0.0	0.0	0.0	0.0	1418.6	0.0	0.0	0.0	0.0	0.0	0.0	0.0	0.0	44.3313	0.0	0.0	0.0	0.0	0	0	0	0	24	0	0	0	0	0	0	0	0	0	0	0	0	0	0	0	0	0	8	0	0	0	0	0	0	0	0	0	0	0	0	0	0	0	0	0	0	0	0	0	0	0	0	0	0	0	0	0	0	0	0.0	0.0	0.0	0.0	0.000386	0.0	0.0	0.0	0.0	0.0	0.0	0.0	0.0	1.0	0.0	0.0	0.0	0.0	
35	35	1631.452187896	2560.7	2560.7	4.44116	0.798383	0	0	0	0	33	0	0	0	0	0.0	0.0	0.0	0.0	0.781934	0.0	0.0	0.0	0.0	0.0	0.0	0.0	0.0	1430.33	0.0	0.0	0.0	0.0	0.0	0.0	0.0	0.0	43.3434	0.0	0.0	0.0	0.0	0	0	0	0	25	0	0	0	0	0	0	0	0	0	0	0	0	0	0	0	0	0	8	0	0	0	0	0	0	0	0	0	0	0	0	0	0	0	0	0	0	0	0	0	0	0	0	0	0	0	0	0	0	0	0.0	0.0	0.0	0.0	0.000416	0.0	0.0	0.0	0.0	0.0	0.0	0.0	0.0	1.0	0.0	0.0	0.0	0.0	
36	36	1644.565263276	2560.7	2560.7	4.34211	0.794293	0	0	0	0	34	0	0	0	0	0.0	0.0	0.0	0.0	0.703741	0.0	0.0	0.0	0.0	0.0	0.0	0.0	0.0	1443.45	0.0	0.0	0.0	0.0	0.0	0.0	0.0	0.0	42.4543	0.0	0.0	0.0	0.0	0	0	0	0	25	0	0	0	0	0	0	0	0	0	0	0	0	0	0	0	0	0	9	0	0	0	0	0	0	0	0	0	0	0	0	0	0	0	0	0	0	0	0	0	0	0	0	0	0	0	0	0	0	0	0.0	0.0	0.0	0.0	0.00039	0.0	0.0	0.0	0.0	0.0	0.0	0.0	0.0	1.0	0.0	0.0	0.0	0.0	
37	37	1647.963804737	2551.7	2551.7	4.23401	0.789636	0	0	0	0	35	0	0	0	0	0.0	0.0	0.0	0.0	0.733367	0.0	0.0	0.0	0.0	0.0	0.0	0.0	0.0	1446.84	0.0	0.0	0.0	0.0	0.0	0.0	0.0	0.0	41.3384	0.0	0.0	0.0	0.0	0	0	0	0	26	0	0	0	0	0	0	0	0	0	0	0	0	0	0	0	0	0	9	0	0	0	0	0	0	0	0	0	0	0	0	0	0	0	0	0	0	0	0	0	0	0	0	0	0	0	0	0	0	0	0.0	0.0	0.0	0.0	0.000429	0.0	0.0	0.0	0.0	0.0	0.0	0.0	0.0	1.0	0.0	0.0	0.0	0.0	
38	38	1666.612181229	2551.7	2551.7	4.20643	0.788415	0	0	0	0	36	0	0	0	0	0.0	0.0	0.0	0.0	0.66003	0.0	0.0	0.0	0.0	0.0	0.0	0.0	0.0	1465.49	0.0	0.0	0.0	0.0	0.0	0.0	0.0	0.0	40.7081	0.0	0.0	0.0	0.0	0	0	0	0	26	0	0	0	0	0	0	0	0	0	0	0	0	0	0	0	0	0	10	0	0	0	0	0	0	0	0	0	0	0	0	0	0	0	0	0	0	0	0	0	0	0	0	0	0	0	0	0	0	0	0.0	0.0	0.0	0.0	0.000398	0.0	0.0	0.0	0.0	0.0	0.0	0.0	0.0	1.0	0.0	0.0	0.0	0.0	
39	39	1669.011847079	2551.7	2551.7	4.05828	0.781602	0	0	0	0	37	0	0	0	0	0.0	0.0	0.0	0.0	0.594027	0.0	0.0	0.0	0.0	0.0	0.0	0.0	0.0	1467.89	0.0	0.0	0.0	0.0	0.0	0.0	0.0	0.0	39.6728	0.0	0.0	0.0	0.0	0	0	0	0	26	0	0	0	0	0	0	0	0	0	0	0	0	0	0	0	0	0	11	0	0	0	0	0	0	0	0	0	0	0	0	0	0	0	0	0	0	0	0	0	0	0	0	0	0	0	0	0	0	0	0.0	0.0	0.0	0.0	0.000377	0.0	0.0	0.0	0.0	0.0	0.0	0.0	0.0	1.0	0.0	0.0	0.0	0.0	
40	40	1679.913284942	2551.7	2551.7	4.0396	0.780712	0	0	0	0	38	0	0	0	0	0.0	0.0	0.0	0.0	0.534624	0.0	0.0	0.0	0.0	0.0	0.0	0.0	0.0	1478.79	0.0	0.0	0.0	0.0	0.0	0.0	0.0	0.0	38.9156	0.0	0.0	0.0	0.0	0	0	0	0	26	0	0	0	0	0	0	0	0	0	0	0	0	0	0	0	0	0	12	0	0	0	0	0	0	0	0	0	0	0	0	0	0	0	0	0	0	0	0	0	0	0	0	0	0	0	0	0	0	0	0.0	0.0	0.0	0.0	0.000353	0.0	0.0	0.0	0.0	0.0	0.0	0.0	0.0	1.0	0.0	0.0	0.0	0.0	
41	41	1688.99671786	2551.7	2551.7	3.95581	0.776629	0	0	0	0	39	0	0	0	0	0.0	0.0	0.0	0.0	0.481162	0.0	0.0	0.0	0.0	0.0	0.0	0.0	0.0	1487.88	0.0	0.0	0.0	0.0	0.0	0.0	0.0	0.0	38.1507	0.0	0.0	0.0	0.0	0	0	0	0	26	0	0	0	0	0	0	0	0	0	0	0	0	0	0	0	0	0	13	0	0	0	0	0	0	0	0	0	0	0	0	0	0	0	0	0	0	0	0	0	0	0	0	0	0	0	0	0	0	0	0.0	0.0	0.0	0.0	0.000331	0.0	0.0	0.0	0.0	0.0	0.0	0.0	0.0	1.0	0.0	0.0	0.0	0.0	
42	42	1704.115783279	2545.7	2545.7	3.88732	0.773177	0	0	0	0	40	0	0	0	0	0.0	0.0	0.0	0.0	0.533046	0.0	0.0	0.0	0.0	0.0	0.0	0.0	0.0	1503.0	0.0	0.0	0.0	0.0	0.0	0.0	0.0	0.0	37.5749	0.0	0.0	0.0	0.0	0	0	0	0	27	0	0	0	0	0	0	0	0	0	0	0	0	0	0	0	0	0	13	0	0	0	0	0	0	0	0	0	0	0	0	0	0	0	0	0	0	0	0	0	0	0	0	0	0	0	0	0	0	0	0.0	0.0	0.0	0.0	0.000378	0.0	0.0	0.0	0.0	0.0	0.0	0.0	0.0	1.0	0.0	0.0	0.0	0.0	
43	43	1719.089681456	2544.7	2544.7	3.77594	0.767333	0	0	0	0	41	0	0	0	0	0.0	0.0	0.0	0.0	0.579741	0.0	0.0	0.0	0.0	0.0	0.0	0.0	0.0	1517.97	0.0	0.0	0.0	0.0	0.0	0.0	0.0	0.0	37.0237	0.0	0.0	0.0	0.0	0	0	0	0	28	0	0	0	0	0	0	0	0	0	0	0	0	0	0	0	0	0	13	0	0	0	0	0	0	0	0	0	0	0	0	0	0	0	0	0	0	0	0	0	0	0	0	0	0	0	0	0	0	0	0.0	0.0	0.0	0.0	0.000423	0.0	0.0	0.0	0.0	0.0	0.0	0.0	0.0	1.0	0.0	0.0	0.0	0.0	
44	44	1899.132419353	2544.7	2544.7	3.66878	0.76142	0	0	0	0	42	0	0	0	0	0.0	0.0	0.0	0.0	0.521767	0.0	0.0	0.0	0.0	0.0	0.0	0.0	0.0	1698.01	0.0	0.0	0.0	0.0	0.0	0.0	0.0	0.0	40.4289	0.0	0.0	0.0	0.0	0	0	0	0	28	0	0	0	0	0	0	0	0	0	0	0	0	0	0	0	0	0	14	0	0	0	0	0	0	0	0	0	0	0	0	0	0	0	0	0	0	0	0	0	0	0	0	0	0	0	0	0	0	0	0.0	0.0	0.0	0.0	0.000319	0.0	0.0	0.0	0.0	0.0	0.0	0.0	0.0	1.0	0.0	0.0	0.0	0.0	
45	45	1910.77381171	2541.2	2541.2	2.59527	0.680235	0	0	0	0	43	0	0	0	0	0.0	0.0	0.0	0.0	0.56959	0.0	0.0	0.0	0.0	0.0	0.0	0.0	0.0	1709.65	0.0	0.0	0.0	0.0	0.0	0.0	0.0	0.0	39.7594	0.0	0.0	0.0	0.0	0	0	0	0	29	0	0	0	0	0	0	0	0	0	0	0	0	0	0	0	0	0	14	0	0	0	0	0	0	0	0	0	0	0	0	0	0	0	0	0	0	0	0	0	0	0	0	0	0	0	0	0	0	0	0.0	0.0	0.0	0.0	0.00036	0.0	0.0	0.0	0.0	0.0	0.0	0.0	0.0	1.0	0.0	0.0	0.0	0.0	
46	46	1981.935322079	2541.2	2541.2	2.53782	0.674328	0	0	0	0	44	0	0	0	0	0.0	0.0	0.0	0.0	0.512631	0.0	0.0	0.0	0.0	0.0	0.0	0.0	0.0	1780.82	0.0	0.0	0.0	0.0	0.0	0.0	0.0	0.0	40.4731	0.0	0.0	0.0	0.0	0	0	0	0	29	0	0	0	0	0	0	0	0	0	0	0	0	0	0	0	0	0	15	0	0	0	0	0	0	0	0	0	0	0	0	0	0	0	0	0	0	0	0	0	0	0	0	0	0	0	0	0	0	0	0.0	0.0	0.0	0.0	0.000313	0.0	0.0	0.0	0.0	0.0	0.0	0.0	0.0	1.0	0.0	0.0	0.0	0.0	
47	47	1986.947002398	2541.2	2541.2	2.2133	0.636472	0	0	0	0	45	0	0	0	0	0.0	0.0	0.0	0.0	0.461368	0.0	0.0	0.0	0.0	0.0	0.0	0.0	0.0	1785.83	0.0	0.0	0.0	0.0	0.0	0.0	0.0	0.0	39.685	0.0	0.0	0.0	0.0	0	0	0	0	29	0	0	0	0	0	0	0	0	0	0	0	0	0	0	0	0	0	16	0	0	0	0	0	0	0	0	0	0	0	0	0	0	0	0	0	0	0	0	0	0	0	0	0	0	0	0	0	0	0	0.0	0.0	0.0	0.0	0.000293	0.0	0.0	0.0	0.0	0.0	0.0	0.0	0.0	1.0	0.0	0.0	0.0	0.0	
48	48	2167.010289038	2541.2	2541.2	2.19207	0.633694	0	0	0	0	46	0	0	0	0	0.0	0.0	0.0	0.0	0.415231	0.0	0.0	0.0	0.0	0.0	0.0	0.0	0.0	1965.89	0.0	0.0	0.0	0.0	0.0	0.0	0.0	0.0	42.7367	0.0	0.0	0.0	0.0	0	0	0	0	29	0	0	0	0	0	0	0	0	0	0	0	0	0	0	0	0	0	17	0	0	0	0	0	0	0	0	0	0	0	0	0	0	0	0	0	0	0	0	0	0	0	0	0	0	0	0	0	0	0	0.0	0.0	0.0	0.0	0.000227	0.0	0.0	0.0	0.0	0.0	0.0	0.0	0.0	1.0	0.0	0.0	0.0	0.0	
49	49	2344.207810193	2537.2	2537.2	1.55059	0.524708	0	0	0	0	47	0	0	0	0	0.0	0.0	0.0	0.0	0.473708	0.0	0.0	0.0	0.0	0.0	0.0	0.0	0.0	2143.09	0.0	0.0	0.0	0.0	0.0	0.0	0.0	0.0	45.5976	0.0	0.0	0.0	0.0	0	0	0	0	30	0	0	0	0	0	0	0	0	0	0	0	0	0	0	0	0	0	17	0	0	0	0	0	0	0	0	0	0	0	0	0	0	0	0	0	0	0	0	0	0	0	0	0	0	0	0	0	0	0	0.0	0.0	0.0	0.0	0.000228	0.0	0.0	0.0	0.0	0.0	0.0	0.0	0.0	1.0	0.0	0.0	0.0	0.0	
50	50	2369.668719159	2532.7	2532.7	1.1029	0.403853	0	0	0	0	48	0	0	0	0	0.0	0.0	0.0	0.0	0.526337	0.0	0.0	0.0	0.0	0.0	0.0	0.0	0.0	2168.55	0.0	0.0	0.0	0.0	0.0	0.0	0.0	0.0	45.1781	0.0	0.0	0.0	0.0	0	0	0	0	31	0	0	0	0	0	0	0	0	0	0	0	0	0	0	0	0	0	17	0	0	0	0	0	0	0	0	0	0	0	0	0	0	0	0	0	0	0	0	0	0	0	0	0	0	0	0	0	0	0	0.0	0.0	0.0	0.0	0.000258	0.0	0.0	0.0	0.0	0.0	0.0	0.0	0.0	1.0	0.0	0.0	0.0	0.0	
51	51	2491.189372549	2518.95	2518.95	1.0502	0.385893	0	0	0	0	49	0	0	0	0	0.0	0.0	0.0	0.0	0.573704	0.0	0.0	0.0	0.0	0.0	0.0	0.0	0.0	2290.07	0.0	0.0	0.0	0.0	0.0	0.0	0.0	0.0	46.7361	0.0	0.0	0.0	0.0	0	0	0	0	32	0	0	0	0	0	0	0	0	0	0	0	0	0	0	0	0	0	17	0	0	0	0	0	0	0	0	0	0	0	0	0	0	0	0	0	0	0	0	0	0	0	0	0	0	0	0	0	0	0	0.0	0.0	0.0	0.0	0.000263	0.0	0.0	0.0	0.0	0.0	0.0	0.0	0.0	1.0	0.0	0.0	0.0	0.0	
52	52	2495.611465521	2518.95	2518.95	0.831384	0.300348	0	0	0	0	50	0	0	0	0	0.0	0.0	0.0	0.0	0.516333	0.0	0.0	0.0	0.0	0.0	0.0	0.0	0.0	2294.49	0.0	0.0	0.0	0.0	0.0	0.0	0.0	0.0	45.8898	0.0	0.0	0.0	0.0	0	0	0	0	32	0	0	0	0	0	0	0	0	0	0	0	0	0	0	0	0	0	18	0	0	0	0	0	0	0	0	0	0	0	0	0	0	0	0	0	0	0	0	0	0	0	0	0	0	0	0	0	0	0	0.0	0.0	0.0	0.0	0.000245	0.0	0.0	0.0	0.0	0.0	0.0	0.0	0.0	1.0	0.0	0.0	0.0	0.0	
53	53	2644.64165543	2518.95	2518.95	0.824345	0.297279	0	0	0	0	51	0	0	0	0	0.0	0.0	0.0	0.0	0.4647	0.0	0.0	0.0	0.0	0.0	0.0	0.0	0.0	2443.52	0.0	0.0	0.0	0.0	0.0	0.0	0.0	0.0	47.9122	0.0	0.0	0.0	0.0	0	0	0	0	32	0	0	0	0	0	0	0	0	0	0	0	0	0	0	0	0	0	19	0	0	0	0	0	0	0	0	0	0	0	0	0	0	0	0	0	0	0	0	0	0	0	0	0	0	0	0	0	0	0	0.0	0.0	0.0	0.0	0.000202	0.0	0.0	0.0	0.0	0.0	0.0	0.0	0.0	1.0	0.0	0.0	0.0	0.0	
54	54	2717.983101521	2518.95	2518.95	0.618964	0.198771	0	0	0	0	52	0	0	0	0	0.0	0.0	0.0	0.0	0.41823	0.0	0.0	0.0	0.0	0.0	0.0	0.0	0.0	2516.86	0.0	0.0	0.0	0.0	0.0	0.0	0.0	0.0	48.4012	0.0	0.0	0.0	0.0	0	0	0	0	32	0	0	0	0	0	0	0	0	0	0	0	0	0	0	0	0	0	20	0	0	0	0	0	0	0	0	0	0	0	0	0	0	0	0	0	0	0	0	0	0	0	0	0	0	0	0	0	0	0	0.0	0.0	0.0	0.0	0.000179	0.0	0.0	0.0	0.0	0.0	0.0	0.0	0.0	1.0	0.0	0.0	0.0	0.0	
55	55	2876.780435127	2518.95	2518.95	0.537556	0.15563	0	0	0	0	53	0	0	0	0	0.0	0.0	0.0	0.0	0.376407	0.0	0.0	0.0	0.0	0.0	0.0	0.0	0.0	2675.66	0.0	0.0	0.0	0.0	0.0	0.0	0.0	0.0	50.4842	0.0	0.0	0.0	0.0	0	0	0	0	32	0	0	0	0	0	0	0	0	0	0	0	0	0	0	0	0	0	21	0	0	0	0	0	0	0	0	0	0	0	0	0	0	0	0	0	0	0	0	0	0	0	0	0	0	0	0	0	0	0	0.0	0.0	0.0	0.0	0.000148	0.0	0.0	0.0	0.0	0.0	0.0	0.0	0.0	1.0	0.0	0.0	0.0	0.0	
56	56	2881.630724897	2515.95	2515.95	0.396118	0.080098	0	0	0	0	54	0	0	0	0	0.0	0.0	0.0	0.0	0.438766	0.0	0.0	0.0	0.0	0.0	0.0	0.0	0.0	2680.51	0.0	0.0	0.0	0.0	0.0	0.0	0.0	0.0	49.6391	0.0	0.0	0.0	0.0	0	0	0	0	33	0	0	0	0	0	0	0	0	0	0	0	0	0	0	0	0	0	21	0	0	0	0	0	0	0	0	0	0	0	0	0	0	0	0	0	0	0	0	0	0	0	0	0	0	0	0	0	0	0	0.0	0.0	0.0	0.0	0.000178	0.0	0.0	0.0	0.0	0.0	0.0	0.0	0.0	1.0	0.0	0.0	0.0	0.0	
57	57	2888.929142447	2515.95	2515.95	0.392441	0.078226	0	0	0	0	55	0	0	0	0	0.0	0.0	0.0	0.0	0.39489	0.0	0.0	0.0	0.0	0.0	0.0	0.0	0.0	2687.81	0.0	0.0	0.0	0.0	0.0	0.0	0.0	0.0	48.8693	0.0	0.0	0.0	0.0	0	0	0	0	33	0	0	0	0	0	0	0	0	0	0	0	0	0	0	0	0	0	22	0	0	0	0	0	0	0	0	0	0	0	0	0	0	0	0	0	0	0	0	0	0	0	0	0	0	0	0	0	0	0	0.0	0.0	0.0	0.0	0.000165	0.0	0.0	0.0	0.0	0.0	0.0	0.0	0.0	1.0	0.0	0.0	0.0	0.0	
58	58	2900.760242868	2515.95	2515.95	0.386972	0.075459	0	0	0	0	56	0	0	0	0	0.0	0.0	0.0	0.0	0.355401	0.0	0.0	0.0	0.0	0.0	0.0	0.0	0.0	2699.64	0.0	0.0	0.0	0.0	0.0	0.0	0.0	0.0	48.2079	0.0	0.0	0.0	0.0	0	0	0	0	33	0	0	0	0	0	0	0	0	0	0	0	0	0	0	0	0	0	23	0	0	0	0	0	0	0	0	0	0	0	0	0	0	0	0	0	0	0	0	0	0	0	0	0	0	0	0	0	0	0	0.0	0.0	0.0	0.0	0.000153	0.0	0.0	0.0	0.0	0.0	0.0	0.0	0.0	1.0	0.0	0.0	0.0	0.0	
59	59	2907.915385731	2515.95	2515.95	0.378269	0.071103	0	0	0	0	57	0	0	0	0	0.0	0.0	0.0	0.0	0.319861	0.0	0.0	0.0	0.0	0.0	0.0	0.0	0.0	2706.8	0.0	0.0	0.0	0.0	0.0	0.0	0.0	0.0	47.4876	0.0	0.0	0.0	0.0	0	0	0	0	33	0	0	0	0	0	0	0	0	0	0	0	0	0	0	0	0	0	24	0	0	0	0	0	0	0	0	0	0	0	0	0	0	0	0	0	0	0	0	0	0	0	0	0	0	0	0	0	0	0	0.0	0.0	0.0	0.0	0.000142	0.0	0.0	0.0	0.0	0.0	0.0	0.0	0.0	1.0	0.0	0.0	0.0	0.0	
60	60	2919.879150556	2515.95	2515.95	0.373101	0.068547	0	0	0	0	58	0	0	0	0	0.0	0.0	0.0	0.0	0.287875	0.0	0.0	0.0	0.0	0.0	0.0	0.0	0.0	2718.76	0.0	0.0	0.0	0.0	0.0	0.0	0.0	0.0	46.8752	0.0	0.0	0.0	0.0	0	0	0	0	33	0	0	0	0	0	0	0	0	0	0	0	0	0	0	0	0	0	25	0	0	0	0	0	0	0	0	0	0	0	0	0	0	0	0	0	0	0	0	0	0	0	0	0	0	0	0	0	0	0	0.0	0.0	0.0	0.0	0.000131	0.0	0.0	0.0	0.0	0.0	0.0	0.0	0.0	1.0	0.0	0.0	0.0	0.0	
61	61	2922.724076494	2515.95	2515.95	0.364616	0.064402	0	0	0	0	59	0	0	0	0	0.0	0.0	0.0	0.0	0.259087	0.0	0.0	0.0	0.0	0.0	0.0	0.0	0.0	2721.6	0.0	0.0	0.0	0.0	0.0	0.0	0.0	0.0	46.1289	0.0	0.0	0.0	0.0	0	0	0	0	33	0	0	0	0	0	0	0	0	0	0	0	0	0	0	0	0	0	26	0	0	0	0	0	0	0	0	0	0	0	0	0	0	0	0	0	0	0	0	0	0	0	0	0	0	0	0	0	0	0	0.0	0.0	0.0	0.0	0.000122	0.0	0.0	0.0	0.0	0.0	0.0	0.0	0.0	1.0	0.0	0.0	0.0	0.0	
62	62	2931.492533232	2515.95	2515.95	0.362627	0.06344	0	0	0	0	60	0	0	0	0	0.0	0.0	0.0	0.0	0.233178	0.0	0.0	0.0	0.0	0.0	0.0	0.0	0.0	2730.37	0.0	0.0	0.0	0.0	0.0	0.0	0.0	0.0	45.5062	0.0	0.0	0.0	0.0	0	0	0	0	33	0	0	0	0	0	0	0	0	0	0	0	0	0	0	0	0	0	27	0	0	0	0	0	0	0	0	0	0	0	0	0	0	0	0	0	0	0	0	0	0	0	0	0	0	0	0	0	0	0	0.0	0.0	0.0	0.0	0.000113	0.0	0.0	0.0	0.0	0.0	0.0	0.0	0.0	1.0	0.0	0.0	0.0	0.0	
63	63	2934.225387635	2515.95	2515.95	0.356565	0.060535	0	0	0	0	61	0	0	0	0	0.0	0.0	0.0	0.0	0.209861	0.0	0.0	0.0	0.0	0.0	0.0	0.0	0.0	2733.11	0.0	0.0	0.0	0.0	0.0	0.0	0.0	0.0	44.805	0.0	0.0	0.0	0.0	0	0	0	0	33	0	0	0	0	0	0	0	0	0	0	0	0	0	0	0	0	0	28	0	0	0	0	0	0	0	0	0	0	0	0	0	0	0	0	0	0	0	0	0	0	0	0	0	0	0	0	0	0	0	0.0	0.0	0.0	0.0	0.000105	0.0	0.0	0.0	0.0	0.0	0.0	0.0	0.0	1.0	0.0	0.0	0.0	0.0	
64	64	2944.124160506	2515.95	2515.95	0.354696	0.059647	0	0	0	0	62	0	0	0	0	0.0	0.0	0.0	0.0	0.188875	0.0	0.0	0.0	0.0	0.0	0.0	0.0	0.0	2743.0	0.0	0.0	0.0	0.0	0.0	0.0	0.0	0.0	44.242	0.0	0.0	0.0	0.0	0	0	0	0	33	0	0	0	0	0	0	0	0	0	0	0	0	0	0	0	0	0	29	0	0	0	0	0	0	0	0	0	0	0	0	0	0	0	0	0	0	0	0	0	0	0	0	0	0	0	0	0	0	0	0.0	0.0	0.0	0.0	9.6e-5	0.0	0.0	0.0	0.0	0.0	0.0	0.0	0.0	1.0	0.0	0.0	0.0	0.0	
65	65	2954.472345759	2515.95	2515.95	0.348009	0.056502	0	0	0	0	63	0	0	0	0	0.0	0.0	0.0	0.0	0.169987	0.0	0.0	0.0	0.0	0.0	0.0	0.0	0.0	2753.35	0.0	0.0	0.0	0.0	0.0	0.0	0.0	0.0	43.704	0.0	0.0	0.0	0.0	0	0	0	0	33	0	0	0	0	0	0	0	0	0	0	0	0	0	0	0	0	0	30	0	0	0	0	0	0	0	0	0	0	0	0	0	0	0	0	0	0	0	0	0	0	0	0	0	0	0	0	0	0	0	0.0	0.0	0.0	0.0	8.9e-5	0.0	0.0	0.0	0.0	0.0	0.0	0.0	0.0	1.0	0.0	0.0	0.0	0.0	
66	66	3008.055214715	2515.95	2515.95	0.341154	0.053331	0	0	0	0	64	0	0	0	0	0.0	0.0	0.0	0.0	0.152988	0.0	0.0	0.0	0.0	0.0	0.0	0.0	0.0	2806.93	0.0	0.0	0.0	0.0	0.0	0.0	0.0	0.0	43.8584	0.0	0.0	0.0	0.0	0	0	0	0	33	0	0	0	0	0	0	0	0	0	0	0	0	0	0	0	0	0	31	0	0	0	0	0	0	0	0	0	0	0	0	0	0	0	0	0	0	0	0	0	0	0	0	0	0	0	0	0	0	0	0.0	0.0	0.0	0.0	8.0e-5	0.0	0.0	0.0	0.0	0.0	0.0	0.0	0.0	1.0	0.0	0.0	0.0	0.0	
67	67	3016.666629126	2514.95	2514.95	0.307756	0.0388	0	0	0	0	65	0	0	0	0	0.0	0.0	0.0	0.0	0.23769	0.0	0.0	0.0	0.0	0.0	0.0	0.0	0.0	2815.55	0.0	0.0	0.0	0.0	0.0	0.0	0.0	0.0	43.3161	0.0	0.0	0.0	0.0	0	0	0	0	34	0	0	0	0	0	0	0	0	0	0	0	0	0	0	0	0	0	31	0	0	0	0	0	0	0	0	0	0	0	0	0	0	0	0	0	0	0	0	0	0	0	0	0	0	0	0	0	0	0	0.0	0.0	0.0	0.0	0.000127	0.0	0.0	0.0	0.0	0.0	0.0	0.0	0.0	1.0	0.0	0.0	0.0	0.0	
68	68	3017.852199737	2514.95	2514.95	0.302703	0.036752	0	0	0	0	66	0	0	0	0	0.0	0.0	0.0	0.0	0.213921	0.0	0.0	0.0	0.0	0.0	0.0	0.0	0.0	2816.73	0.0	0.0	0.0	0.0	0.0	0.0	0.0	0.0	42.6778	0.0	0.0	0.0	0.0	0	0	0	0	34	0	0	0	0	0	0	0	0	0	0	0	0	0	0	0	0	0	32	0	0	0	0	0	0	0	0	0	0	0	0	0	0	0	0	0	0	0	0	0	0	0	0	0	0	0	0	0	0	0	0.0	0.0	0.0	0.0	0.000117	0.0	0.0	0.0	0.0	0.0	0.0	0.0	0.0	1.0	0.0	0.0	0.0	0.0	
69	69	3062.292901435	2514.95	2514.95	0.302014	0.036476	0	0	0	0	67	0	0	0	0	0.0	0.0	0.0	0.0	0.192529	0.0	0.0	0.0	0.0	0.0	0.0	0.0	0.0	2861.17	0.0	0.0	0.0	0.0	0.0	0.0	0.0	0.0	42.7041	0.0	0.0	0.0	0.0	0	0	0	0	34	0	0	0	0	0	0	0	0	0	0	0	0	0	0	0	0	0	33	0	0	0	0	0	0	0	0	0	0	0	0	0	0	0	0	0	0	0	0	0	0	0	0	0	0	0	0	0	0	0	0.0	0.0	0.0	0.0	0.000106	0.0	0.0	0.0	0.0	0.0	0.0	0.0	0.0	1.0	0.0	0.0	0.0	0.0	
70	70	3078.30853025	2514.95	2514.95	0.277279	0.027148	0	0	0	0	68	0	0	0	0	0.0	0.0	0.0	0.0	0.173276	0.0	0.0	0.0	0.0	0.0	0.0	0.0	0.0	2877.19	0.0	0.0	0.0	0.0	0.0	0.0	0.0	0.0	42.3116	0.0	0.0	0.0	0.0	0	0	0	0	34	0	0	0	0	0	0	0	0	0	0	0	0	0	0	0	0	0	34	0	0	0	0	0	0	0	0	0	0	0	0	0	0	0	0	0	0	0	0	0	0	0	0	0	0	0	0	0	0	0	0.0	0.0	0.0	0.0	9.7e-5	0.0	0.0	0.0	0.0	0.0	0.0	0.0	0.0	1.0	0.0	0.0	0.0	0.0	
71	71	3258.380296646	2514.95	2514.95	0.268871	0.024252	0	0	0	0	69	0	0	0	0	0.0	0.0	0.0	0.0	0.155948	0.0	0.0	0.0	0.0	0.0	0.0	0.0	0.0	3057.26	0.0	0.0	0.0	0.0	0.0	0.0	0.0	0.0	44.3081	0.0	0.0	0.0	0.0	0	0	0	0	34	0	0	0	0	0	0	0	0	0	0	0	0	0	0	0	0	0	35	0	0	0	0	0	0	0	0	0	0	0	0	0	0	0	0	0	0	0	0	0	0	0	0	0	0	0	0	0	0	0	0.0	0.0	0.0	0.0	7.9e-5	0.0	0.0	0.0	0.0	0.0	0.0	0.0	0.0	1.0	0.0	0.0	0.0	0.0	
72	72	3265.67408436	2514.95	2514.95	0.190187	0.005206	0	0	0	0	70	0	0	0	0	0.0	0.0	0.0	0.0	0.140353	0.0	0.0	0.0	0.0	0.0	0.0	0.0	0.0	3064.55	0.0	0.0	0.0	0.0	0.0	0.0	0.0	0.0	43.7793	0.0	0.0	0.0	0.0	0	0	0	0	34	0	0	0	0	0	0	0	0	0	0	0	0	0	0	0	0	0	36	0	0	0	0	0	0	0	0	0	0	0	0	0	0	0	0	0	0	0	0	0	0	0	0	0	0	0	0	0	0	0	0.0	0.0	0.0	0.0	7.3e-5	0.0	0.0	0.0	0.0	0.0	0.0	0.0	0.0	1.0	0.0	0.0	0.0	0.0	
73	73	3274.32188036	2514.95	2514.95	0.187538	0.004833	0	0	0	0	71	0	0	0	0	0.0	0.0	0.0	0.0	0.126318	0.0	0.0	0.0	0.0	0.0	0.0	0.0	0.0	3073.2	0.0	0.0	0.0	0.0	0.0	0.0	0.0	0.0	43.2845	0.0	0.0	0.0	0.0	0	0	0	0	34	0	0	0	0	0	0	0	0	0	0	0	0	0	0	0	0	0	37	0	0	0	0	0	0	0	0	0	0	0	0	0	0	0	0	0	0	0	0	0	0	0	0	0	0	0	0	0	0	0	0.0	0.0	0.0	0.0	6.7e-5	0.0	0.0	0.0	0.0	0.0	0.0	0.0	0.0	1.0	0.0	0.0	0.0	0.0	
74	74	3280.948130505	2514.95	2514.95	0.184446	0.00442	0	0	0	0	72	0	0	0	0	0.0	0.0	0.0	0.0	0.113686	0.0	0.0	0.0	0.0	0.0	0.0	0.0	0.0	3079.83	0.0	0.0	0.0	0.0	0.0	0.0	0.0	0.0	42.7754	0.0	0.0	0.0	0.0	0	0	0	0	34	0	0	0	0	0	0	0	0	0	0	0	0	0	0	0	0	0	38	0	0	0	0	0	0	0	0	0	0	0	0	0	0	0	0	0	0	0	0	0	0	0	0	0	0	0	0	0	0	0	0.0	0.0	0.0	0.0	6.2e-5	0.0	0.0	0.0	0.0	0.0	0.0	0.0	0.0	1.0	0.0	0.0	0.0	0.0	
75	75	3292.243654909	2514.95	2514.95	0.182111	0.004123	0	0	0	0	73	0	0	0	0	0.0	0.0	0.0	0.0	0.102318	0.0	0.0	0.0	0.0	0.0	0.0	0.0	0.0	3091.12	0.0	0.0	0.0	0.0	0.0	0.0	0.0	0.0	42.3442	0.0	0.0	0.0	0.0	0	0	0	0	34	0	0	0	0	0	0	0	0	0	0	0	0	0	0	0	0	0	39	0	0	0	0	0	0	0	0	0	0	0	0	0	0	0	0	0	0	0	0	0	0	0	0	0	0	0	0	0	0	0	0.0	0.0	0.0	0.0	5.7e-5	0.0	0.0	0.0	0.0	0.0	0.0	0.0	0.0	1.0	0.0	0.0	0.0	0.0	
76	76	3377.222617118	2514.95	2514.95	0.178198	0.003655	0	0	0	0	74	0	0	0	0	0.0	0.0	0.0	0.0	0.092086	0.0	0.0	0.0	0.0	0.0	0.0	0.0	0.0	3176.1	0.0	0.0	0.0	0.0	0.0	0.0	0.0	0.0	42.9203	0.0	0.0	0.0	0.0	0	0	0	0	34	0	0	0	0	0	0	0	0	0	0	0	0	0	0	0	0	0	40	0	0	0	0	0	0	0	0	0	0	0	0	0	0	0	0	0	0	0	0	0	0	0	0	0	0	0	0	0	0	0	0.0	0.0	0.0	0.0	5.0e-5	0.0	0.0	0.0	0.0	0.0	0.0	0.0	0.0	1.0	0.0	0.0	0.0	0.0	
77	77	3381.350454699	2514.95	2514.95	0.151337	0.00135	0	0	0	0	75	0	0	0	0	0.0	0.0	0.0	0.0	0.082877	0.0	0.0	0.0	0.0	0.0	0.0	0.0	0.0	3180.23	0.0	0.0	0.0	0.0	0.0	0.0	0.0	0.0	42.4031	0.0	0.0	0.0	0.0	0	0	0	0	34	0	0	0	0	0	0	0	0	0	0	0	0	0	0	0	0	0	41	0	0	0	0	0	0	0	0	0	0	0	0	0	0	0	0	0	0	0	0	0	0	0	0	0	0	0	0	0	0	0	0.0	0.0	0.0	0.0	4.6e-5	0.0	0.0	0.0	0.0	0.0	0.0	0.0	0.0	1.0	0.0	0.0	0.0	0.0	
78	78	3386.054831527	2514.95	2514.95	0.15014	0.001281	0	0	0	0	76	0	0	0	0	0.0	0.0	0.0	0.0	0.07459	0.0	0.0	0.0	0.0	0.0	0.0	0.0	0.0	3184.93	0.0	0.0	0.0	0.0	0.0	0.0	0.0	0.0	41.907	0.0	0.0	0.0	0.0	0	0	0	0	34	0	0	0	0	0	0	0	0	0	0	0	0	0	0	0	0	0	42	0	0	0	0	0	0	0	0	0	0	0	0	0	0	0	0	0	0	0	0	0	0	0	0	0	0	0	0	0	0	0	0.0	0.0	0.0	0.0	4.2e-5	0.0	0.0	0.0	0.0	0.0	0.0	0.0	0.0	1.0	0.0	0.0	0.0	0.0	
79	79	3396.968904497	2514.95	2514.95	0.148788	0.001205	0	0	0	0	77	0	0	0	0	0.0	0.0	0.0	0.0	0.06713	0.0	0.0	0.0	0.0	0.0	0.0	0.0	0.0	3195.85	0.0	0.0	0.0	0.0	0.0	0.0	0.0	0.0	41.5045	0.0	0.0	0.0	0.0	0	0	0	0	34	0	0	0	0	0	0	0	0	0	0	0	0	0	0	0	0	0	43	0	0	0	0	0	0	0	0	0	0	0	0	0	0	0	0	0	0	0	0	0	0	0	0	0	0	0	0	0	0	0	0.0	0.0	0.0	0.0	3.9e-5	0.0	0.0	0.0	0.0	0.0	0.0	0.0	0.0	1.0	0.0	0.0	0.0	0.0	
80	80	3415.547667608	2514.95	2514.95	0.145699	0.001045	0	0	0	0	78	0	0	0	0	0.0	0.0	0.0	0.0	0.060418	0.0	0.0	0.0	0.0	0.0	0.0	0.0	0.0	3214.43	0.0	0.0	0.0	0.0	0.0	0.0	0.0	0.0	41.2106	0.0	0.0	0.0	0.0	0	0	0	0	34	0	0	0	0	0	0	0	0	0	0	0	0	0	0	0	0	0	44	0	0	0	0	0	0	0	0	0	0	0	0	0	0	0	0	0	0	0	0	0	0	0	0	0	0	0	0	0	0	0	0.0	0.0	0.0	0.0	3.6e-5	0.0	0.0	0.0	0.0	0.0	0.0	0.0	0.0	1.0	0.0	0.0	0.0	0.0	
81	81	3420.239472426	2514.95	2514.95	0.140586	0.000814	0	0	0	0	79	0	0	0	0	0.0	0.0	0.0	0.0	0.054376	0.0	0.0	0.0	0.0	0.0	0.0	0.0	0.0	3219.12	0.0	0.0	0.0	0.0	0.0	0.0	0.0	0.0	40.7483	0.0	0.0	0.0	0.0	0	0	0	0	34	0	0	0	0	0	0	0	0	0	0	0	0	0	0	0	0	0	45	0	0	0	0	0	0	0	0	0	0	0	0	0	0	0	0	0	0	0	0	0	0	0	0	0	0	0	0	0	0	0	0.0	0.0	0.0	0.0	3.3e-5	0.0	0.0	0.0	0.0	0.0	0.0	0.0	0.0	1.0	0.0	0.0	0.0	0.0	
82	82	3443.781765189	2514.95	2514.95	0.139323	0.000764	0	0	0	0	80	0	0	0	0	0.0	0.0	0.0	0.0	0.048938	0.0	0.0	0.0	0.0	0.0	0.0	0.0	0.0	3242.66	0.0	0.0	0.0	0.0	0.0	0.0	0.0	0.0	40.5333	0.0	0.0	0.0	0.0	0	0	0	0	34	0	0	0	0	0	0	0	0	0	0	0	0	0	0	0	0	0	46	0	0	0	0	0	0	0	0	0	0	0	0	0	0	0	0	0	0	0	0	0	0	0	0	0	0	0	0	0	0	0	0.0	0.0	0.0	0.0	3.0e-5	0.0	0.0	0.0	0.0	0.0	0.0	0.0	0.0	1.0	0.0	0.0	0.0	0.0	
83	83	3527.458369077	2514.95	2514.95	0.133158	0.000548	0	0	0	0	81	0	0	0	0	0.0	0.0	0.0	0.0	0.044044	0.0	0.0	0.0	0.0	0.0	0.0	0.0	0.0	3326.34	0.0	0.0	0.0	0.0	0.0	0.0	0.0	0.0	41.0659	0.0	0.0	0.0	0.0	0	0	0	0	34	0	0	0	0	0	0	0	0	0	0	0	0	0	0	0	0	0	47	0	0	0	0	0	0	0	0	0	0	0	0	0	0	0	0	0	0	0	0	0	0	0	0	0	0	0	0	0	0	0	0.0	0.0	0.0	0.0	2.6e-5	0.0	0.0	0.0	0.0	0.0	0.0	0.0	0.0	1.0	0.0	0.0	0.0	0.0	
84	84	3687.050556292	2514.95	2514.95	0.113369	0.000148	0	0	0	0	82	0	0	0	0	0.0	0.0	0.0	0.0	0.03964	0.0	0.0	0.0	0.0	0.0	0.0	0.0	0.0	3485.93	0.0	0.0	0.0	0.0	0.0	0.0	0.0	0.0	42.5113	0.0	0.0	0.0	0.0	0	0	0	0	34	0	0	0	0	0	0	0	0	0	0	0	0	0	0	0	0	0	48	0	0	0	0	0	0	0	0	0	0	0	0	0	0	0	0	0	0	0	0	0	0	0	0	0	0	0	0	0	0	0	0.0	0.0	0.0	0.0	2.2e-5	0.0	0.0	0.0	0.0	0.0	0.0	0.0	0.0	1.0	0.0	0.0	0.0	0.0	
85	85	3695.839684225	2514.95	2514.95	0.083412	6.0e-6	0	0	0	0	83	0	0	0	0	0.0	0.0	0.0	0.0	0.035676	0.0	0.0	0.0	0.0	0.0	0.0	0.0	0.0	3494.72	0.0	0.0	0.0	0.0	0.0	0.0	0.0	0.0	42.105	0.0	0.0	0.0	0.0	0	0	0	0	34	0	0	0	0	0	0	0	0	0	0	0	0	0	0	0	0	0	49	0	0	0	0	0	0	0	0	0	0	0	0	0	0	0	0	0	0	0	0	0	0	0	0	0	0	0	0	0	0	0	0.0	0.0	0.0	0.0	2.0e-5	0.0	0.0	0.0	0.0	0.0	0.0	0.0	0.0	1.0	0.0	0.0	0.0	0.0	
86	86	3699.75540066	2514.95	2514.95	0.082015	5.0e-6	0	0	0	0	84	0	0	0	0	0.0	0.0	0.0	0.0	0.032108	0.0	0.0	0.0	0.0	0.0	0.0	0.0	0.0	3498.63	0.0	0.0	0.0	0.0	0.0	0.0	0.0	0.0	41.6504	0.0	0.0	0.0	0.0	0	0	0	0	34	0	0	0	0	0	0	0	0	0	0	0	0	0	0	0	0	0	50	0	0	0	0	0	0	0	0	0	0	0	0	0	0	0	0	0	0	0	0	0	0	0	0	0	0	0	0	0	0	0	0.0	0.0	0.0	0.0	1.9e-5	0.0	0.0	0.0	0.0	0.0	0.0	0.0	0.0	1.0	0.0	0.0	0.0	0.0	
87	87	3712.848570033	2514.95	2514.95	0.0814	5.0e-6	0	0	0	0	85	0	0	0	0	0.0	0.0	0.0	0.0	0.028898	0.0	0.0	0.0	0.0	0.0	0.0	0.0	0.0	3511.73	0.0	0.0	0.0	0.0	0.0	0.0	0.0	0.0	41.3144	0.0	0.0	0.0	0.0	0	0	0	0	34	0	0	0	0	0	0	0	0	0	0	0	0	0	0	0	0	0	51	0	0	0	0	0	0	0	0	0	0	0	0	0	0	0	0	0	0	0	0	0	0	0	0	0	0	0	0	0	0	0	0.0	0.0	0.0	0.0	1.7e-5	0.0	0.0	0.0	0.0	0.0	0.0	0.0	0.0	1.0	0.0	0.0	0.0	0.0	
88	88	3755.749967864	2514.95	2514.95	0.079376	3.0e-6	0	0	0	0	86	0	0	0	0	0.0	0.0	0.0	0.0	0.026008	0.0	0.0	0.0	0.0	0.0	0.0	0.0	0.0	3554.63	0.0	0.0	0.0	0.0	0.0	0.0	0.0	0.0	41.3329	0.0	0.0	0.0	0.0	0	0	0	0	34	0	0	0	0	0	0	0	0	0	0	0	0	0	0	0	0	0	52	0	0	0	0	0	0	0	0	0	0	0	0	0	0	0	0	0	0	0	0	0	0	0	0	0	0	0	0	0	0	0	0.0	0.0	0.0	0.0	1.5e-5	0.0	0.0	0.0	0.0	0.0	0.0	0.0	0.0	1.0	0.0	0.0	0.0	0.0	
89	89	3780.112547018	2514.95	2514.95	0.073091	1.0e-6	0	0	0	0	87	0	0	0	0	0.0	0.0	0.0	0.0	0.023407	0.0	0.0	0.0	0.0	0.0	0.0	0.0	0.0	3578.99	0.0	0.0	0.0	0.0	0.0	0.0	0.0	0.0	41.1378	0.0	0.0	0.0	0.0	0	0	0	0	34	0	0	0	0	0	0	0	0	0	0	0	0	0	0	0	0	0	53	0	0	0	0	0	0	0	0	0	0	0	0	0	0	0	0	0	0	0	0	0	0	0	0	0	0	0	0	0	0	0	0.0	0.0	0.0	0.0	1.4e-5	0.0	0.0	0.0	0.0	0.0	0.0	0.0	0.0	1.0	0.0	0.0	0.0	0.0	
90	90	3792.854752055	2514.95	2514.95	0.069746	1.0e-6	0	0	0	0	88	0	0	0	0	0.0	0.0	0.0	0.0	0.021066	0.0	0.0	0.0	0.0	0.0	0.0	0.0	0.0	3591.73	0.0	0.0	0.0	0.0	0.0	0.0	0.0	0.0	40.8152	0.0	0.0	0.0	0.0	0	0	0	0	34	0	0	0	0	0	0	0	0	0	0	0	0	0	0	0	0	0	54	0	0	0	0	0	0	0	0	0	0	0	0	0	0	0	0	0	0	0	0	0	0	0	0	0	0	0	0	0	0	0	0.0	0.0	0.0	0.0	1.3e-5	0.0	0.0	0.0	0.0	0.0	0.0	0.0	0.0	1.0	0.0	0.0	0.0	0.0	
91	91	3806.204907728	2514.95	2514.95	0.068058	0.0	0	0	0	0	89	0	0	0	0	0.0	0.0	0.0	0.0	0.01896	0.0	0.0	0.0	0.0	0.0	0.0	0.0	0.0	3605.08	0.0	0.0	0.0	0.0	0.0	0.0	0.0	0.0	40.5066	0.0	0.0	0.0	0.0	0	0	0	0	34	0	0	0	0	0	0	0	0	0	0	0	0	0	0	0	0	0	55	0	0	0	0	0	0	0	0	0	0	0	0	0	0	0	0	0	0	0	0	0	0	0	0	0	0	0	0	0	0	0	0.0	0.0	0.0	0.0	1.2e-5	0.0	0.0	0.0	0.0	0.0	0.0	0.0	0.0	1.0	0.0	0.0	0.0	0.0	
92	92	3833.521377842	2514.95	2514.95	0.066334	0.0	0	0	0	0	90	0	0	0	0	0.0	0.0	0.0	0.0	0.017064	0.0	0.0	0.0	0.0	0.0	0.0	0.0	0.0	3632.4	0.0	0.0	0.0	0.0	0.0	0.0	0.0	0.0	40.36	0.0	0.0	0.0	0.0	0	0	0	0	34	0	0	0	0	0	0	0	0	0	0	0	0	0	0	0	0	0	56	0	0	0	0	0	0	0	0	0	0	0	0	0	0	0	0	0	0	0	0	0	0	0	0	0	0	0	0	0	0	0	0.0	0.0	0.0	0.0	1.0e-5	0.0	0.0	0.0	0.0	0.0	0.0	0.0	0.0	1.0	0.0	0.0	0.0	0.0	
93	93	3837.158474054	2514.95	2514.95	0.06294	0.0	0	0	0	0	91	0	0	0	0	0.0	0.0	0.0	0.0	0.015357	0.0	0.0	0.0	0.0	0.0	0.0	0.0	0.0	3636.04	0.0	0.0	0.0	0.0	0.0	0.0	0.0	0.0	39.9565	0.0	0.0	0.0	0.0	0	0	0	0	34	0	0	0	0	0	0	0	0	0	0	0	0	0	0	0	0	0	57	0	0	0	0	0	0	0	0	0	0	0	0	0	0	0	0	0	0	0	0	0	0	0	0	0	0	0	0	0	0	0	0.0	0.0	0.0	0.0	1.0e-5	0.0	0.0	0.0	0.0	0.0	0.0	0.0	0.0	1.0	0.0	0.0	0.0	0.0	
94	94	3845.028467955	2514.95	2514.95	0.062501	0.0	0	0	0	0	92	0	0	0	0	0.0	0.0	0.0	0.0	0.013822	0.0	0.0	0.0	0.0	0.0	0.0	0.0	0.0	3643.91	0.0	0.0	0.0	0.0	0.0	0.0	0.0	0.0	39.6077	0.0	0.0	0.0	0.0	0	0	0	0	34	0	0	0	0	0	0	0	0	0	0	0	0	0	0	0	0	0	58	0	0	0	0	0	0	0	0	0	0	0	0	0	0	0	0	0	0	0	0	0	0	0	0	0	0	0	0	0	0	0	0.0	0.0	0.0	0.0	9.0e-6	0.0	0.0	0.0	0.0	0.0	0.0	0.0	0.0	1.0	0.0	0.0	0.0	0.0	
95	95	3849.538324862	2514.95	2514.95	0.061562	0.0	0	0	0	0	93	0	0	0	0	0.0	0.0	0.0	0.0	0.012439	0.0	0.0	0.0	0.0	0.0	0.0	0.0	0.0	3648.42	0.0	0.0	0.0	0.0	0.0	0.0	0.0	0.0	39.2303	0.0	0.0	0.0	0.0	0	0	0	0	34	0	0	0	0	0	0	0	0	0	0	0	0	0	0	0	0	0	59	0	0	0	0	0	0	0	0	0	0	0	0	0	0	0	0	0	0	0	0	0	0	0	0	0	0	0	0	0	0	0	0.0	0.0	0.0	0.0	8.0e-6	0.0	0.0	0.0	0.0	0.0	0.0	0.0	0.0	1.0	0.0	0.0	0.0	0.0	
96	96	3853.45162253	2514.95	2514.95	0.061031	0.0	0	0	0	0	94	0	0	0	0	0.0	0.0	0.0	0.0	0.011196	0.0	0.0	0.0	0.0	0.0	0.0	0.0	0.0	3652.33	0.0	0.0	0.0	0.0	0.0	0.0	0.0	0.0	38.8546	0.0	0.0	0.0	0.0	0	0	0	0	34	0	0	0	0	0	0	0	0	0	0	0	0	0	0	0	0	0	60	0	0	0	0	0	0	0	0	0	0	0	0	0	0	0	0	0	0	0	0	0	0	0	0	0	0	0	0	0	0	0	0.0	0.0	0.0	0.0	7.0e-6	0.0	0.0	0.0	0.0	0.0	0.0	0.0	0.0	1.0	0.0	0.0	0.0	0.0	
97	97	3860.871794037	2514.95	2514.95	0.060574	0.0	0	0	0	0	95	0	0	0	0	0.0	0.0	0.0	0.0	0.010076	0.0	0.0	0.0	0.0	0.0	0.0	0.0	0.0	3659.75	0.0	0.0	0.0	0.0	0.0	0.0	0.0	0.0	38.5237	0.0	0.0	0.0	0.0	0	0	0	0	34	0	0	0	0	0	0	0	0	0	0	0	0	0	0	0	0	0	61	0	0	0	0	0	0	0	0	0	0	0	0	0	0	0	0	0	0	0	0	0	0	0	0	0	0	0	0	0	0	0	0.0	0.0	0.0	0.0	7.0e-6	0.0	0.0	0.0	0.0	0.0	0.0	0.0	0.0	1.0	0.0	0.0	0.0	0.0	
98	98	3865.598083782	2514.95	2514.95	0.059715	0.0	0	0	0	0	96	0	0	0	0	0.0	0.0	0.0	0.0	0.009068	0.0	0.0	0.0	0.0	0.0	0.0	0.0	0.0	3664.48	0.0	0.0	0.0	0.0	0.0	0.0	0.0	0.0	38.1716	0.0	0.0	0.0	0.0	0	0	0	0	34	0	0	0	0	0	0	0	0	0	0	0	0	0	0	0	0	0	62	0	0	0	0	0	0	0	0	0	0	0	0	0	0	0	0	0	0	0	0	0	0	0	0	0	0	0	0	0	0	0	0.0	0.0	0.0	0.0	6.0e-6	0.0	0.0	0.0	0.0	0.0	0.0	0.0	0.0	1.0	0.0	0.0	0.0	0.0	
99	99	3869.372905127	2514.95	2514.95	0.059175	0.0	0	0	0	0	97	0	0	0	0	0.0	0.0	0.0	0.0	0.008162	0.0	0.0	0.0	0.0	0.0	0.0	0.0	0.0	3668.25	0.0	0.0	0.0	0.0	0.0	0.0	0.0	0.0	37.817	0.0	0.0	0.0	0.0	0	0	0	0	34	0	0	0	0	0	0	0	0	0	0	0	0	0	0	0	0	0	63	0	0	0	0	0	0	0	0	0	0	0	0	0	0	0	0	0	0	0	0	0	0	0	0	0	0	0	0	0	0	0	0.0	0.0	0.0	0.0	6.0e-6	0.0	0.0	0.0	0.0	0.0	0.0	0.0	0.0	1.0	0.0	0.0	0.0	0.0	
100	100	3877.890730138	2514.95	2514.95	0.058747	0.0	0	0	0	0	98	0	0	0	0	0.0	0.0	0.0	0.0	0.007345	0.0	0.0	0.0	0.0	0.0	0.0	0.0	0.0	3676.77	0.0	0.0	0.0	0.0	0.0	0.0	0.0	0.0	37.5181	0.0	0.0	0.0	0.0	0	0	0	0	34	0	0	0	0	0	0	0	0	0	0	0	0	0	0	0	0	0	64	0	0	0	0	0	0	0	0	0	0	0	0	0	0	0	0	0	0	0	0	0	0	0	0	0	0	0	0	0	0	0	0.0	0.0	0.0	0.0	5.0e-6	0.0	0.0	0.0	0.0	0.0	0.0	0.0	0.0	1.0	0.0	0.0	0.0	0.0	
101	101	3882.15679692	2514.95	2514.95	0.057793	0.0	0	0	0	0	99	0	0	0	0	0.0	0.0	0.0	0.0	0.006611	0.0	0.0	0.0	0.0	0.0	0.0	0.0	0.0	3681.04	0.0	0.0	0.0	0.0	0.0	0.0	0.0	0.0	37.1822	0.0	0.0	0.0	0.0	0	0	0	0	34	0	0	0	0	0	0	0	0	0	0	0	0	0	0	0	0	0	65	0	0	0	0	0	0	0	0	0	0	0	0	0	0	0	0	0	0	0	0	0	0	0	0	0	0	0	0	0	0	0	0.0	0.0	0.0	0.0	5.0e-6	0.0	0.0	0.0	0.0	0.0	0.0	0.0	0.0	1.0	0.0	0.0	0.0	0.0	
102	102	3888.886610034	2514.95	2514.95	0.057321	0.0	0	0	0	0	100	0	0	0	0	0.0	0.0	0.0	0.0	0.00595	0.0	0.0	0.0	0.0	0.0	0.0	0.0	0.0	3687.77	0.0	0.0	0.0	0.0	0.0	0.0	0.0	0.0	36.8777	0.0	0.0	0.0	0.0	0	0	0	0	34	0	0	0	0	0	0	0	0	0	0	0	0	0	0	0	0	0	66	0	0	0	0	0	0	0	0	0	0	0	0	0	0	0	0	0	0	0	0	0	0	0	0	0	0	0	0	0	0	0	0.0	0.0	0.0	0.0	4.0e-6	0.0	0.0	0.0	0.0	0.0	0.0	0.0	0.0	1.0	0.0	0.0	0.0	0.0	
103	103	3892.842388506	2514.95	2514.95	0.056584	0.0	0	0	0	0	101	0	0	0	0	0.0	0.0	0.0	0.0	0.005355	0.0	0.0	0.0	0.0	0.0	0.0	0.0	0.0	3691.72	0.0	0.0	0.0	0.0	0.0	0.0	0.0	0.0	36.5517	0.0	0.0	0.0	0.0	0	0	0	0	34	0	0	0	0	0	0	0	0	0	0	0	0	0	0	0	0	0	67	0	0	0	0	0	0	0	0	0	0	0	0	0	0	0	0	0	0	0	0	0	0	0	0	0	0	0	0	0	0	0	0.0	0.0	0.0	0.0	4.0e-6	0.0	0.0	0.0	0.0	0.0	0.0	0.0	0.0	1.0	0.0	0.0	0.0	0.0	
104	104	3903.684408875	2514.95	2514.95	0.056155	0.0	0	0	0	0	102	0	0	0	0	0.0	0.0	0.0	0.0	0.004819	0.0	0.0	0.0	0.0	0.0	0.0	0.0	0.0	3702.56	0.0	0.0	0.0	0.0	0.0	0.0	0.0	0.0	36.2996	0.0	0.0	0.0	0.0	0	0	0	0	34	0	0	0	0	0	0	0	0	0	0	0	0	0	0	0	0	0	68	0	0	0	0	0	0	0	0	0	0	0	0	0	0	0	0	0	0	0	0	0	0	0	0	0	0	0	0	0	0	0	0.0	0.0	0.0	0.0	4.0e-6	0.0	0.0	0.0	0.0	0.0	0.0	0.0	0.0	1.0	0.0	0.0	0.0	0.0	
105	105	3916.699862951	2514.95	2514.95	0.054997	0.0	0	0	0	0	103	0	0	0	0	0.0	0.0	0.0	0.0	0.004337	0.0	0.0	0.0	0.0	0.0	0.0	0.0	0.0	3715.58	0.0	0.0	0.0	0.0	0.0	0.0	0.0	0.0	36.0736	0.0	0.0	0.0	0.0	0	0	0	0	34	0	0	0	0	0	0	0	0	0	0	0	0	0	0	0	0	0	69	0	0	0	0	0	0	0	0	0	0	0	0	0	0	0	0	0	0	0	0	0	0	0	0	0	0	0	0	0	0	0	0.0	0.0	0.0	0.0	3.0e-6	0.0	0.0	0.0	0.0	0.0	0.0	0.0	0.0	1.0	0.0	0.0	0.0	0.0	
106	106	4052.792260434	2514.95	2514.95	0.053638	0.0	0	0	0	0	104	0	0	0	0	0.0	0.0	0.0	0.0	0.003904	0.0	0.0	0.0	0.0	0.0	0.0	0.0	0.0	3851.67	0.0	0.0	0.0	0.0	0.0	0.0	0.0	0.0	37.0353	0.0	0.0	0.0	0.0	0	0	0	0	34	0	0	0	0	0	0	0	0	0	0	0	0	0	0	0	0	0	70	0	0	0	0	0	0	0	0	0	0	0	0	0	0	0	0	0	0	0	0	0	0	0	0	0	0	0	0	0	0	0	0.0	0.0	0.0	0.0	3.0e-6	0.0	0.0	0.0	0.0	0.0	0.0	0.0	0.0	1.0	0.0	0.0	0.0	0.0	
107	107	4071.768860782	2514.95	2514.95	0.041288	0.0	0	0	0	0	105	0	0	0	0	0.0	0.0	0.0	0.0	0.003513	0.0	0.0	0.0	0.0	0.0	0.0	0.0	0.0	3870.65	0.0	0.0	0.0	0.0	0.0	0.0	0.0	0.0	36.8633	0.0	0.0	0.0	0.0	0	0	0	0	34	0	0	0	0	0	0	0	0	0	0	0	0	0	0	0	0	0	71	0	0	0	0	0	0	0	0	0	0	0	0	0	0	0	0	0	0	0	0	0	0	0	0	0	0	0	0	0	0	0	0.0	0.0	0.0	0.0	3.0e-6	0.0	0.0	0.0	0.0	0.0	0.0	0.0	0.0	1.0	0.0	0.0	0.0	0.0	
108	108	4083.693216184	2514.95	2514.95	0.039809	0.0	0	0	0	0	106	0	0	0	0	0.0	0.0	0.0	0.0	0.003162	0.0	0.0	0.0	0.0	0.0	0.0	0.0	0.0	3882.57	0.0	0.0	0.0	0.0	0.0	0.0	0.0	0.0	36.628	0.0	0.0	0.0	0.0	0	0	0	0	34	0	0	0	0	0	0	0	0	0	0	0	0	0	0	0	0	0	72	0	0	0	0	0	0	0	0	0	0	0	0	0	0	0	0	0	0	0	0	0	0	0	0	0	0	0	0	0	0	0	0.0	0.0	0.0	0.0	2.0e-6	0.0	0.0	0.0	0.0	0.0	0.0	0.0	0.0	1.0	0.0	0.0	0.0	0.0	
109	109	4170.539990781	2514.95	2514.95	0.038907	0.0	0	0	0	0	107	0	0	0	0	0.0	0.0	0.0	0.0	0.002846	0.0	0.0	0.0	0.0	0.0	0.0	0.0	0.0	3969.42	0.0	0.0	0.0	0.0	0.0	0.0	0.0	0.0	37.0974	0.0	0.0	0.0	0.0	0	0	0	0	34	0	0	0	0	0	0	0	0	0	0	0	0	0	0	0	0	0	73	0	0	0	0	0	0	0	0	0	0	0	0	0	0	0	0	0	0	0	0	0	0	0	0	0	0	0	0	0	0	0	0.0	0.0	0.0	0.0	2.0e-6	0.0	0.0	0.0	0.0	0.0	0.0	0.0	0.0	1.0	0.0	0.0	0.0	0.0	
110	110	4194.114267646	2514.95	2514.95	0.032924	0.0	0	0	0	0	108	0	0	0	0	0.0	0.0	0.0	0.0	0.002561	0.0	0.0	0.0	0.0	0.0	0.0	0.0	0.0	3992.99	0.0	0.0	0.0	0.0	0.0	0.0	0.0	0.0	36.9722	0.0	0.0	0.0	0.0	0	0	0	0	34	0	0	0	0	0	0	0	0	0	0	0	0	0	0	0	0	0	74	0	0	0	0	0	0	0	0	0	0	0	0	0	0	0	0	0	0	0	0	0	0	0	0	0	0	0	0	0	0	0	0.0	0.0	0.0	0.0	2.0e-6	0.0	0.0	0.0	0.0	0.0	0.0	0.0	0.0	1.0	0.0	0.0	0.0	0.0	
111	111	4200.337640693	2514.95	2514.95	0.031464	0.0	0	0	0	0	109	0	0	0	0	0.0	0.0	0.0	0.0	0.002305	0.0	0.0	0.0	0.0	0.0	0.0	0.0	0.0	3999.22	0.0	0.0	0.0	0.0	0.0	0.0	0.0	0.0	36.6901	0.0	0.0	0.0	0.0	0	0	0	0	34	0	0	0	0	0	0	0	0	0	0	0	0	0	0	0	0	0	75	0	0	0	0	0	0	0	0	0	0	0	0	0	0	0	0	0	0	0	0	0	0	0	0	0	0	0	0	0	0	0	0.0	0.0	0.0	0.0	2.0e-6	0.0	0.0	0.0	0.0	0.0	0.0	0.0	0.0	1.0	0.0	0.0	0.0	0.0	
112	112	4295.540290417	2514.95	2514.95	0.03109	0.0	0	0	0	0	110	0	0	0	0	0.0	0.0	0.0	0.0	0.002075	0.0	0.0	0.0	0.0	0.0	0.0	0.0	0.0	4094.42	0.0	0.0	0.0	0.0	0.0	0.0	0.0	0.0	37.222	0.0	0.0	0.0	0.0	0	0	0	0	34	0	0	0	0	0	0	0	0	0	0	0	0	0	0	0	0	0	76	0	0	0	0	0	0	0	0	0	0	0	0	0	0	0	0	0	0	0	0	0	0	0	0	0	0	0	0	0	0	0	0.0	0.0	0.0	0.0	1.0e-6	0.0	0.0	0.0	0.0	0.0	0.0	0.0	0.0	1.0	0.0	0.0	0.0	0.0	
113	113	4301.858672207	2514.95	2514.95	0.02589	0.0	0	0	0	0	111	0	0	0	0	0.0	0.0	0.0	0.0	0.001867	0.0	0.0	0.0	0.0	0.0	0.0	0.0	0.0	4100.74	0.0	0.0	0.0	0.0	0.0	0.0	0.0	0.0	36.9436	0.0	0.0	0.0	0.0	0	0	0	0	34	0	0	0	0	0	0	0	0	0	0	0	0	0	0	0	0	0	77	0	0	0	0	0	0	0	0	0	0	0	0	0	0	0	0	0	0	0	0	0	0	0	0	0	0	0	0	0	0	0	0.0	0.0	0.0	0.0	1.0e-6	0.0	0.0	0.0	0.0	0.0	0.0	0.0	0.0	1.0	0.0	0.0	0.0	0.0	
114	114	4311.073572604	2514.95	2514.95	0.025577	0.0	0	0	0	0	112	0	0	0	0	0.0	0.0	0.0	0.0	0.00168	0.0	0.0	0.0	0.0	0.0	0.0	0.0	0.0	4109.95	0.0	0.0	0.0	0.0	0.0	0.0	0.0	0.0	36.696	0.0	0.0	0.0	0.0	0	0	0	0	34	0	0	0	0	0	0	0	0	0	0	0	0	0	0	0	0	0	78	0	0	0	0	0	0	0	0	0	0	0	0	0	0	0	0	0	0	0	0	0	0	0	0	0	0	0	0	0	0	0	0.0	0.0	0.0	0.0	1.0e-6	0.0	0.0	0.0	0.0	0.0	0.0	0.0	0.0	1.0	0.0	0.0	0.0	0.0	
115	115	4316.836158582	2514.95	2514.95	0.025128	0.0	0	0	0	0	113	0	0	0	0	0.0	0.0	0.0	0.0	0.001512	0.0	0.0	0.0	0.0	0.0	0.0	0.0	0.0	4115.71	0.0	0.0	0.0	0.0	0.0	0.0	0.0	0.0	36.4223	0.0	0.0	0.0	0.0	0	0	0	0	34	0	0	0	0	0	0	0	0	0	0	0	0	0	0	0	0	0	79	0	0	0	0	0	0	0	0	0	0	0	0	0	0	0	0	0	0	0	0	0	0	0	0	0	0	0	0	0	0	0	0.0	0.0	0.0	0.0	1.0e-6	0.0	0.0	0.0	0.0	0.0	0.0	0.0	0.0	1.0	0.0	0.0	0.0	0.0	
116	116	4496.88497184	2514.95	2514.95	0.024851	0.0	0	0	0	0	114	0	0	0	0	0.0	0.0	0.0	0.0	0.001361	0.0	0.0	0.0	0.0	0.0	0.0	0.0	0.0	4295.76	0.0	0.0	0.0	0.0	0.0	0.0	0.0	0.0	37.6821	0.0	0.0	0.0	0.0	0	0	0	0	34	0	0	0	0	0	0	0	0	0	0	0	0	0	0	0	0	0	80	0	0	0	0	0	0	0	0	0	0	0	0	0	0	0	0	0	0	0	0	0	0	0	0	0	0	0	0	0	0	0	0.0	0.0	0.0	0.0	1.0e-6	0.0	0.0	0.0	0.0	0.0	0.0	0.0	0.0	1.0	0.0	0.0	0.0	0.0	
117	117	4501.521262406	2514.95	2514.95	0.017579	0.0	0	0	0	0	115	0	0	0	0	0.0	0.0	0.0	0.0	0.001225	0.0	0.0	0.0	0.0	0.0	0.0	0.0	0.0	4300.4	0.0	0.0	0.0	0.0	0.0	0.0	0.0	0.0	37.3948	0.0	0.0	0.0	0.0	0	0	0	0	34	0	0	0	0	0	0	0	0	0	0	0	0	0	0	0	0	0	81	0	0	0	0	0	0	0	0	0	0	0	0	0	0	0	0	0	0	0	0	0	0	0	0	0	0	0	0	0	0	0	0.0	0.0	0.0	0.0	1.0e-6	0.0	0.0	0.0	0.0	0.0	0.0	0.0	0.0	1.0	0.0	0.0	0.0	0.0	
118	118	4522.80483416	2514.95	2514.95	0.017423	0.0	0	0	0	0	116	0	0	0	0	0.0	0.0	0.0	0.0	0.001103	0.0	0.0	0.0	0.0	0.0	0.0	0.0	0.0	4321.68	0.0	0.0	0.0	0.0	0.0	0.0	0.0	0.0	37.2559	0.0	0.0	0.0	0.0	0	0	0	0	34	0	0	0	0	0	0	0	0	0	0	0	0	0	0	0	0	0	82	0	0	0	0	0	0	0	0	0	0	0	0	0	0	0	0	0	0	0	0	0	0	0	0	0	0	0	0	0	0	0	0.0	0.0	0.0	0.0	1.0e-6	0.0	0.0	0.0	0.0	0.0	0.0	0.0	0.0	1.0	0.0	0.0	0.0	0.0	
119	119	4542.220680069	2514.95	2514.95	0.016725	0.0	0	0	0	0	117	0	0	0	0	0.0	0.0	0.0	0.0	0.000992	0.0	0.0	0.0	0.0	0.0	0.0	0.0	0.0	4341.1	0.0	0.0	0.0	0.0	0.0	0.0	0.0	0.0	37.1034	0.0	0.0	0.0	0.0	0	0	0	0	34	0	0	0	0	0	0	0	0	0	0	0	0	0	0	0	0	0	83	0	0	0	0	0	0	0	0	0	0	0	0	0	0	0	0	0	0	0	0	0	0	0	0	0	0	0	0	0	0	0	0.0	0.0	0.0	0.0	1.0e-6	0.0	0.0	0.0	0.0	0.0	0.0	0.0	0.0	1.0	0.0	0.0	0.0	0.0	
120	120	4554.061289778	2514.95	2514.95	0.016112	0.0	0	0	0	0	118	0	0	0	0	0.0	0.0	0.0	0.0	0.000893	0.0	0.0	0.0	0.0	0.0	0.0	0.0	0.0	4352.94	0.0	0.0	0.0	0.0	0.0	0.0	0.0	0.0	36.8893	0.0	0.0	0.0	0.0	0	0	0	0	34	0	0	0	0	0	0	0	0	0	0	0	0	0	0	0	0	0	84	0	0	0	0	0	0	0	0	0	0	0	0	0	0	0	0	0	0	0	0	0	0	0	0	0	0	0	0	0	0	0	0.0	0.0	0.0	0.0	1.0e-6	0.0	0.0	0.0	0.0	0.0	0.0	0.0	0.0	1.0	0.0	0.0	0.0	0.0	
121	121	4559.820497807	2514.95	2514.95	0.015749	0.0	0	0	0	0	119	0	0	0	0	0.0	0.0	0.0	0.0	0.000804	0.0	0.0	0.0	0.0	0.0	0.0	0.0	0.0	4358.7	0.0	0.0	0.0	0.0	0.0	0.0	0.0	0.0	36.6277	0.0	0.0	0.0	0.0	0	0	0	0	34	0	0	0	0	0	0	0	0	0	0	0	0	0	0	0	0	0	85	0	0	0	0	0	0	0	0	0	0	0	0	0	0	0	0	0	0	0	0	0	0	0	0	0	0	0	0	0	0	0	0.0	0.0	0.0	0.0	1.0e-6	0.0	0.0	0.0	0.0	0.0	0.0	0.0	0.0	1.0	0.0	0.0	0.0	0.0	
122	122	4563.905822841	2514.95	2514.95	0.015576	0.0	0	0	0	0	120	0	0	0	0	0.0	0.0	0.0	0.0	0.000723	0.0	0.0	0.0	0.0	0.0	0.0	0.0	0.0	4362.78	0.0	0.0	0.0	0.0	0.0	0.0	0.0	0.0	36.3565	0.0	0.0	0.0	0.0	0	0	0	0	34	0	0	0	0	0	0	0	0	0	0	0	0	0	0	0	0	0	86	0	0	0	0	0	0	0	0	0	0	0	0	0	0	0	0	0	0	0	0	0	0	0	0	0	0	0	0	0	0	0	0.0	0.0	0.0	0.0	1.0e-6	0.0	0.0	0.0	0.0	0.0	0.0	0.0	0.0	1.0	0.0	0.0	0.0	0.0	
123	123	4568.633106544	2514.95	2514.95	0.015454	0.0	0	0	0	0	121	0	0	0	0	0.0	0.0	0.0	0.0	0.000651	0.0	0.0	0.0	0.0	0.0	0.0	0.0	0.0	4367.51	0.0	0.0	0.0	0.0	0.0	0.0	0.0	0.0	36.0951	0.0	0.0	0.0	0.0	0	0	0	0	34	0	0	0	0	0	0	0	0	0	0	0	0	0	0	0	0	0	87	0	0	0	0	0	0	0	0	0	0	0	0	0	0	0	0	0	0	0	0	0	0	0	0	0	0	0	0	0	0	0	0.0	0.0	0.0	0.0	0.0	0.0	0.0	0.0	0.0	0.0	0.0	0.0	0.0	1.0	0.0	0.0	0.0	0.0	
124	124	4748.66318993	2514.95	2514.95	0.015314	0.0	0	0	0	0	122	0	0	0	0	0.0	0.0	0.0	0.0	0.000586	0.0	0.0	0.0	0.0	0.0	0.0	0.0	0.0	4547.54	0.0	0.0	0.0	0.0	0.0	0.0	0.0	0.0	37.2749	0.0	0.0	0.0	0.0	0	0	0	0	34	0	0	0	0	0	0	0	0	0	0	0	0	0	0	0	0	0	88	0	0	0	0	0	0	0	0	0	0	0	0	0	0	0	0	0	0	0	0	0	0	0	0	0	0	0	0	0	0	0	0.0	0.0	0.0	0.0	0.0	0.0	0.0	0.0	0.0	0.0	0.0	0.0	0.0	1.0	0.0	0.0	0.0	0.0	
125	125	4824.690919538	2514.95	2514.95	0.010833	0.0	0	0	0	0	123	0	0	0	0	0.0	0.0	0.0	0.0	0.000527	0.0	0.0	0.0	0.0	0.0	0.0	0.0	0.0	4623.57	0.0	0.0	0.0	0.0	0.0	0.0	0.0	0.0	37.59	0.0	0.0	0.0	0.0	0	0	0	0	34	0	0	0	0	0	0	0	0	0	0	0	0	0	0	0	0	0	89	0	0	0	0	0	0	0	0	0	0	0	0	0	0	0	0	0	0	0	0	0	0	0	0	0	0	0	0	0	0	0	0.0	0.0	0.0	0.0	0.0	0.0	0.0	0.0	0.0	0.0	0.0	0.0	0.0	1.0	0.0	0.0	0.0	0.0	
126	126	4896.865309744	2514.95	2514.95	0.00936	0.0	0	0	0	0	124	0	0	0	0	0.0	0.0	0.0	0.0	0.000475	0.0	0.0	0.0	0.0	0.0	0.0	0.0	0.0	4695.74	0.0	0.0	0.0	0.0	0.0	0.0	0.0	0.0	37.8689	0.0	0.0	0.0	0.0	0	0	0	0	34	0	0	0	0	0	0	0	0	0	0	0	0	0	0	0	0	0	90	0	0	0	0	0	0	0	0	0	0	0	0	0	0	0	0	0	0	0	0	0	0	0	0	0	0	0	0	0	0	0	0.0	0.0	0.0	0.0	0.0	0.0	0.0	0.0	0.0	0.0	0.0	0.0	0.0	1.0	0.0	0.0	0.0	0.0	
127	127	4967.057442501	2514.95	2514.95	0.008147	0.0	0	0	0	0	125	0	0	0	0	0.0	0.0	0.0	0.0	0.000427	0.0	0.0	0.0	0.0	0.0	0.0	0.0	0.0	4765.94	0.0	0.0	0.0	0.0	0.0	0.0	0.0	0.0	38.1275	0.0	0.0	0.0	0.0	0	0	0	0	34	0	0	0	0	0	0	0	0	0	0	0	0	0	0	0	0	0	91	0	0	0	0	0	0	0	0	0	0	0	0	0	0	0	0	0	0	0	0	0	0	0	0	0	0	0	0	0	0	0	0.0	0.0	0.0	0.0	0.0	0.0	0.0	0.0	0.0	0.0	0.0	0.0	0.0	1.0	0.0	0.0	0.0	0.0	
128	128	4980.227799938	2514.95	2514.95	0.007119	0.0	0	0	0	0	126	0	0	0	0	0.0	0.0	0.0	0.0	0.000384	0.0	0.0	0.0	0.0	0.0	0.0	0.0	0.0	4779.11	0.0	0.0	0.0	0.0	0.0	0.0	0.0	0.0	37.9294	0.0	0.0	0.0	0.0	0	0	0	0	34	0	0	0	0	0	0	0	0	0	0	0	0	0	0	0	0	0	92	0	0	0	0	0	0	0	0	0	0	0	0	0	0	0	0	0	0	0	0	0	0	0	0	0	0	0	0	0	0	0	0.0	0.0	0.0	0.0	0.0	0.0	0.0	0.0	0.0	0.0	0.0	0.0	0.0	1.0	0.0	0.0	0.0	0.0	
129	129	5041.409729617	2514.95	2514.95	0.006941	0.0	0	0	0	0	127	0	0	0	0	0.0	0.0	0.0	0.0	0.000346	0.0	0.0	0.0	0.0	0.0	0.0	0.0	0.0	4840.29	0.0	0.0	0.0	0.0	0.0	0.0	0.0	0.0	38.1125	0.0	0.0	0.0	0.0	0	0	0	0	34	0	0	0	0	0	0	0	0	0	0	0	0	0	0	0	0	0	93	0	0	0	0	0	0	0	0	0	0	0	0	0	0	0	0	0	0	0	0	0	0	0	0	0	0	0	0	0	0	0	0.0	0.0	0.0	0.0	0.0	0.0	0.0	0.0	0.0	0.0	0.0	0.0	0.0	1.0	0.0	0.0	0.0	0.0	
130	130	5112.559305096	2514.95	2514.95	0.00617	0.0	0	0	0	0	128	0	0	0	0	0.0	0.0	0.0	0.0	0.000311	0.0	0.0	0.0	0.0	0.0	0.0	0.0	0.0	4911.44	0.0	0.0	0.0	0.0	0.0	0.0	0.0	0.0	38.3706	0.0	0.0	0.0	0.0	0	0	0	0	34	0	0	0	0	0	0	0	0	0	0	0	0	0	0	0	0	0	94	0	0	0	0	0	0	0	0	0	0	0	0	0	0	0	0	0	0	0	0	0	0	0	0	0	0	0	0	0	0	0	0.0	0.0	0.0	0.0	0.0	0.0	0.0	0.0	0.0	0.0	0.0	0.0	0.0	1.0	0.0	0.0	0.0	0.0	
131	131	5119.426218454	2514.95	2514.95	0.005381	0.0	0	0	0	0	129	0	0	0	0	0.0	0.0	0.0	0.0	0.00028	0.0	0.0	0.0	0.0	0.0	0.0	0.0	0.0	4918.3	0.0	0.0	0.0	0.0	0.0	0.0	0.0	0.0	38.1264	0.0	0.0	0.0	0.0	0	0	0	0	34	0	0	0	0	0	0	0	0	0	0	0	0	0	0	0	0	0	95	0	0	0	0	0	0	0	0	0	0	0	0	0	0	0	0	0	0	0	0	0	0	0	0	0	0	0	0	0	0	0	0.0	0.0	0.0	0.0	0.0	0.0	0.0	0.0	0.0	0.0	0.0	0.0	0.0	1.0	0.0	0.0	0.0	0.0	
132	132	5122.845188088	2514.95	2514.95	0.005311	0.0	0	0	0	0	130	0	0	0	0	0.0	0.0	0.0	0.0	0.000252	0.0	0.0	0.0	0.0	0.0	0.0	0.0	0.0	4921.72	0.0	0.0	0.0	0.0	0.0	0.0	0.0	0.0	37.8594	0.0	0.0	0.0	0.0	0	0	0	0	34	0	0	0	0	0	0	0	0	0	0	0	0	0	0	0	0	0	96	0	0	0	0	0	0	0	0	0	0	0	0	0	0	0	0	0	0	0	0	0	0	0	0	0	0	0	0	0	0	0	0.0	0.0	0.0	0.0	0.0	0.0	0.0	0.0	0.0	0.0	0.0	0.0	0.0	1.0	0.0	0.0	0.0	0.0	
133	133	5136.800063794	2514.95	2514.95	0.005276	0.0	0	0	0	0	131	0	0	0	0	0.0	0.0	0.0	0.0	0.000227	0.0	0.0	0.0	0.0	0.0	0.0	0.0	0.0	4935.68	0.0	0.0	0.0	0.0	0.0	0.0	0.0	0.0	37.6769	0.0	0.0	0.0	0.0	0	0	0	0	34	0	0	0	0	0	0	0	0	0	0	0	0	0	0	0	0	0	97	0	0	0	0	0	0	0	0	0	0	0	0	0	0	0	0	0	0	0	0	0	0	0	0	0	0	0	0	0	0	0	0.0	0.0	0.0	0.0	0.0	0.0	0.0	0.0	0.0	0.0	0.0	0.0	0.0	1.0	0.0	0.0	0.0	0.0	
134	134	5216.864611176	2514.95	2514.95	0.005136	0.0	0	0	0	0	132	0	0	0	0	0.0	0.0	0.0	0.0	0.000204	0.0	0.0	0.0	0.0	0.0	0.0	0.0	0.0	5015.74	0.0	0.0	0.0	0.0	0.0	0.0	0.0	0.0	37.998	0.0	0.0	0.0	0.0	0	0	0	0	34	0	0	0	0	0	0	0	0	0	0	0	0	0	0	0	0	0	98	0	0	0	0	0	0	0	0	0	0	0	0	0	0	0	0	0	0	0	0	0	0	0	0	0	0	0	0	0	0	0	0.0	0.0	0.0	0.0	0.0	0.0	0.0	0.0	0.0	0.0	0.0	0.0	0.0	1.0	0.0	0.0	0.0	0.0	
135	135	5221.788073375	2514.95	2514.95	0.004404	0.0	0	0	0	0	133	0	0	0	0	0.0	0.0	0.0	0.0	0.000184	0.0	0.0	0.0	0.0	0.0	0.0	0.0	0.0	5020.67	0.0	0.0	0.0	0.0	0.0	0.0	0.0	0.0	37.7494	0.0	0.0	0.0	0.0	0	0	0	0	34	0	0	0	0	0	0	0	0	0	0	0	0	0	0	0	0	0	99	0	0	0	0	0	0	0	0	0	0	0	0	0	0	0	0	0	0	0	0	0	0	0	0	0	0	0	0	0	0	0	0.0	0.0	0.0	0.0	0.0	0.0	0.0	0.0	0.0	0.0	0.0	0.0	0.0	1.0	0.0	0.0	0.0	0.0	
136	136	5243.666158724	2514.95	2514.95	0.004362	0.0	0	0	0	0	134	0	0	0	0	0.0	0.0	0.0	0.0	0.000165	0.0	0.0	0.0	0.0	0.0	0.0	0.0	0.0	5042.54	0.0	0.0	0.0	0.0	0.0	0.0	0.0	0.0	37.6309	0.0	0.0	0.0	0.0	0	0	0	0	34	0	0	0	0	0	0	0	0	0	0	0	0	0	0	0	0	0	100	0	0	0	0	0	0	0	0	0	0	0	0	0	0	0	0	0	0	0	0	0	0	0	0	0	0	0	0	0	0	0	0.0	0.0	0.0	0.0	0.0	0.0	0.0	0.0	0.0	0.0	0.0	0.0	0.0	1.0	0.0	0.0	0.0	0.0	
137	137	5249.338762582	2514.95	2514.95	0.004182	0.0	0	0	0	0	135	0	0	0	0	0.0	0.0	0.0	0.0	0.000149	0.0	0.0	0.0	0.0	0.0	0.0	0.0	0.0	5048.22	0.0	0.0	0.0	0.0	0.0	0.0	0.0	0.0	37.3942	0.0	0.0	0.0	0.0	0	0	0	0	34	0	0	0	0	0	0	0	0	0	0	0	0	0	0	0	0	0	101	0	0	0	0	0	0	0	0	0	0	0	0	0	0	0	0	0	0	0	0	0	0	0	0	0	0	0	0	0	0	0	0.0	0.0	0.0	0.0	0.0	0.0	0.0	0.0	0.0	0.0	0.0	0.0	0.0	1.0	0.0	0.0	0.0	0.0	
138	138	5258.947236099	2514.95	2514.95	0.004137	0.0	0	0	0	0	136	0	0	0	0	0.0	0.0	0.0	0.0	0.000134	0.0	0.0	0.0	0.0	0.0	0.0	0.0	0.0	5057.83	0.0	0.0	0.0	0.0	0.0	0.0	0.0	0.0	37.1899	0.0	0.0	0.0	0.0	0	0	0	0	34	0	0	0	0	0	0	0	0	0	0	0	0	0	0	0	0	0	102	0	0	0	0	0	0	0	0	0	0	0	0	0	0	0	0	0	0	0	0	0	0	0	0	0	0	0	0	0	0	0	0.0	0.0	0.0	0.0	0.0	0.0	0.0	0.0	0.0	0.0	0.0	0.0	0.0	1.0	0.0	0.0	0.0	0.0	
139	139	5273.249597686	2514.95	2514.95	0.004061	0.0	0	0	0	0	137	0	0	0	0	0.0	0.0	0.0	0.0	0.000121	0.0	0.0	0.0	0.0	0.0	0.0	0.0	0.0	5072.13	0.0	0.0	0.0	0.0	0.0	0.0	0.0	0.0	37.0228	0.0	0.0	0.0	0.0	0	0	0	0	34	0	0	0	0	0	0	0	0	0	0	0	0	0	0	0	0	0	103	0	0	0	0	0	0	0	0	0	0	0	0	0	0	0	0	0	0	0	0	0	0	0	0	0	0	0	0	0	0	0	0.0	0.0	0.0	0.0	0.0	0.0	0.0	0.0	0.0	0.0	0.0	0.0	0.0	1.0	0.0	0.0	0.0	0.0	
140	140	5284.771883505	2514.95	2514.95	0.003951	0.0	0	0	0	0	138	0	0	0	0	0.0	0.0	0.0	0.0	0.000109	0.0	0.0	0.0	0.0	0.0	0.0	0.0	0.0	5083.65	0.0	0.0	0.0	0.0	0.0	0.0	0.0	0.0	36.838	0.0	0.0	0.0	0.0	0	0	0	0	34	0	0	0	0	0	0	0	0	0	0	0	0	0	0	0	0	0	104	0	0	0	0	0	0	0	0	0	0	0	0	0	0	0	0	0	0	0	0	0	0	0	0	0	0	0	0	0	0	0	0.0	0.0	0.0	0.0	0.0	0.0	0.0	0.0	0.0	0.0	0.0	0.0	0.0	1.0	0.0	0.0	0.0	0.0	
141	141	5290.493829075	2514.95	2514.95	0.003865	0.0	0	0	0	0	139	0	0	0	0	0.0	0.0	0.0	0.0	9.8e-5	0.0	0.0	0.0	0.0	0.0	0.0	0.0	0.0	5089.37	0.0	0.0	0.0	0.0	0.0	0.0	0.0	0.0	36.6142	0.0	0.0	0.0	0.0	0	0	0	0	34	0	0	0	0	0	0	0	0	0	0	0	0	0	0	0	0	0	105	0	0	0	0	0	0	0	0	0	0	0	0	0	0	0	0	0	0	0	0	0	0	0	0	0	0	0	0	0	0	0	0.0	0.0	0.0	0.0	0.0	0.0	0.0	0.0	0.0	0.0	0.0	0.0	0.0	1.0	0.0	0.0	0.0	0.0	
142	142	5323.153968324	2514.95	2514.95	0.003822	0.0	0	0	0	0	140	0	0	0	0	0.0	0.0	0.0	0.0	8.8e-5	0.0	0.0	0.0	0.0	0.0	0.0	0.0	0.0	5122.03	0.0	0.0	0.0	0.0	0.0	0.0	0.0	0.0	36.5859	0.0	0.0	0.0	0.0	0	0	0	0	34	0	0	0	0	0	0	0	0	0	0	0	0	0	0	0	0	0	106	0	0	0	0	0	0	0	0	0	0	0	0	0	0	0	0	0	0	0	0	0	0	0	0	0	0	0	0	0	0	0	0.0	0.0	0.0	0.0	0.0	0.0	0.0	0.0	0.0	0.0	0.0	0.0	0.0	1.0	0.0	0.0	0.0	0.0	
143	143	5328.925891547	2514.95	2514.95	0.00359	0.0	0	0	0	0	141	0	0	0	0	0.0	0.0	0.0	0.0	7.9e-5	0.0	0.0	0.0	0.0	0.0	0.0	0.0	0.0	5127.8	0.0	0.0	0.0	0.0	0.0	0.0	0.0	0.0	36.3674	0.0	0.0	0.0	0.0	0	0	0	0	34	0	0	0	0	0	0	0	0	0	0	0	0	0	0	0	0	0	107	0	0	0	0	0	0	0	0	0	0	0	0	0	0	0	0	0	0	0	0	0	0	0	0	0	0	0	0	0	0	0	0.0	0.0	0.0	0.0	0.0	0.0	0.0	0.0	0.0	0.0	0.0	0.0	0.0	1.0	0.0	0.0	0.0	0.0	
144	144	5440.051203183	2514.95	2514.95	0.00355	0.0	0	0	0	0	142	0	0	0	0	0.0	0.0	0.0	0.0	7.1e-5	0.0	0.0	0.0	0.0	0.0	0.0	0.0	0.0	5238.93	0.0	0.0	0.0	0.0	0.0	0.0	0.0	0.0	36.8939	0.0	0.0	0.0	0.0	0	0	0	0	34	0	0	0	0	0	0	0	0	0	0	0	0	0	0	0	0	0	108	0	0	0	0	0	0	0	0	0	0	0	0	0	0	0	0	0	0	0	0	0	0	0	0	0	0	0	0	0	0	0	0.0	0.0	0.0	0.0	0.0	0.0	0.0	0.0	0.0	0.0	0.0	0.0	0.0	1.0	0.0	0.0	0.0	0.0	
145	145	5444.529118141	2514.95	2514.95	0.002867	0.0	0	0	0	0	143	0	0	0	0	0.0	0.0	0.0	0.0	6.4e-5	0.0	0.0	0.0	0.0	0.0	0.0	0.0	0.0	5243.41	0.0	0.0	0.0	0.0	0.0	0.0	0.0	0.0	36.6672	0.0	0.0	0.0	0.0	0	0	0	0	34	0	0	0	0	0	0	0	0	0	0	0	0	0	0	0	0	0	109	0	0	0	0	0	0	0	0	0	0	0	0	0	0	0	0	0	0	0	0	0	0	0	0	0	0	0	0	0	0	0	0.0	0.0	0.0	0.0	0.0	0.0	0.0	0.0	0.0	0.0	0.0	0.0	0.0	1.0	0.0	0.0	0.0	0.0	
146	146	5458.06383314	2514.95	2514.95	0.002842	0.0	0	0	0	0	144	0	0	0	0	0.0	0.0	0.0	0.0	5.8e-5	0.0	0.0	0.0	0.0	0.0	0.0	0.0	0.0	5256.94	0.0	0.0	0.0	0.0	0.0	0.0	0.0	0.0	36.5065	0.0	0.0	0.0	0.0	0	0	0	0	34	0	0	0	0	0	0	0	0	0	0	0	0	0	0	0	0	0	110	0	0	0	0	0	0	0	0	0	0	0	0	0	0	0	0	0	0	0	0	0	0	0	0	0	0	0	0	0	0	0	0.0	0.0	0.0	0.0	0.0	0.0	0.0	0.0	0.0	0.0	0.0	0.0	0.0	1.0	0.0	0.0	0.0	0.0	
147	147	5463.853763944	2514.95	2514.95	0.002769	0.0	0	0	0	0	145	0	0	0	0	0.0	0.0	0.0	0.0	5.2e-5	0.0	0.0	0.0	0.0	0.0	0.0	0.0	0.0	5262.73	0.0	0.0	0.0	0.0	0.0	0.0	0.0	0.0	36.2947	0.0	0.0	0.0	0.0	0	0	0	0	34	0	0	0	0	0	0	0	0	0	0	0	0	0	0	0	0	0	111	0	0	0	0	0	0	0	0	0	0	0	0	0	0	0	0	0	0	0	0	0	0	0	0	0	0	0	0	0	0	0	0.0	0.0	0.0	0.0	0.0	0.0	0.0	0.0	0.0	0.0	0.0	0.0	0.0	1.0	0.0	0.0	0.0	0.0	
148	148	5474.766151054	2514.95	2514.95	0.002739	0.0	0	0	0	0	146	0	0	0	0	0.0	0.0	0.0	0.0	4.7e-5	0.0	0.0	0.0	0.0	0.0	0.0	0.0	0.0	5273.64	0.0	0.0	0.0	0.0	0.0	0.0	0.0	0.0	36.1208	0.0	0.0	0.0	0.0	0	0	0	0	34	0	0	0	0	0	0	0	0	0	0	0	0	0	0	0	0	0	112	0	0	0	0	0	0	0	0	0	0	0	0	0	0	0	0	0	0	0	0	0	0	0	0	0	0	0	0	0	0	0	0.0	0.0	0.0	0.0	0.0	0.0	0.0	0.0	0.0	0.0	0.0	0.0	0.0	1.0	0.0	0.0	0.0	0.0	
149	149	5482.776598868	2514.95	2514.95	0.002682	0.0	0	0	0	0	147	0	0	0	0	0.0	0.0	0.0	0.0	4.2e-5	0.0	0.0	0.0	0.0	0.0	0.0	0.0	0.0	5281.65	0.0	0.0	0.0	0.0	0.0	0.0	0.0	0.0	35.9296	0.0	0.0	0.0	0.0	0	0	0	0	34	0	0	0	0	0	0	0	0	0	0	0	0	0	0	0	0	0	113	0	0	0	0	0	0	0	0	0	0	0	0	0	0	0	0	0	0	0	0	0	0	0	0	0	0	0	0	0	0	0	0.0	0.0	0.0	0.0	0.0	0.0	0.0	0.0	0.0	0.0	0.0	0.0	0.0	1.0	0.0	0.0	0.0	0.0	
150	150	5488.697932048	2514.95	2514.95	0.002641	0.0	0	0	0	0	148	0	0	0	0	0.0	0.0	0.0	0.0	3.8e-5	0.0	0.0	0.0	0.0	0.0	0.0	0.0	0.0	5287.58	0.0	0.0	0.0	0.0	0.0	0.0	0.0	0.0	35.7269	0.0	0.0	0.0	0.0	0	0	0	0	34	0	0	0	0	0	0	0	0	0	0	0	0	0	0	0	0	0	114	0	0	0	0	0	0	0	0	0	0	0	0	0	0	0	0	0	0	0	0	0	0	0	0	0	0	0	0	0	0	0	0.0	0.0	0.0	0.0	0.0	0.0	0.0	0.0	0.0	0.0	0.0	0.0	0.0	1.0	0.0	0.0	0.0	0.0	
151	151	5493.322797308	2514.95	2514.95	0.002611	0.0	0	0	0	0	149	0	0	0	0	0.0	0.0	0.0	0.0	3.4e-5	0.0	0.0	0.0	0.0	0.0	0.0	0.0	0.0	5292.2	0.0	0.0	0.0	0.0	0.0	0.0	0.0	0.0	35.5181	0.0	0.0	0.0	0.0	0	0	0	0	34	0	0	0	0	0	0	0	0	0	0	0	0	0	0	0	0	0	115	0	0	0	0	0	0	0	0	0	0	0	0	0	0	0	0	0	0	0	0	0	0	0	0	0	0	0	0	0	0	0	0.0	0.0	0.0	0.0	0.0	0.0	0.0	0.0	0.0	0.0	0.0	0.0	0.0	1.0	0.0	0.0	0.0	0.0	
152	152	5497.807085735	2514.95	2514.95	0.002588	0.0	0	0	0	0	150	0	0	0	0	0.0	0.0	0.0	0.0	3.1e-5	0.0	0.0	0.0	0.0	0.0	0.0	0.0	0.0	5296.68	0.0	0.0	0.0	0.0	0.0	0.0	0.0	0.0	35.3112	0.0	0.0	0.0	0.0	0	0	0	0	34	0	0	0	0	0	0	0	0	0	0	0	0	0	0	0	0	0	116	0	0	0	0	0	0	0	0	0	0	0	0	0	0	0	0	0	0	0	0	0	0	0	0	0	0	0	0	0	0	0	0.0	0.0	0.0	0.0	0.0	0.0	0.0	0.0	0.0	0.0	0.0	0.0	0.0	1.0	0.0	0.0	0.0	0.0	
153	153	5503.736785816	2514.95	2514.95	0.002566	0.0	0	0	0	0	151	0	0	0	0	0.0	0.0	0.0	0.0	2.8e-5	0.0	0.0	0.0	0.0	0.0	0.0	0.0	0.0	5302.61	0.0	0.0	0.0	0.0	0.0	0.0	0.0	0.0	35.1167	0.0	0.0	0.0	0.0	0	0	0	0	34	0	0	0	0	0	0	0	0	0	0	0	0	0	0	0	0	0	117	0	0	0	0	0	0	0	0	0	0	0	0	0	0	0	0	0	0	0	0	0	0	0	0	0	0	0	0	0	0	0	0.0	0.0	0.0	0.0	0.0	0.0	0.0	0.0	0.0	0.0	0.0	0.0	0.0	1.0	0.0	0.0	0.0	0.0	
154	154	5683.767288878	2514.95	2514.95	0.002537	0.0	0	0	0	0	152	0	0	0	0	0.0	0.0	0.0	0.0	2.5e-5	0.0	0.0	0.0	0.0	0.0	0.0	0.0	0.0	5482.64	0.0	0.0	0.0	0.0	0.0	0.0	0.0	0.0	36.07	0.0	0.0	0.0	0.0	0	0	0	0	34	0	0	0	0	0	0	0	0	0	0	0	0	0	0	0	0	0	118	0	0	0	0	0	0	0	0	0	0	0	0	0	0	0	0	0	0	0	0	0	0	0	0	0	0	0	0	0	0	0	0.0	0.0	0.0	0.0	0.0	0.0	0.0	0.0	0.0	0.0	0.0	0.0	0.0	1.0	0.0	0.0	0.0	0.0	
155	155	5690.284077258	2514.95	2514.95	0.001794	0.0	0	0	0	0	153	0	0	0	0	0.0	0.0	0.0	0.0	2.2e-5	0.0	0.0	0.0	0.0	0.0	0.0	0.0	0.0	5489.16	0.0	0.0	0.0	0.0	0.0	0.0	0.0	0.0	35.8769	0.0	0.0	0.0	0.0	0	0	0	0	34	0	0	0	0	0	0	0	0	0	0	0	0	0	0	0	0	0	119	0	0	0	0	0	0	0	0	0	0	0	0	0	0	0	0	0	0	0	0	0	0	0	0	0	0	0	0	0	0	0	0.0	0.0	0.0	0.0	0.0	0.0	0.0	0.0	0.0	0.0	0.0	0.0	0.0	1.0	0.0	0.0	0.0	0.0	
156	156	5694.576010491	2514.95	2514.95	0.001772	0.0	0	0	0	0	154	0	0	0	0	0.0	0.0	0.0	0.0	2.0e-5	0.0	0.0	0.0	0.0	0.0	0.0	0.0	0.0	5493.45	0.0	0.0	0.0	0.0	0.0	0.0	0.0	0.0	35.6718	0.0	0.0	0.0	0.0	0	0	0	0	34	0	0	0	0	0	0	0	0	0	0	0	0	0	0	0	0	0	120	0	0	0	0	0	0	0	0	0	0	0	0	0	0	0	0	0	0	0	0	0	0	0	0	0	0	0	0	0	0	0	0.0	0.0	0.0	0.0	0.0	0.0	0.0	0.0	0.0	0.0	0.0	0.0	0.0	1.0	0.0	0.0	0.0	0.0	
157	157	5874.625790459	2514.95	2514.95	0.001758	0.0	0	0	0	0	155	0	0	0	0	0.0	0.0	0.0	0.0	1.8e-5	0.0	0.0	0.0	0.0	0.0	0.0	0.0	0.0	5673.5	0.0	0.0	0.0	0.0	0.0	0.0	0.0	0.0	36.6032	0.0	0.0	0.0	0.0	0	0	0	0	34	0	0	0	0	0	0	0	0	0	0	0	0	0	0	0	0	0	121	0	0	0	0	0	0	0	0	0	0	0	0	0	0	0	0	0	0	0	0	0	0	0	0	0	0	0	0	0	0	0	0.0	0.0	0.0	0.0	0.0	0.0	0.0	0.0	0.0	0.0	0.0	0.0	0.0	1.0	0.0	0.0	0.0	0.0	
158	158	6054.684449945	2514.95	2514.95	0.001243	0.0	0	0	0	0	156	0	0	0	0	0.0	0.0	0.0	0.0	1.6e-5	0.0	0.0	0.0	0.0	0.0	0.0	0.0	0.0	5853.56	0.0	0.0	0.0	0.0	0.0	0.0	0.0	0.0	37.5228	0.0	0.0	0.0	0.0	0	0	0	0	34	0	0	0	0	0	0	0	0	0	0	0	0	0	0	0	0	0	122	0	0	0	0	0	0	0	0	0	0	0	0	0	0	0	0	0	0	0	0	0	0	0	0	0	0	0	0	0	0	0	0.0	0.0	0.0	0.0	0.0	0.0	0.0	0.0	0.0	0.0	0.0	0.0	0.0	1.0	0.0	0.0	0.0	0.0	
159	159	6058.627763201	2514.95	2514.95	0.000879	0.0	0	0	0	0	157	0	0	0	0	0.0	0.0	0.0	0.0	1.5e-5	0.0	0.0	0.0	0.0	0.0	0.0	0.0	0.0	5857.51	0.0	0.0	0.0	0.0	0.0	0.0	0.0	0.0	37.3089	0.0	0.0	0.0	0.0	0	0	0	0	34	0	0	0	0	0	0	0	0	0	0	0	0	0	0	0	0	0	123	0	0	0	0	0	0	0	0	0	0	0	0	0	0	0	0	0	0	0	0	0	0	0	0	0	0	0	0	0	0	0	0.0	0.0	0.0	0.0	0.0	0.0	0.0	0.0	0.0	0.0	0.0	0.0	0.0	1.0	0.0	0.0	0.0	0.0	
160	160	6073.401633128	2514.95	2514.95	0.000873	0.0	0	0	0	0	158	0	0	0	0	0.0	0.0	0.0	0.0	1.3e-5	0.0	0.0	0.0	0.0	0.0	0.0	0.0	0.0	5872.28	0.0	0.0	0.0	0.0	0.0	0.0	0.0	0.0	37.1663	0.0	0.0	0.0	0.0	0	0	0	0	34	0	0	0	0	0	0	0	0	0	0	0	0	0	0	0	0	0	124	0	0	0	0	0	0	0	0	0	0	0	0	0	0	0	0	0	0	0	0	0	0	0	0	0	0	0	0	0	0	0	0.0	0.0	0.0	0.0	0.0	0.0	0.0	0.0	0.0	0.0	0.0	0.0	0.0	1.0	0.0	0.0	0.0	0.0	
161	161	6077.157182513	2514.95	2514.95	0.000848	0.0	0	0	0	0	159	0	0	0	0	0.0	0.0	0.0	0.0	1.2e-5	0.0	0.0	0.0	0.0	0.0	0.0	0.0	0.0	5876.03	0.0	0.0	0.0	0.0	0.0	0.0	0.0	0.0	36.9562	0.0	0.0	0.0	0.0	0	0	0	0	34	0	0	0	0	0	0	0	0	0	0	0	0	0	0	0	0	0	125	0	0	0	0	0	0	0	0	0	0	0	0	0	0	0	0	0	0	0	0	0	0	0	0	0	0	0	0	0	0	0	0.0	0.0	0.0	0.0	0.0	0.0	0.0	0.0	0.0	0.0	0.0	0.0	0.0	1.0	0.0	0.0	0.0	0.0	
162	162	6157.4471641	2514.95	2514.95	0.000842	0.0	0	0	0	0	160	0	0	0	0	0.0	0.0	0.0	0.0	1.1e-5	0.0	0.0	0.0	0.0	0.0	0.0	0.0	0.0	5956.32	0.0	0.0	0.0	0.0	0.0	0.0	0.0	0.0	37.227	0.0	0.0	0.0	0.0	0	0	0	0	34	0	0	0	0	0	0	0	0	0	0	0	0	0	0	0	0	0	126	0	0	0	0	0	0	0	0	0	0	0	0	0	0	0	0	0	0	0	0	0	0	0	0	0	0	0	0	0	0	0	0.0	0.0	0.0	0.0	0.0	0.0	0.0	0.0	0.0	0.0	0.0	0.0	0.0	1.0	0.0	0.0	0.0	0.0	
163	163	6170.555511129	2514.95	2514.95	0.000722	0.0	0	0	0	0	161	0	0	0	0	0.0	0.0	0.0	0.0	1.0e-5	0.0	0.0	0.0	0.0	0.0	0.0	0.0	0.0	5969.43	0.0	0.0	0.0	0.0	0.0	0.0	0.0	0.0	37.0772	0.0	0.0	0.0	0.0	0	0	0	0	34	0	0	0	0	0	0	0	0	0	0	0	0	0	0	0	0	0	127	0	0	0	0	0	0	0	0	0	0	0	0	0	0	0	0	0	0	0	0	0	0	0	0	0	0	0	0	0	0	0	0.0	0.0	0.0	0.0	0.0	0.0	0.0	0.0	0.0	0.0	0.0	0.0	0.0	1.0	0.0	0.0	0.0	0.0	
164	164	6179.638751636	2514.95	2514.95	0.000704	0.0	0	0	0	0	162	0	0	0	0	0.0	0.0	0.0	0.0	9.0e-6	0.0	0.0	0.0	0.0	0.0	0.0	0.0	0.0	5978.52	0.0	0.0	0.0	0.0	0.0	0.0	0.0	0.0	36.9044	0.0	0.0	0.0	0.0	0	0	0	0	34	0	0	0	0	0	0	0	0	0	0	0	0	0	0	0	0	0	128	0	0	0	0	0	0	0	0	0	0	0	0	0	0	0	0	0	0	0	0	0	0	0	0	0	0	0	0	0	0	0	0.0	0.0	0.0	0.0	0.0	0.0	0.0	0.0	0.0	0.0	0.0	0.0	0.0	1.0	0.0	0.0	0.0	0.0	
165	165	6184.44219599	2514.95	2514.95	0.000692	0.0	0	0	0	0	163	0	0	0	0	0.0	0.0	0.0	0.0	8.0e-6	0.0	0.0	0.0	0.0	0.0	0.0	0.0	0.0	5983.32	0.0	0.0	0.0	0.0	0.0	0.0	0.0	0.0	36.7075	0.0	0.0	0.0	0.0	0	0	0	0	34	0	0	0	0	0	0	0	0	0	0	0	0	0	0	0	0	0	129	0	0	0	0	0	0	0	0	0	0	0	0	0	0	0	0	0	0	0	0	0	0	0	0	0	0	0	0	0	0	0	0.0	0.0	0.0	0.0	0.0	0.0	0.0	0.0	0.0	0.0	0.0	0.0	0.0	1.0	0.0	0.0	0.0	0.0	
166	166	6364.484896129	2514.95	2514.95	0.000685	0.0	0	0	0	0	164	0	0	0	0	0.0	0.0	0.0	0.0	7.0e-6	0.0	0.0	0.0	0.0	0.0	0.0	0.0	0.0	6163.36	0.0	0.0	0.0	0.0	0.0	0.0	0.0	0.0	37.5815	0.0	0.0	0.0	0.0	0	0	0	0	34	0	0	0	0	0	0	0	0	0	0	0	0	0	0	0	0	0	130	0	0	0	0	0	0	0	0	0	0	0	0	0	0	0	0	0	0	0	0	0	0	0	0	0	0	0	0	0	0	0	0.0	0.0	0.0	0.0	0.0	0.0	0.0	0.0	0.0	0.0	0.0	0.0	0.0	1.0	0.0	0.0	0.0	0.0	
167	167	6369.762017289	2514.95	2514.95	0.000485	0.0	0	0	0	0	165	0	0	0	0	0.0	0.0	0.0	0.0	6.0e-6	0.0	0.0	0.0	0.0	0.0	0.0	0.0	0.0	6168.64	0.0	0.0	0.0	0.0	0.0	0.0	0.0	0.0	37.3857	0.0	0.0	0.0	0.0	0	0	0	0	34	0	0	0	0	0	0	0	0	0	0	0	0	0	0	0	0	0	131	0	0	0	0	0	0	0	0	0	0	0	0	0	0	0	0	0	0	0	0	0	0	0	0	0	0	0	0	0	0	0	0.0	0.0	0.0	0.0	0.0	0.0	0.0	0.0	0.0	0.0	0.0	0.0	0.0	1.0	0.0	0.0	0.0	0.0	
168	168	6455.805410662	2514.95	2514.95	0.00048	0.0	0	0	0	0	166	0	0	0	0	0.0	0.0	0.0	0.0	6.0e-6	0.0	0.0	0.0	0.0	0.0	0.0	0.0	0.0	6254.68	0.0	0.0	0.0	0.0	0.0	0.0	0.0	0.0	37.6788	0.0	0.0	0.0	0.0	0	0	0	0	34	0	0	0	0	0	0	0	0	0	0	0	0	0	0	0	0	0	132	0	0	0	0	0	0	0	0	0	0	0	0	0	0	0	0	0	0	0	0	0	0	0	0	0	0	0	0	0	0	0	0.0	0.0	0.0	0.0	0.0	0.0	0.0	0.0	0.0	0.0	0.0	0.0	0.0	1.0	0.0	0.0	0.0	0.0	
169	169	6617.426979573	2514.95	2514.95	0.000407	0.0	0	0	0	0	167	0	0	0	0	0.0	0.0	0.0	0.0	5.0e-6	0.0	0.0	0.0	0.0	0.0	0.0	0.0	0.0	6416.3	0.0	0.0	0.0	0.0	0.0	0.0	0.0	0.0	38.421	0.0	0.0	0.0	0.0	0	0	0	0	34	0	0	0	0	0	0	0	0	0	0	0	0	0	0	0	0	0	133	0	0	0	0	0	0	0	0	0	0	0	0	0	0	0	0	0	0	0	0	0	0	0	0	0	0	0	0	0	0	0	0.0	0.0	0.0	0.0	0.0	0.0	0.0	0.0	0.0	0.0	0.0	0.0	0.0	1.0	0.0	0.0	0.0	0.0	
170	170	6622.487161746	2514.95	2514.95	0.000298	0.0	0	0	0	0	168	0	0	0	0	0.0	0.0	0.0	0.0	5.0e-6	0.0	0.0	0.0	0.0	0.0	0.0	0.0	0.0	6421.36	0.0	0.0	0.0	0.0	0.0	0.0	0.0	0.0	38.2224	0.0	0.0	0.0	0.0	0	0	0	0	34	0	0	0	0	0	0	0	0	0	0	0	0	0	0	0	0	0	134	0	0	0	0	0	0	0	0	0	0	0	0	0	0	0	0	0	0	0	0	0	0	0	0	0	0	0	0	0	0	0	0.0	0.0	0.0	0.0	0.0	0.0	0.0	0.0	0.0	0.0	0.0	0.0	0.0	1.0	0.0	0.0	0.0	0.0	
171	171	6764.820078961	2504.15	2504.15	0.000295	0.0	0	0	0	0	169	0	0	0	0	0.0	0.0	0.0	0.0	0.100004	0.0	0.0	0.0	0.0	0.0	0.0	0.0	0.0	6563.7	0.0	0.0	0.0	0.0	0.0	0.0	0.0	0.0	38.8384	0.0	0.0	0.0	0.0	0	0	0	0	35	0	0	0	0	0	0	0	0	0	0	0	0	0	0	0	0	0	134	0	0	0	0	0	0	0	0	0	0	0	0	0	0	0	0	0	0	0	0	0	0	0	0	0	0	0	0	0	0	0	0.0	0.0	0.0	0.0	6.6e-5	0.0	0.0	0.0	0.0	0.0	0.0	0.0	0.0	1.0	0.0	0.0	0.0	0.0	
172	172	6855.300973268	2504.15	2504.15	0.000225	0.0	0	0	0	0	170	0	0	0	0	0.0	0.0	0.0	0.0	0.090004	0.0	0.0	0.0	0.0	0.0	0.0	0.0	0.0	6654.18	0.0	0.0	0.0	0.0	0.0	0.0	0.0	0.0	39.1422	0.0	0.0	0.0	0.0	0	0	0	0	35	0	0	0	0	0	0	0	0	0	0	0	0	0	0	0	0	0	135	0	0	0	0	0	0	0	0	0	0	0	0	0	0	0	0	0	0	0	0	0	0	0	0	0	0	0	0	0	0	0	0.0	0.0	0.0	0.0	5.9e-5	0.0	0.0	0.0	0.0	0.0	0.0	0.0	0.0	1.0	0.0	0.0	0.0	0.0	
173	173	6868.504851723	2503.15	2503.15	0.000189	0.0	0	0	0	0	171	0	0	0	0	0.0	0.0	0.0	0.0	0.181003	0.0	0.0	0.0	0.0	0.0	0.0	0.0	0.0	6667.38	0.0	0.0	0.0	0.0	0.0	0.0	0.0	0.0	38.9905	0.0	0.0	0.0	0.0	0	0	0	0	36	0	0	0	0	0	0	0	0	0	0	0	0	0	0	0	0	0	135	0	0	0	0	0	0	0	0	0	0	0	0	0	0	0	0	0	0	0	0	0	0	0	0	0	0	0	0	0	0	0	0.0	0.0	0.0	0.0	0.000119	0.0	0.0	0.0	0.0	0.0	0.0	0.0	0.0	1.0	0.0	0.0	0.0	0.0	
174	174	6873.934143404	2503.15	2503.15	0.000184	0.0	0	0	0	0	172	0	0	0	0	0.0	0.0	0.0	0.0	0.162903	0.0	0.0	0.0	0.0	0.0	0.0	0.0	0.0	6672.81	0.0	0.0	0.0	0.0	0.0	0.0	0.0	0.0	38.7954	0.0	0.0	0.0	0.0	0	0	0	0	36	0	0	0	0	0	0	0	0	0	0	0	0	0	0	0	0	0	136	0	0	0	0	0	0	0	0	0	0	0	0	0	0	0	0	0	0	0	0	0	0	0	0	0	0	0	0	0	0	0	0.0	0.0	0.0	0.0	0.000108	0.0	0.0	0.0	0.0	0.0	0.0	0.0	0.0	1.0	0.0	0.0	0.0	0.0	
175	175	6880.086607695	2503.15	2503.15	0.000182	0.0	0	0	0	0	173	0	0	0	0	0.0	0.0	0.0	0.0	0.146613	0.0	0.0	0.0	0.0	0.0	0.0	0.0	0.0	6678.96	0.0	0.0	0.0	0.0	0.0	0.0	0.0	0.0	38.6067	0.0	0.0	0.0	0.0	0	0	0	0	36	0	0	0	0	0	0	0	0	0	0	0	0	0	0	0	0	0	137	0	0	0	0	0	0	0	0	0	0	0	0	0	0	0	0	0	0	0	0	0	0	0	0	0	0	0	0	0	0	0	0.0	0.0	0.0	0.0	9.8e-5	0.0	0.0	0.0	0.0	0.0	0.0	0.0	0.0	1.0	0.0	0.0	0.0	0.0	
176	176	6888.617116025	2503.15	2503.15	0.00018	0.0	0	0	0	0	174	0	0	0	0	0.0	0.0	0.0	0.0	0.131951	0.0	0.0	0.0	0.0	0.0	0.0	0.0	0.0	6687.49	0.0	0.0	0.0	0.0	0.0	0.0	0.0	0.0	38.4339	0.0	0.0	0.0	0.0	0	0	0	0	36	0	0	0	0	0	0	0	0	0	0	0	0	0	0	0	0	0	138	0	0	0	0	0	0	0	0	0	0	0	0	0	0	0	0	0	0	0	0	0	0	0	0	0	0	0	0	0	0	0	0.0	0.0	0.0	0.0	8.9e-5	0.0	0.0	0.0	0.0	0.0	0.0	0.0	0.0	1.0	0.0	0.0	0.0	0.0	
177	177	6891.460339499	2503.15	2503.15	0.000177	0.0	0	0	0	0	175	0	0	0	0	0.0	0.0	0.0	0.0	0.118756	0.0	0.0	0.0	0.0	0.0	0.0	0.0	0.0	6690.34	0.0	0.0	0.0	0.0	0.0	0.0	0.0	0.0	38.2305	0.0	0.0	0.0	0.0	0	0	0	0	36	0	0	0	0	0	0	0	0	0	0	0	0	0	0	0	0	0	139	0	0	0	0	0	0	0	0	0	0	0	0	0	0	0	0	0	0	0	0	0	0	0	0	0	0	0	0	0	0	0	0.0	0.0	0.0	0.0	8.1e-5	0.0	0.0	0.0	0.0	0.0	0.0	0.0	0.0	1.0	0.0	0.0	0.0	0.0	
178	178	6992.994421231	2499.65	2499.65	0.000176	0.0	0	0	0	0	176	0	0	0	0	0.0	0.0	0.0	0.0	0.206881	0.0	0.0	0.0	0.0	0.0	0.0	0.0	0.0	6791.87	0.0	0.0	0.0	0.0	0.0	0.0	0.0	0.0	38.5902	0.0	0.0	0.0	0.0	0	0	0	0	37	0	0	0	0	0	0	0	0	0	0	0	0	0	0	0	0	0	139	0	0	0	0	0	0	0	0	0	0	0	0	0	0	0	0	0	0	0	0	0	0	0	0	0	0	0	0	0	0	0	0.0	0.0	0.0	0.0	0.000139	0.0	0.0	0.0	0.0	0.0	0.0	0.0	0.0	1.0	0.0	0.0	0.0	0.0	
179	179	6997.931096237	2499.65	2499.65	0.000145	0.0	0	0	0	0	177	0	0	0	0	0.0	0.0	0.0	0.0	0.186193	0.0	0.0	0.0	0.0	0.0	0.0	0.0	0.0	6796.81	0.0	0.0	0.0	0.0	0.0	0.0	0.0	0.0	38.4	0.0	0.0	0.0	0.0	0	0	0	0	37	0	0	0	0	0	0	0	0	0	0	0	0	0	0	0	0	0	140	0	0	0	0	0	0	0	0	0	0	0	0	0	0	0	0	0	0	0	0	0	0	0	0	0	0	0	0	0	0	0	0.0	0.0	0.0	0.0	0.000126	0.0	0.0	0.0	0.0	0.0	0.0	0.0	0.0	1.0	0.0	0.0	0.0	0.0	
180	180	7008.015052257	2499.65	2499.65	0.000143	0.0	0	0	0	0	178	0	0	0	0	0.0	0.0	0.0	0.0	0.167573	0.0	0.0	0.0	0.0	0.0	0.0	0.0	0.0	6806.89	0.0	0.0	0.0	0.0	0.0	0.0	0.0	0.0	38.241	0.0	0.0	0.0	0.0	0	0	0	0	37	0	0	0	0	0	0	0	0	0	0	0	0	0	0	0	0	0	141	0	0	0	0	0	0	0	0	0	0	0	0	0	0	0	0	0	0	0	0	0	0	0	0	0	0	0	0	0	0	0	0.0	0.0	0.0	0.0	0.000115	0.0	0.0	0.0	0.0	0.0	0.0	0.0	0.0	1.0	0.0	0.0	0.0	0.0	
181	181	7013.650404162	2499.65	2499.65	0.000141	0.0	0	0	0	0	179	0	0	0	0	0.0	0.0	0.0	0.0	0.150816	0.0	0.0	0.0	0.0	0.0	0.0	0.0	0.0	6812.53	0.0	0.0	0.0	0.0	0.0	0.0	0.0	0.0	38.0588	0.0	0.0	0.0	0.0	0	0	0	0	37	0	0	0	0	0	0	0	0	0	0	0	0	0	0	0	0	0	142	0	0	0	0	0	0	0	0	0	0	0	0	0	0	0	0	0	0	0	0	0	0	0	0	0	0	0	0	0	0	0	0.0	0.0	0.0	0.0	0.000104	0.0	0.0	0.0	0.0	0.0	0.0	0.0	0.0	1.0	0.0	0.0	0.0	0.0	
182	182	7029.031250491	2499.65	2499.65	0.000139	0.0	0	0	0	0	180	0	0	0	0	0.0	0.0	0.0	0.0	0.135734	0.0	0.0	0.0	0.0	0.0	0.0	0.0	0.0	6827.91	0.0	0.0	0.0	0.0	0.0	0.0	0.0	0.0	37.9328	0.0	0.0	0.0	0.0	0	0	0	0	37	0	0	0	0	0	0	0	0	0	0	0	0	0	0	0	0	0	143	0	0	0	0	0	0	0	0	0	0	0	0	0	0	0	0	0	0	0	0	0	0	0	0	0	0	0	0	0	0	0	0.0	0.0	0.0	0.0	9.4e-5	0.0	0.0	0.0	0.0	0.0	0.0	0.0	0.0	1.0	0.0	0.0	0.0	0.0	
183	183	7039.685203936	2499.65	2499.65	0.000135	0.0	0	0	0	0	181	0	0	0	0	0.0	0.0	0.0	0.0	0.122161	0.0	0.0	0.0	0.0	0.0	0.0	0.0	0.0	6838.56	0.0	0.0	0.0	0.0	0.0	0.0	0.0	0.0	37.7821	0.0	0.0	0.0	0.0	0	0	0	0	37	0	0	0	0	0	0	0	0	0	0	0	0	0	0	0	0	0	144	0	0	0	0	0	0	0	0	0	0	0	0	0	0	0	0	0	0	0	0	0	0	0	0	0	0	0	0	0	0	0	0.0	0.0	0.0	0.0	8.6e-5	0.0	0.0	0.0	0.0	0.0	0.0	0.0	0.0	1.0	0.0	0.0	0.0	0.0	
184	184	7044.536913953	2499.65	2499.65	0.000132	0.0	0	0	0	0	182	0	0	0	0	0.0	0.0	0.0	0.0	0.109945	0.0	0.0	0.0	0.0	0.0	0.0	0.0	0.0	6843.41	0.0	0.0	0.0	0.0	0.0	0.0	0.0	0.0	37.6012	0.0	0.0	0.0	0.0	0	0	0	0	37	0	0	0	0	0	0	0	0	0	0	0	0	0	0	0	0	0	145	0	0	0	0	0	0	0	0	0	0	0	0	0	0	0	0	0	0	0	0	0	0	0	0	0	0	0	0	0	0	0	0.0	0.0	0.0	0.0	7.8e-5	0.0	0.0	0.0	0.0	0.0	0.0	0.0	0.0	1.0	0.0	0.0	0.0	0.0	
185	185	7147.623583382	2499.65	2499.65	0.000131	0.0	0	0	0	0	183	0	0	0	0	0.0	0.0	0.0	0.0	0.09895	0.0	0.0	0.0	0.0	0.0	0.0	0.0	0.0	6946.5	0.0	0.0	0.0	0.0	0.0	0.0	0.0	0.0	37.959	0.0	0.0	0.0	0.0	0	0	0	0	37	0	0	0	0	0	0	0	0	0	0	0	0	0	0	0	0	0	146	0	0	0	0	0	0	0	0	0	0	0	0	0	0	0	0	0	0	0	0	0	0	0	0	0	0	0	0	0	0	0	0.0	0.0	0.0	0.0	6.9e-5	0.0	0.0	0.0	0.0	0.0	0.0	0.0	0.0	1.0	0.0	0.0	0.0	0.0	
186	186	7157.625038027	2499.65	2499.65	0.000108	0.0	0	0	0	0	184	0	0	0	0	0.0	0.0	0.0	0.0	0.089055	0.0	0.0	0.0	0.0	0.0	0.0	0.0	0.0	6956.5	0.0	0.0	0.0	0.0	0.0	0.0	0.0	0.0	37.8071	0.0	0.0	0.0	0.0	0	0	0	0	37	0	0	0	0	0	0	0	0	0	0	0	0	0	0	0	0	0	147	0	0	0	0	0	0	0	0	0	0	0	0	0	0	0	0	0	0	0	0	0	0	0	0	0	0	0	0	0	0	0	0.0	0.0	0.0	0.0	6.2e-5	0.0	0.0	0.0	0.0	0.0	0.0	0.0	0.0	1.0	0.0	0.0	0.0	0.0	
187	188	7162.898776022	2499.65	2499.65	0.000105	0.0	0	0	0	0	186	0	0	0	0	0.0	0.0	0.0	0.0	0.072135	0.0	0.0	0.0	0.0	0.0	0.0	0.0	0.0	6961.78	0.0	0.0	0.0	0.0	0.0	0.0	0.0	0.0	37.4289	0.0	0.0	0.0	0.0	0	0	0	0	37	0	0	0	0	0	0	0	0	0	0	0	0	0	0	0	0	0	149	0	0	0	0	0	0	0	0	0	0	0	0	0	0	0	0	0	0	0	0	0	0	0	0	0	0	0	0	0	0	0	0.0	0.0	0.0	0.0	5.1e-5	0.0	0.0	0.0	0.0	0.0	0.0	0.0	0.0	1.0	0.0	0.0	0.0	0.0	
188	189	7167.668953028	2499.65	2499.65	0.000104	0.0	0	0	0	0	187	0	0	0	0	0.0	0.0	0.0	0.0	0.064921	0.0	0.0	0.0	0.0	0.0	0.0	0.0	0.0	6966.55	0.0	0.0	0.0	0.0	0.0	0.0	0.0	0.0	37.2543	0.0	0.0	0.0	0.0	0	0	0	0	37	0	0	0	0	0	0	0	0	0	0	0	0	0	0	0	0	0	150	0	0	0	0	0	0	0	0	0	0	0	0	0	0	0	0	0	0	0	0	0	0	0	0	0	0	0	0	0	0	0	0.0	0.0	0.0	0.0	4.7e-5	0.0	0.0	0.0	0.0	0.0	0.0	0.0	0.0	1.0	0.0	0.0	0.0	0.0	
189	190	7169.264435881	2499.65	2499.65	0.000103	0.0	0	0	0	0	188	0	0	0	0	0.0	0.0	0.0	0.0	0.058429	0.0	0.0	0.0	0.0	0.0	0.0	0.0	0.0	6968.14	0.0	0.0	0.0	0.0	0.0	0.0	0.0	0.0	37.0646	0.0	0.0	0.0	0.0	0	0	0	0	37	0	0	0	0	0	0	0	0	0	0	0	0	0	0	0	0	0	151	0	0	0	0	0	0	0	0	0	0	0	0	0	0	0	0	0	0	0	0	0	0	0	0	0	0	0	0	0	0	0	0.0	0.0	0.0	0.0	4.3e-5	0.0	0.0	0.0	0.0	0.0	0.0	0.0	0.0	1.0	0.0	0.0	0.0	0.0	
190	191	7175.216281961	2499.65	2499.65	0.000103	0.0	0	0	0	0	189	0	0	0	0	0.0	0.0	0.0	0.0	0.052586	0.0	0.0	0.0	0.0	0.0	0.0	0.0	0.0	6974.09	0.0	0.0	0.0	0.0	0.0	0.0	0.0	0.0	36.9	0.0	0.0	0.0	0.0	0	0	0	0	37	0	0	0	0	0	0	0	0	0	0	0	0	0	0	0	0	0	152	0	0	0	0	0	0	0	0	0	0	0	0	0	0	0	0	0	0	0	0	0	0	0	0	0	0	0	0	0	0	0	0.0	0.0	0.0	0.0	3.9e-5	0.0	0.0	0.0	0.0	0.0	0.0	0.0	0.0	1.0	0.0	0.0	0.0	0.0	
191	193	7183.301829216	2498.15	2498.15	0.000102	0.0	0	0	0	0	191	0	0	0	0	0.0	0.0	0.0	0.0	0.142595	0.0	0.0	0.0	0.0	0.0	0.0	0.0	0.0	6982.18	0.0	0.0	0.0	0.0	0.0	0.0	0.0	0.0	36.5559	0.0	0.0	0.0	0.0	0	0	0	0	38	0	0	0	0	0	0	0	0	0	0	0	0	0	0	0	0	0	153	0	0	0	0	0	0	0	0	0	0	0	0	0	0	0	0	0	0	0	0	0	0	0	0	0	0	0	0	0	0	0	0.0	0.0	0.0	0.0	0.000107	0.0	0.0	0.0	0.0	0.0	0.0	0.0	0.0	1.0	0.0	0.0	0.0	0.0	
192	194	7194.621721198	2498.15	2498.15	0.0001	0.0	0	0	0	0	192	0	0	0	0	0.0	0.0	0.0	0.0	0.128335	0.0	0.0	0.0	0.0	0.0	0.0	0.0	0.0	6993.5	0.0	0.0	0.0	0.0	0.0	0.0	0.0	0.0	36.4245	0.0	0.0	0.0	0.0	0	0	0	0	38	0	0	0	0	0	0	0	0	0	0	0	0	0	0	0	0	0	154	0	0	0	0	0	0	0	0	0	0	0	0	0	0	0	0	0	0	0	0	0	0	0	0	0	0	0	0	0	0	0	0.0	0.0	0.0	0.0	9.7e-5	0.0	0.0	0.0	0.0	0.0	0.0	0.0	0.0	1.0	0.0	0.0	0.0	0.0	
193	194	7194.621732982	2498.15	2498.15	9.8e-5	0.0	0	0	0	0	192	0	0	0	0	0.0	0.0	0.0	0.0	0.128335	0.0	0.0	0.0	0.0	0.0	0.0	0.0	0.0	6993.5	0.0	0.0	0.0	0.0	0.0	0.0	0.0	0.0	36.4245	0.0	0.0	0.0	0.0	0	0	0	0	38	0	0	0	0	0	0	0	0	0	0	0	0	0	0	0	0	0	154	0	0	0	0	0	0	0	0	0	0	0	0	0	0	0	0	0	0	0	0	0	0	0	0	0	0	0	0	0	0	0	0.0	0.0	0.0	0.0	9.7e-5	0.0	0.0	0.0	0.0	0.0	0.0	0.0	0.0	1.0	0.0	0.0	0.0	0.0	
