0 4;125;77;90
3 5;42;6;130
3 5;42;39;53
3 5;42;81;44
3 4;42;39;125
1 3;50;48;18
0 3;50;122;73
0 3;50;59;73
0 3;50;59;25
3 4;42;1;125
3 5;42;127;130
0 3;24;122;73
3 4;42;20;125
3 5;42;6;35
3 4;42;81;32
3 5;42;39;35
0 4;36;86;42
1 3;24;48;55
3 4;42;1;125
3 4;42;13;125
3 5;42;81;71
0 3;50;30;25
3 4;42;81;125
3 4;42;13;92
0 4;36;76;44
0 4;36;5;91
3 4;42;127;125
0 3;24;59;25
0 3;50;122;73
3 5;42;127;130
0 5;36;59;53
0 5;36;76;110
3 5;42;81;44
3 4;42;81;125
1 5;36;74;112
0 4;36;76;32
3 5;42;1;35
0 4;36;5;123
0 4;36;59;118
3 4;42;46;90
0 4;36;40;102
0 4;36;5;139
0 4;36;76;92
1 3;24;48;55
1 3;24;48;2
0 3;50;36;73
0 4;36;76;32
3 4;42;6;92
3 4;42;127;125
0 3;94;122;25
0 4;36;40;92
3 4;42;127;125
3 5;42;1;71
0 3;50;122;2
3 5;42;6;130
3 5;42;6;112
0 4;125;77;90
3 5;42;6;130
3 5;42;39;53
3 5;42;81;44
3 4;42;39;125
1 3;50;48;18
0 3;50;122;73
0 3;50;59;73
0 3;50;59;25
3 4;42;1;125
3 5;42;127;130
0 3;24;122;73
3 4;42;20;125
3 5;42;6;35
3 4;42;81;32
3 5;42;39;35
0 4;36;86;42
1 3;24;48;55
3 4;42;1;125
3 4;42;13;125
3 5;42;81;71
0 3;50;30;25
3 4;42;81;125
3 4;42;13;92
0 4;36;76;44
0 4;36;5;91
3 4;42;127;125
0 3;24;59;25
0 3;50;122;73
3 5;42;127;130
0 5;36;59;53
0 5;36;76;110
3 5;42;81;44
3 4;42;81;125
1 5;36;74;112
0 4;36;76;32
3 5;42;1;35
0 4;36;5;123
0 4;36;59;118
3 4;42;46;90
0 4;36;40;102
0 4;36;5;139
0 4;36;76;92
1 3;24;48;55
1 3;24;48;2
0 3;50;36;73
0 4;36;76;32
3 4;42;6;92
3 4;42;127;125
0 3;94;122;25
0 4;36;40;92
3 4;42;127;125
3 5;42;1;71
0 3;50;122;2
3 5;42;6;130
3 5;42;6;112
